demo_variable	subgroup	feature	feature_value	count
by_gender	female	chromosome	chr1	1425
by_gender	female	chromosome	chr10	577
by_gender	female	chromosome	chr11	893
by_gender	female	chromosome	chr12	845
by_gender	female	chromosome	chr13	298
by_gender	female	chromosome	chr14	485
by_gender	female	chromosome	chr15	493
by_gender	female	chromosome	chr16	605
by_gender	female	chromosome	chr17	860
by_gender	female	chromosome	chr18	268
by_gender	female	chromosome	chr19	1085
by_gender	female	chromosome	chr2	1095
by_gender	female	chromosome	chr20	399
by_gender	female	chromosome	chr21	143
by_gender	female	chromosome	chr22	304
by_gender	female	chromosome	chr3	917
by_gender	female	chromosome	chr4	644
by_gender	female	chromosome	chr5	777
by_gender	female	chromosome	chr6	774
by_gender	female	chromosome	chr7	760
by_gender	female	chromosome	chr8	511
by_gender	female	chromosome	chr9	634
by_gender	female	chromosome	chrX	476
by_gender	female	clin_sig	benign	2
by_gender	female	clin_sig	benign;likely_benign	1
by_gender	female	clin_sig	benign;likely_benign;uncertain_significance	1
by_gender	female	clin_sig	conflicting_interpretations_of_pathogenicity;likely_pathogenic	1
by_gender	female	clin_sig	conflicting_interpretations_of_pathogenicity;likely_pathogenic;uncertain_significance	1
by_gender	female	clin_sig	conflicting_interpretations_of_pathogenicity;pathogenic;pathogenic;_other;likely_pathogenic	1
by_gender	female	clin_sig	conflicting_interpretations_of_pathogenicity;uncertain_significance	1
by_gender	female	clin_sig	likely_benign	4
by_gender	female	clin_sig	likely_benign;benign/likely_benign	1
by_gender	female	clin_sig	likely_benign;uncertain_significance	3
by_gender	female	clin_sig	likely_benign;uncertain_significance;not_provided	1
by_gender	female	clin_sig	likely_pathogenic	12
by_gender	female	clin_sig	likely_pathogenic;conflicting_interpretations_of_pathogenicity	1
by_gender	female	clin_sig	likely_pathogenic;not_provided;pathogenic	1
by_gender	female	clin_sig	likely_pathogenic;pathogenic	23
by_gender	female	clin_sig	likely_pathogenic;pathogenic/likely_pathogenic	1
by_gender	female	clin_sig	likely_pathogenic;pathogenic;pathogenic/likely_pathogenic	1
by_gender	female	clin_sig	likely_pathogenic;uncertain_significance	2
by_gender	female	clin_sig	not_provided	1
by_gender	female	clin_sig	not_provided;likely_pathogenic	1
by_gender	female	clin_sig	pathogenic	62
by_gender	female	clin_sig	pathogenic/likely_pathogenic	1
by_gender	female	clin_sig	pathogenic;conflicting_interpretations_of_pathogenicity	1
by_gender	female	clin_sig	pathogenic;likely_pathogenic	24
by_gender	female	clin_sig	pathogenic;likely_pathogenic;not_provided	2
by_gender	female	clin_sig	pathogenic;likely_pathogenic;pathogenic/likely_pathogenic	2
by_gender	female	clin_sig	pathogenic;pathogenic/likely_pathogenic	1
by_gender	female	clin_sig	pathogenic;pathogenic/likely_pathogenic;uncertain_significance	1
by_gender	female	clin_sig	pathogenic;uncertain_significance;likely_benign	1
by_gender	female	clin_sig	risk_factor	1
by_gender	female	clin_sig	risk_factor;likely_pathogenic	1
by_gender	female	clin_sig	uncertain_significance	164
by_gender	female	clin_sig	uncertain_significance;conflicting_interpretations_of_pathogenicity	1
by_gender	female	clin_sig	uncertain_significance;likely_benign	1
by_gender	female	clin_sig	uncertain_significance;likely_pathogenic	3
by_gender	female	clin_sig	uncertain_significance;likely_pathogenic;drug_response	1
by_gender	female	clin_sig	uncertain_significance;not_provided	1
by_gender	female	clin_sig	uncertain_significance;pathogenic	3
by_gender	female	clin_sig	uncertain_significance;pathogenic;likely_pathogenic	2
by_gender	female	consequence	3_prime_UTR_variant	42
by_gender	female	consequence	3_prime_UTR_variant;NMD_transcript_variant	9
by_gender	female	consequence	5_prime_UTR_variant	20
by_gender	female	consequence	downstream_gene_variant	27
by_gender	female	consequence	frameshift_variant	144
by_gender	female	consequence	frameshift_variant;splice_region_variant	4
by_gender	female	consequence	frameshift_variant;splice_region_variant;NMD_transcript_variant	1
by_gender	female	consequence	inframe_deletion	18
by_gender	female	consequence	inframe_deletion;splice_region_variant	1
by_gender	female	consequence	inframe_insertion	2
by_gender	female	consequence	intron_variant	196
by_gender	female	consequence	intron_variant;NMD_transcript_variant	3
by_gender	female	consequence	intron_variant;non_coding_transcript_variant	4
by_gender	female	consequence	mature_miRNA_variant	10
by_gender	female	consequence	missense_variant	13013
by_gender	female	consequence	missense_variant;NMD_transcript_variant	23
by_gender	female	consequence	missense_variant;splice_region_variant	347
by_gender	female	consequence	non_coding_transcript_exon_variant	108
by_gender	female	consequence	protein_altering_variant	2
by_gender	female	consequence	splice_acceptor_variant	208
by_gender	female	consequence	splice_acceptor_variant;NMD_transcript_variant	2
by_gender	female	consequence	splice_acceptor_variant;coding_sequence_variant;intron_variant	1
by_gender	female	consequence	splice_acceptor_variant;intron_variant	1
by_gender	female	consequence	splice_acceptor_variant;non_coding_transcript_variant	1
by_gender	female	consequence	splice_donor_variant	117
by_gender	female	consequence	splice_donor_variant;NMD_transcript_variant	1
by_gender	female	consequence	splice_donor_variant;coding_sequence_variant	1
by_gender	female	consequence	splice_donor_variant;coding_sequence_variant;intron_variant	4
by_gender	female	consequence	splice_donor_variant;non_coding_transcript_variant	1
by_gender	female	consequence	splice_region_variant;3_prime_UTR_variant;NMD_transcript_variant	1
by_gender	female	consequence	splice_region_variant;5_prime_UTR_variant	3
by_gender	female	consequence	splice_region_variant;intron_variant	2
by_gender	female	consequence	splice_region_variant;non_coding_transcript_exon_variant	1
by_gender	female	consequence	start_lost	7
by_gender	female	consequence	stop_gained	882
by_gender	female	consequence	stop_gained;splice_region_variant	27
by_gender	female	consequence	stop_lost	4
by_gender	female	consequence	stop_lost;splice_region_variant	1
by_gender	female	consequence	stop_retained_variant	4
by_gender	female	consequence	upstream_gene_variant	25
by_gender	female	hugo_symbol	A1BG	1
by_gender	female	hugo_symbol	A2M	1
by_gender	female	hugo_symbol	A2ML1	4
by_gender	female	hugo_symbol	A3GALT2	1
by_gender	female	hugo_symbol	AAAS	1
by_gender	female	hugo_symbol	AACS	1
by_gender	female	hugo_symbol	AADACL2	1
by_gender	female	hugo_symbol	AADACL3	1
by_gender	female	hugo_symbol	AADACL4	1
by_gender	female	hugo_symbol	AAGAB	1
by_gender	female	hugo_symbol	AAMP	1
by_gender	female	hugo_symbol	AARD	1
by_gender	female	hugo_symbol	AARS1	1
by_gender	female	hugo_symbol	AARS2	3
by_gender	female	hugo_symbol	AASDH	2
by_gender	female	hugo_symbol	AASS	1
by_gender	female	hugo_symbol	AATK	1
by_gender	female	hugo_symbol	ABAT	1
by_gender	female	hugo_symbol	ABCA1	5
by_gender	female	hugo_symbol	ABCA10	1
by_gender	female	hugo_symbol	ABCA12	7
by_gender	female	hugo_symbol	ABCA13	7
by_gender	female	hugo_symbol	ABCA2	5
by_gender	female	hugo_symbol	ABCA3	2
by_gender	female	hugo_symbol	ABCA4	4
by_gender	female	hugo_symbol	ABCA5	4
by_gender	female	hugo_symbol	ABCA6	2
by_gender	female	hugo_symbol	ABCA7	3
by_gender	female	hugo_symbol	ABCA8	6
by_gender	female	hugo_symbol	ABCA9	7
by_gender	female	hugo_symbol	ABCB1	3
by_gender	female	hugo_symbol	ABCB10	2
by_gender	female	hugo_symbol	ABCB11	2
by_gender	female	hugo_symbol	ABCB5	4
by_gender	female	hugo_symbol	ABCB6	2
by_gender	female	hugo_symbol	ABCC10	1
by_gender	female	hugo_symbol	ABCC11	1
by_gender	female	hugo_symbol	ABCC2	2
by_gender	female	hugo_symbol	ABCC3	2
by_gender	female	hugo_symbol	ABCC4	3
by_gender	female	hugo_symbol	ABCC5	2
by_gender	female	hugo_symbol	ABCC6	1
by_gender	female	hugo_symbol	ABCC8	1
by_gender	female	hugo_symbol	ABCC9	2
by_gender	female	hugo_symbol	ABCD2	1
by_gender	female	hugo_symbol	ABCD3	1
by_gender	female	hugo_symbol	ABCE1	1
by_gender	female	hugo_symbol	ABCF1	1
by_gender	female	hugo_symbol	ABCF3	1
by_gender	female	hugo_symbol	ABCG1	2
by_gender	female	hugo_symbol	ABCG2	1
by_gender	female	hugo_symbol	ABCG4	1
by_gender	female	hugo_symbol	ABCG5	2
by_gender	female	hugo_symbol	ABHD1	1
by_gender	female	hugo_symbol	ABHD11	1
by_gender	female	hugo_symbol	ABHD12	1
by_gender	female	hugo_symbol	ABHD13	1
by_gender	female	hugo_symbol	ABHD15	1
by_gender	female	hugo_symbol	ABHD16A	2
by_gender	female	hugo_symbol	ABHD17A	1
by_gender	female	hugo_symbol	ABHD17B	2
by_gender	female	hugo_symbol	ABHD6	2
by_gender	female	hugo_symbol	ABI2	1
by_gender	female	hugo_symbol	ABI3BP	3
by_gender	female	hugo_symbol	ABL1	6
by_gender	female	hugo_symbol	ABL2	2
by_gender	female	hugo_symbol	ABLIM1	3
by_gender	female	hugo_symbol	ABLIM2	1
by_gender	female	hugo_symbol	ABLIM3	1
by_gender	female	hugo_symbol	ABO	1
by_gender	female	hugo_symbol	ABR	1
by_gender	female	hugo_symbol	ABRA	1
by_gender	female	hugo_symbol	ABRAXAS1	2
by_gender	female	hugo_symbol	ABTB1	1
by_gender	female	hugo_symbol	ABTB2	1
by_gender	female	hugo_symbol	AC004593.2	1
by_gender	female	hugo_symbol	AC004832.3	1
by_gender	female	hugo_symbol	AC005833.1	1
by_gender	female	hugo_symbol	AC006059.2	1
by_gender	female	hugo_symbol	AC008397.2	2
by_gender	female	hugo_symbol	AC013489.1	2
by_gender	female	hugo_symbol	AC017104.4	1
by_gender	female	hugo_symbol	AC020907.6	1
by_gender	female	hugo_symbol	AC024598.1	1
by_gender	female	hugo_symbol	AC024940.1	2
by_gender	female	hugo_symbol	AC068580.4	1
by_gender	female	hugo_symbol	AC073310.1	1
by_gender	female	hugo_symbol	AC090517.4	3
by_gender	female	hugo_symbol	AC092143.1	1
by_gender	female	hugo_symbol	AC092718.9	2
by_gender	female	hugo_symbol	AC093525.2	1
by_gender	female	hugo_symbol	AC097637.1	1
by_gender	female	hugo_symbol	AC098582.1	1
by_gender	female	hugo_symbol	AC132217.2	1
by_gender	female	hugo_symbol	ACAA1	1
by_gender	female	hugo_symbol	ACACA	4
by_gender	female	hugo_symbol	ACACB	6
by_gender	female	hugo_symbol	ACAD10	1
by_gender	female	hugo_symbol	ACAD11	2
by_gender	female	hugo_symbol	ACAD9	1
by_gender	female	hugo_symbol	ACADL	1
by_gender	female	hugo_symbol	ACADS	1
by_gender	female	hugo_symbol	ACADSB	1
by_gender	female	hugo_symbol	ACAN	5
by_gender	female	hugo_symbol	ACAP1	1
by_gender	female	hugo_symbol	ACAP2	1
by_gender	female	hugo_symbol	ACAT1	3
by_gender	female	hugo_symbol	ACBD3	2
by_gender	female	hugo_symbol	ACCSL	2
by_gender	female	hugo_symbol	ACE2	2
by_gender	female	hugo_symbol	ACER1	1
by_gender	female	hugo_symbol	ACHE	1
by_gender	female	hugo_symbol	ACIN1	3
by_gender	female	hugo_symbol	ACKR2	1
by_gender	female	hugo_symbol	ACKR4	1
by_gender	female	hugo_symbol	ACLY	2
by_gender	female	hugo_symbol	ACOT12	1
by_gender	female	hugo_symbol	ACOT7	1
by_gender	female	hugo_symbol	ACOT8	1
by_gender	female	hugo_symbol	ACOX2	1
by_gender	female	hugo_symbol	ACOX3	1
by_gender	female	hugo_symbol	ACOXL	1
by_gender	female	hugo_symbol	ACP4	1
by_gender	female	hugo_symbol	ACR	1
by_gender	female	hugo_symbol	ACRV1	2
by_gender	female	hugo_symbol	ACSBG1	1
by_gender	female	hugo_symbol	ACSBG2	2
by_gender	female	hugo_symbol	ACSF2	1
by_gender	female	hugo_symbol	ACSF3	1
by_gender	female	hugo_symbol	ACSL3	3
by_gender	female	hugo_symbol	ACSL4	2
by_gender	female	hugo_symbol	ACSL5	1
by_gender	female	hugo_symbol	ACSM2A	1
by_gender	female	hugo_symbol	ACSM2B	1
by_gender	female	hugo_symbol	ACSM3	1
by_gender	female	hugo_symbol	ACSM4	1
by_gender	female	hugo_symbol	ACSM5	3
by_gender	female	hugo_symbol	ACSS2	1
by_gender	female	hugo_symbol	ACSS3	2
by_gender	female	hugo_symbol	ACTA1	1
by_gender	female	hugo_symbol	ACTA2	1
by_gender	female	hugo_symbol	ACTBL2	1
by_gender	female	hugo_symbol	ACTC1	1
by_gender	female	hugo_symbol	ACTG2	1
by_gender	female	hugo_symbol	ACTL7A	1
by_gender	female	hugo_symbol	ACTL7B	1
by_gender	female	hugo_symbol	ACTL9	4
by_gender	female	hugo_symbol	ACTN1	1
by_gender	female	hugo_symbol	ACTN2	2
by_gender	female	hugo_symbol	ACTN3	2
by_gender	female	hugo_symbol	ACTR10	1
by_gender	female	hugo_symbol	ACTR5	1
by_gender	female	hugo_symbol	ACTR8	1
by_gender	female	hugo_symbol	ACVR1B	2
by_gender	female	hugo_symbol	ACVR1C	2
by_gender	female	hugo_symbol	ACVR2A	1
by_gender	female	hugo_symbol	ACVRL1	1
by_gender	female	hugo_symbol	ADA2	1
by_gender	female	hugo_symbol	ADAD1	2
by_gender	female	hugo_symbol	ADAM12	1
by_gender	female	hugo_symbol	ADAM17	1
by_gender	female	hugo_symbol	ADAM18	2
by_gender	female	hugo_symbol	ADAM19	2
by_gender	female	hugo_symbol	ADAM2	1
by_gender	female	hugo_symbol	ADAM20	1
by_gender	female	hugo_symbol	ADAM21	1
by_gender	female	hugo_symbol	ADAM22	1
by_gender	female	hugo_symbol	ADAM28	2
by_gender	female	hugo_symbol	ADAM29	2
by_gender	female	hugo_symbol	ADAM7	1
by_gender	female	hugo_symbol	ADAM8	1
by_gender	female	hugo_symbol	ADAM9	1
by_gender	female	hugo_symbol	ADAMDEC1	1
by_gender	female	hugo_symbol	ADAMTS1	1
by_gender	female	hugo_symbol	ADAMTS12	3
by_gender	female	hugo_symbol	ADAMTS14	3
by_gender	female	hugo_symbol	ADAMTS15	1
by_gender	female	hugo_symbol	ADAMTS16	3
by_gender	female	hugo_symbol	ADAMTS17	2
by_gender	female	hugo_symbol	ADAMTS18	5
by_gender	female	hugo_symbol	ADAMTS19	1
by_gender	female	hugo_symbol	ADAMTS2	1
by_gender	female	hugo_symbol	ADAMTS20	3
by_gender	female	hugo_symbol	ADAMTS3	5
by_gender	female	hugo_symbol	ADAMTS4	1
by_gender	female	hugo_symbol	ADAMTS5	1
by_gender	female	hugo_symbol	ADAMTS6	2
by_gender	female	hugo_symbol	ADAMTS7	4
by_gender	female	hugo_symbol	ADAMTS8	1
by_gender	female	hugo_symbol	ADAMTSL1	3
by_gender	female	hugo_symbol	ADAMTSL2	2
by_gender	female	hugo_symbol	ADAMTSL3	1
by_gender	female	hugo_symbol	ADAMTSL4	3
by_gender	female	hugo_symbol	ADAP2	1
by_gender	female	hugo_symbol	ADAR	3
by_gender	female	hugo_symbol	ADARB1	1
by_gender	female	hugo_symbol	ADARB2	3
by_gender	female	hugo_symbol	ADAT2	1
by_gender	female	hugo_symbol	ADCK1	3
by_gender	female	hugo_symbol	ADCK2	2
by_gender	female	hugo_symbol	ADCY1	4
by_gender	female	hugo_symbol	ADCY10	5
by_gender	female	hugo_symbol	ADCY2	1
by_gender	female	hugo_symbol	ADCY3	5
by_gender	female	hugo_symbol	ADCY5	3
by_gender	female	hugo_symbol	ADCY6	2
by_gender	female	hugo_symbol	ADCY7	1
by_gender	female	hugo_symbol	ADCY8	2
by_gender	female	hugo_symbol	ADCY9	2
by_gender	female	hugo_symbol	ADCYAP1	1
by_gender	female	hugo_symbol	ADD2	5
by_gender	female	hugo_symbol	ADD3	2
by_gender	female	hugo_symbol	ADGRA1	3
by_gender	female	hugo_symbol	ADGRA3	4
by_gender	female	hugo_symbol	ADGRB1	1
by_gender	female	hugo_symbol	ADGRB2	2
by_gender	female	hugo_symbol	ADGRB3	2
by_gender	female	hugo_symbol	ADGRD1	4
by_gender	female	hugo_symbol	ADGRE3	1
by_gender	female	hugo_symbol	ADGRE5	1
by_gender	female	hugo_symbol	ADGRF1	1
by_gender	female	hugo_symbol	ADGRF3	1
by_gender	female	hugo_symbol	ADGRF4	1
by_gender	female	hugo_symbol	ADGRF5	2
by_gender	female	hugo_symbol	ADGRG1	1
by_gender	female	hugo_symbol	ADGRG4	3
by_gender	female	hugo_symbol	ADGRL1	1
by_gender	female	hugo_symbol	ADGRL2	4
by_gender	female	hugo_symbol	ADGRL4	3
by_gender	female	hugo_symbol	ADGRV1	4
by_gender	female	hugo_symbol	ADH1A	1
by_gender	female	hugo_symbol	ADH1B	1
by_gender	female	hugo_symbol	ADH4	1
by_gender	female	hugo_symbol	ADH5	2
by_gender	female	hugo_symbol	ADH6	1
by_gender	female	hugo_symbol	ADH7	1
by_gender	female	hugo_symbol	ADHFE1	2
by_gender	female	hugo_symbol	ADIPOR1	2
by_gender	female	hugo_symbol	ADM	1
by_gender	female	hugo_symbol	ADNP	4
by_gender	female	hugo_symbol	ADNP2	2
by_gender	female	hugo_symbol	ADORA2A	1
by_gender	female	hugo_symbol	ADORA3	1
by_gender	female	hugo_symbol	ADPRS	1
by_gender	female	hugo_symbol	ADRA1A	1
by_gender	female	hugo_symbol	ADRA2A	1
by_gender	female	hugo_symbol	ADRA2B	2
by_gender	female	hugo_symbol	ADRA2C	2
by_gender	female	hugo_symbol	ADSL	1
by_gender	female	hugo_symbol	AEBP1	4
by_gender	female	hugo_symbol	AEBP2	1
by_gender	female	hugo_symbol	AEN	1
by_gender	female	hugo_symbol	AFAP1L2	1
by_gender	female	hugo_symbol	AFDN	3
by_gender	female	hugo_symbol	AFF1	1
by_gender	female	hugo_symbol	AFF2	5
by_gender	female	hugo_symbol	AFF3	6
by_gender	female	hugo_symbol	AFG1L	2
by_gender	female	hugo_symbol	AFG3L2	1
by_gender	female	hugo_symbol	AFP	1
by_gender	female	hugo_symbol	AFTPH	2
by_gender	female	hugo_symbol	AGA	3
by_gender	female	hugo_symbol	AGAP1	2
by_gender	female	hugo_symbol	AGAP3	3
by_gender	female	hugo_symbol	AGAP4	2
by_gender	female	hugo_symbol	AGAP6	1
by_gender	female	hugo_symbol	AGAP7P	2
by_gender	female	hugo_symbol	AGBL1	3
by_gender	female	hugo_symbol	AGBL2	2
by_gender	female	hugo_symbol	AGBL5	1
by_gender	female	hugo_symbol	AGER	1
by_gender	female	hugo_symbol	AGFG1	1
by_gender	female	hugo_symbol	AGMO	1
by_gender	female	hugo_symbol	AGPAT3	2
by_gender	female	hugo_symbol	AGPAT4	3
by_gender	female	hugo_symbol	AGR2	1
by_gender	female	hugo_symbol	AGRN	1
by_gender	female	hugo_symbol	AGTPBP1	2
by_gender	female	hugo_symbol	AGXT	1
by_gender	female	hugo_symbol	AGXT2	1
by_gender	female	hugo_symbol	AHCTF1	3
by_gender	female	hugo_symbol	AHCY	2
by_gender	female	hugo_symbol	AHCYL1	1
by_gender	female	hugo_symbol	AHCYL2	1
by_gender	female	hugo_symbol	AHDC1	1
by_gender	female	hugo_symbol	AHI1	1
by_gender	female	hugo_symbol	AHNAK	10
by_gender	female	hugo_symbol	AHNAK2	7
by_gender	female	hugo_symbol	AHR	1
by_gender	female	hugo_symbol	AHRR	1
by_gender	female	hugo_symbol	AIFM1	1
by_gender	female	hugo_symbol	AIFM2	2
by_gender	female	hugo_symbol	AIPL1	1
by_gender	female	hugo_symbol	AIRE	1
by_gender	female	hugo_symbol	AJAP1	2
by_gender	female	hugo_symbol	AJM1	1
by_gender	female	hugo_symbol	AK2	1
by_gender	female	hugo_symbol	AK3	1
by_gender	female	hugo_symbol	AK5	2
by_gender	female	hugo_symbol	AK7	3
by_gender	female	hugo_symbol	AK8	1
by_gender	female	hugo_symbol	AK9	1
by_gender	female	hugo_symbol	AKAP10	1
by_gender	female	hugo_symbol	AKAP12	1
by_gender	female	hugo_symbol	AKAP13	3
by_gender	female	hugo_symbol	AKAP14	1
by_gender	female	hugo_symbol	AKAP17A	1
by_gender	female	hugo_symbol	AKAP3	1
by_gender	female	hugo_symbol	AKAP4	1
by_gender	female	hugo_symbol	AKAP6	3
by_gender	female	hugo_symbol	AKAP7	2
by_gender	female	hugo_symbol	AKAP8L	1
by_gender	female	hugo_symbol	AKAP9	4
by_gender	female	hugo_symbol	AKNAD1	1
by_gender	female	hugo_symbol	AKR1B1	1
by_gender	female	hugo_symbol	AKR1B15	1
by_gender	female	hugo_symbol	AKR1C1	1
by_gender	female	hugo_symbol	AKR1C3	1
by_gender	female	hugo_symbol	AKR1C8P	1
by_gender	female	hugo_symbol	AKR7A2	1
by_gender	female	hugo_symbol	AKR7A3	1
by_gender	female	hugo_symbol	AKT2	1
by_gender	female	hugo_symbol	AKTIP	2
by_gender	female	hugo_symbol	AL109984.1	1
by_gender	female	hugo_symbol	AL117348.2	1
by_gender	female	hugo_symbol	AL136295.1	1
by_gender	female	hugo_symbol	AL136982.4	1
by_gender	female	hugo_symbol	AL162417.1	1
by_gender	female	hugo_symbol	AL353804.7	1
by_gender	female	hugo_symbol	AL358113.1	1
by_gender	female	hugo_symbol	AL590867.2	2
by_gender	female	hugo_symbol	AL592490.1	2
by_gender	female	hugo_symbol	AL645922.1	4
by_gender	female	hugo_symbol	ALAS2	2
by_gender	female	hugo_symbol	ALDH16A1	2
by_gender	female	hugo_symbol	ALDH18A1	1
by_gender	female	hugo_symbol	ALDH1A3	1
by_gender	female	hugo_symbol	ALDH1L1	3
by_gender	female	hugo_symbol	ALDH1L2	1
by_gender	female	hugo_symbol	ALDH3A1	1
by_gender	female	hugo_symbol	ALDH3A2	1
by_gender	female	hugo_symbol	ALDH3B1	2
by_gender	female	hugo_symbol	ALDH3B2	1
by_gender	female	hugo_symbol	ALDH4A1	1
by_gender	female	hugo_symbol	ALDH5A1	1
by_gender	female	hugo_symbol	ALDH6A1	1
by_gender	female	hugo_symbol	ALDOB	2
by_gender	female	hugo_symbol	ALG10	1
by_gender	female	hugo_symbol	ALG10B	1
by_gender	female	hugo_symbol	ALG11	2
by_gender	female	hugo_symbol	ALG12	2
by_gender	female	hugo_symbol	ALG5	1
by_gender	female	hugo_symbol	ALG9	2
by_gender	female	hugo_symbol	ALK	1
by_gender	female	hugo_symbol	ALKBH1	1
by_gender	female	hugo_symbol	ALKBH2	1
by_gender	female	hugo_symbol	ALKBH5	1
by_gender	female	hugo_symbol	ALKBH6	1
by_gender	female	hugo_symbol	ALLC	2
by_gender	female	hugo_symbol	ALMS1	3
by_gender	female	hugo_symbol	ALPI	2
by_gender	female	hugo_symbol	ALPK1	3
by_gender	female	hugo_symbol	ALPK2	2
by_gender	female	hugo_symbol	ALPK3	2
by_gender	female	hugo_symbol	ALPL	1
by_gender	female	hugo_symbol	ALPP	2
by_gender	female	hugo_symbol	ALS2	3
by_gender	female	hugo_symbol	ALX3	1
by_gender	female	hugo_symbol	ALX4	1
by_gender	female	hugo_symbol	AMACR	1
by_gender	female	hugo_symbol	AMBN	1
by_gender	female	hugo_symbol	AMBP	2
by_gender	female	hugo_symbol	AMBRA1	3
by_gender	female	hugo_symbol	AMD1	1
by_gender	female	hugo_symbol	AMER1	3
by_gender	female	hugo_symbol	AMER2	1
by_gender	female	hugo_symbol	AMFR	2
by_gender	female	hugo_symbol	AMHR2	3
by_gender	female	hugo_symbol	AMIGO1	1
by_gender	female	hugo_symbol	AMIGO2	2
by_gender	female	hugo_symbol	AMMECR1L	1
by_gender	female	hugo_symbol	AMOT	3
by_gender	female	hugo_symbol	AMOTL1	1
by_gender	female	hugo_symbol	AMOTL2	1
by_gender	female	hugo_symbol	AMPD3	1
by_gender	female	hugo_symbol	AMPH	2
by_gender	female	hugo_symbol	AMTN	2
by_gender	female	hugo_symbol	AMY2A	1
by_gender	female	hugo_symbol	AMZ2	1
by_gender	female	hugo_symbol	ANAPC1	2
by_gender	female	hugo_symbol	ANAPC2	3
by_gender	female	hugo_symbol	ANAPC4	1
by_gender	female	hugo_symbol	ANAPC5	3
by_gender	female	hugo_symbol	ANGPTL3	1
by_gender	female	hugo_symbol	ANGPTL6	1
by_gender	female	hugo_symbol	ANGPTL7	1
by_gender	female	hugo_symbol	ANK1	2
by_gender	female	hugo_symbol	ANK2	4
by_gender	female	hugo_symbol	ANK3	2
by_gender	female	hugo_symbol	ANKAR	1
by_gender	female	hugo_symbol	ANKDD1A	1
by_gender	female	hugo_symbol	ANKHD1	1
by_gender	female	hugo_symbol	ANKHD1-EIF4EBP3	1
by_gender	female	hugo_symbol	ANKIB1	2
by_gender	female	hugo_symbol	ANKK1	3
by_gender	female	hugo_symbol	ANKLE2	2
by_gender	female	hugo_symbol	ANKMY1	1
by_gender	female	hugo_symbol	ANKMY2	1
by_gender	female	hugo_symbol	ANKRD1	1
by_gender	female	hugo_symbol	ANKRD11	3
by_gender	female	hugo_symbol	ANKRD13A	1
by_gender	female	hugo_symbol	ANKRD13C	1
by_gender	female	hugo_symbol	ANKRD13D	1
by_gender	female	hugo_symbol	ANKRD17	3
by_gender	female	hugo_symbol	ANKRD20A4P	1
by_gender	female	hugo_symbol	ANKRD23	1
by_gender	female	hugo_symbol	ANKRD24	2
by_gender	female	hugo_symbol	ANKRD28	1
by_gender	female	hugo_symbol	ANKRD30A	1
by_gender	female	hugo_symbol	ANKRD34A	1
by_gender	female	hugo_symbol	ANKRD34B	1
by_gender	female	hugo_symbol	ANKRD35	2
by_gender	female	hugo_symbol	ANKRD46	1
by_gender	female	hugo_symbol	ANKRD49	1
by_gender	female	hugo_symbol	ANKRD50	3
by_gender	female	hugo_symbol	ANKRD52	3
by_gender	female	hugo_symbol	ANKRD55	1
by_gender	female	hugo_symbol	ANKRD9	1
by_gender	female	hugo_symbol	ANKS1A	3
by_gender	female	hugo_symbol	ANKS1B	2
by_gender	female	hugo_symbol	ANKS3	3
by_gender	female	hugo_symbol	ANKS4B	1
by_gender	female	hugo_symbol	ANKS6	2
by_gender	female	hugo_symbol	ANLN	3
by_gender	female	hugo_symbol	ANO10	1
by_gender	female	hugo_symbol	ANO2	2
by_gender	female	hugo_symbol	ANO3	7
by_gender	female	hugo_symbol	ANO4	2
by_gender	female	hugo_symbol	ANO7	2
by_gender	female	hugo_symbol	ANO8	3
by_gender	female	hugo_symbol	ANO9	1
by_gender	female	hugo_symbol	ANPEP	2
by_gender	female	hugo_symbol	ANXA1	3
by_gender	female	hugo_symbol	ANXA11	1
by_gender	female	hugo_symbol	ANXA6	2
by_gender	female	hugo_symbol	ANXA8	1
by_gender	female	hugo_symbol	AOC1	2
by_gender	female	hugo_symbol	AOC2	2
by_gender	female	hugo_symbol	AOC3	1
by_gender	female	hugo_symbol	AOPEP	1
by_gender	female	hugo_symbol	AOX1	1
by_gender	female	hugo_symbol	AP000769.3	3
by_gender	female	hugo_symbol	AP002748.5	2
by_gender	female	hugo_symbol	AP1B1	1
by_gender	female	hugo_symbol	AP1G2	2
by_gender	female	hugo_symbol	AP2A2	1
by_gender	female	hugo_symbol	AP2B1	1
by_gender	female	hugo_symbol	AP2M1	1
by_gender	female	hugo_symbol	AP3B1	3
by_gender	female	hugo_symbol	AP3B2	1
by_gender	female	hugo_symbol	AP3D1	4
by_gender	female	hugo_symbol	AP3M1	1
by_gender	female	hugo_symbol	AP3M2	3
by_gender	female	hugo_symbol	AP4B1	3
by_gender	female	hugo_symbol	AP4E1	2
by_gender	female	hugo_symbol	AP5M1	1
by_gender	female	hugo_symbol	AP5S1	1
by_gender	female	hugo_symbol	AP5Z1	1
by_gender	female	hugo_symbol	APAF1	3
by_gender	female	hugo_symbol	APBA1	1
by_gender	female	hugo_symbol	APBA2	5
by_gender	female	hugo_symbol	APBB1	1
by_gender	female	hugo_symbol	APBB2	1
by_gender	female	hugo_symbol	APBB3	2
by_gender	female	hugo_symbol	APC	3
by_gender	female	hugo_symbol	APC2	1
by_gender	female	hugo_symbol	APCDD1	1
by_gender	female	hugo_symbol	APCDD1L	1
by_gender	female	hugo_symbol	APEH	2
by_gender	female	hugo_symbol	API5	3
by_gender	female	hugo_symbol	APLF	1
by_gender	female	hugo_symbol	APLP1	2
by_gender	female	hugo_symbol	APLP2	1
by_gender	female	hugo_symbol	APOA5	2
by_gender	female	hugo_symbol	APOB	6
by_gender	female	hugo_symbol	APOBEC3B	1
by_gender	female	hugo_symbol	APOBEC3D	1
by_gender	female	hugo_symbol	APOBEC3G	1
by_gender	female	hugo_symbol	APOBR	1
by_gender	female	hugo_symbol	APOC3	1
by_gender	female	hugo_symbol	APOH	1
by_gender	female	hugo_symbol	APOL1	2
by_gender	female	hugo_symbol	APOL2	1
by_gender	female	hugo_symbol	APOL3	1
by_gender	female	hugo_symbol	APP	2
by_gender	female	hugo_symbol	APPL1	1
by_gender	female	hugo_symbol	APPL2	1
by_gender	female	hugo_symbol	APTX	1
by_gender	female	hugo_symbol	AQP10	1
by_gender	female	hugo_symbol	AQP8	1
by_gender	female	hugo_symbol	AQR	2
by_gender	female	hugo_symbol	AR	1
by_gender	female	hugo_symbol	ARAF	2
by_gender	female	hugo_symbol	ARAP1	2
by_gender	female	hugo_symbol	ARAP2	1
by_gender	female	hugo_symbol	ARAP3	4
by_gender	female	hugo_symbol	ARC	1
by_gender	female	hugo_symbol	ARCN1	1
by_gender	female	hugo_symbol	AREL1	3
by_gender	female	hugo_symbol	ARF1	1
by_gender	female	hugo_symbol	ARF4	1
by_gender	female	hugo_symbol	ARFGAP1	1
by_gender	female	hugo_symbol	ARFGAP3	1
by_gender	female	hugo_symbol	ARFGEF1	4
by_gender	female	hugo_symbol	ARFGEF2	2
by_gender	female	hugo_symbol	ARFGEF3	2
by_gender	female	hugo_symbol	ARFIP2	2
by_gender	female	hugo_symbol	ARFRP1	1
by_gender	female	hugo_symbol	ARG2	1
by_gender	female	hugo_symbol	ARGLU1	1
by_gender	female	hugo_symbol	ARHGAP10	2
by_gender	female	hugo_symbol	ARHGAP11A	1
by_gender	female	hugo_symbol	ARHGAP11B	2
by_gender	female	hugo_symbol	ARHGAP12	1
by_gender	female	hugo_symbol	ARHGAP17	4
by_gender	female	hugo_symbol	ARHGAP19	1
by_gender	female	hugo_symbol	ARHGAP20	2
by_gender	female	hugo_symbol	ARHGAP21	4
by_gender	female	hugo_symbol	ARHGAP24	2
by_gender	female	hugo_symbol	ARHGAP25	2
by_gender	female	hugo_symbol	ARHGAP26	1
by_gender	female	hugo_symbol	ARHGAP27	1
by_gender	female	hugo_symbol	ARHGAP28	1
by_gender	female	hugo_symbol	ARHGAP29	1
by_gender	female	hugo_symbol	ARHGAP30	2
by_gender	female	hugo_symbol	ARHGAP31	4
by_gender	female	hugo_symbol	ARHGAP32	4
by_gender	female	hugo_symbol	ARHGAP33	1
by_gender	female	hugo_symbol	ARHGAP35	2
by_gender	female	hugo_symbol	ARHGAP36	2
by_gender	female	hugo_symbol	ARHGAP39	3
by_gender	female	hugo_symbol	ARHGAP45	1
by_gender	female	hugo_symbol	ARHGAP5	5
by_gender	female	hugo_symbol	ARHGAP6	3
by_gender	female	hugo_symbol	ARHGAP9	1
by_gender	female	hugo_symbol	ARHGDIA	2
by_gender	female	hugo_symbol	ARHGEF1	2
by_gender	female	hugo_symbol	ARHGEF10	1
by_gender	female	hugo_symbol	ARHGEF10L	1
by_gender	female	hugo_symbol	ARHGEF11	3
by_gender	female	hugo_symbol	ARHGEF12	5
by_gender	female	hugo_symbol	ARHGEF15	2
by_gender	female	hugo_symbol	ARHGEF16	1
by_gender	female	hugo_symbol	ARHGEF17	3
by_gender	female	hugo_symbol	ARHGEF18	3
by_gender	female	hugo_symbol	ARHGEF19	3
by_gender	female	hugo_symbol	ARHGEF25	1
by_gender	female	hugo_symbol	ARHGEF26	1
by_gender	female	hugo_symbol	ARHGEF28	1
by_gender	female	hugo_symbol	ARHGEF37	2
by_gender	female	hugo_symbol	ARHGEF40	1
by_gender	female	hugo_symbol	ARHGEF5	1
by_gender	female	hugo_symbol	ARHGEF6	1
by_gender	female	hugo_symbol	ARHGEF7	2
by_gender	female	hugo_symbol	ARHGEF9	1
by_gender	female	hugo_symbol	ARID1A	6
by_gender	female	hugo_symbol	ARID1B	4
by_gender	female	hugo_symbol	ARID2	3
by_gender	female	hugo_symbol	ARID3A	1
by_gender	female	hugo_symbol	ARID4A	1
by_gender	female	hugo_symbol	ARID4B	1
by_gender	female	hugo_symbol	ARIH1	2
by_gender	female	hugo_symbol	ARL10	1
by_gender	female	hugo_symbol	ARL4A	1
by_gender	female	hugo_symbol	ARL4C	2
by_gender	female	hugo_symbol	ARL4D	2
by_gender	female	hugo_symbol	ARMC1	1
by_gender	female	hugo_symbol	ARMC12	2
by_gender	female	hugo_symbol	ARMC2	1
by_gender	female	hugo_symbol	ARMC3	5
by_gender	female	hugo_symbol	ARMC6	2
by_gender	female	hugo_symbol	ARMC7	1
by_gender	female	hugo_symbol	ARMC9	1
by_gender	female	hugo_symbol	ARMCX2	1
by_gender	female	hugo_symbol	ARMCX3	1
by_gender	female	hugo_symbol	ARMCX5	2
by_gender	female	hugo_symbol	ARMCX6	1
by_gender	female	hugo_symbol	ARMH3	2
by_gender	female	hugo_symbol	ARMH4	1
by_gender	female	hugo_symbol	ARNTL	1
by_gender	female	hugo_symbol	ARPC2	1
by_gender	female	hugo_symbol	ARPC5	1
by_gender	female	hugo_symbol	ARPC5L	1
by_gender	female	hugo_symbol	ARPP19P2	2
by_gender	female	hugo_symbol	ARR3	1
by_gender	female	hugo_symbol	ARRB2	3
by_gender	female	hugo_symbol	ARRDC1	3
by_gender	female	hugo_symbol	ARRDC2	1
by_gender	female	hugo_symbol	ARRDC4	1
by_gender	female	hugo_symbol	ARSA	1
by_gender	female	hugo_symbol	ARSB	2
by_gender	female	hugo_symbol	ARSD	1
by_gender	female	hugo_symbol	ARSF	1
by_gender	female	hugo_symbol	ARSG	1
by_gender	female	hugo_symbol	ARSH	1
by_gender	female	hugo_symbol	ARSI	1
by_gender	female	hugo_symbol	ARSK	1
by_gender	female	hugo_symbol	ARSL	1
by_gender	female	hugo_symbol	ARVCF	3
by_gender	female	hugo_symbol	AS3MT	1
by_gender	female	hugo_symbol	ASAH1	1
by_gender	female	hugo_symbol	ASAH2	1
by_gender	female	hugo_symbol	ASAP1	1
by_gender	female	hugo_symbol	ASAP2	2
by_gender	female	hugo_symbol	ASAP3	1
by_gender	female	hugo_symbol	ASB10	2
by_gender	female	hugo_symbol	ASB11	1
by_gender	female	hugo_symbol	ASB15	3
by_gender	female	hugo_symbol	ASB2	1
by_gender	female	hugo_symbol	ASB3	2
by_gender	female	hugo_symbol	ASB5	1
by_gender	female	hugo_symbol	ASB9	1
by_gender	female	hugo_symbol	ASCC2	1
by_gender	female	hugo_symbol	ASCC3	3
by_gender	female	hugo_symbol	ASF1B	1
by_gender	female	hugo_symbol	ASGR1	1
by_gender	female	hugo_symbol	ASGR2	1
by_gender	female	hugo_symbol	ASH1L	5
by_gender	female	hugo_symbol	ASH2L	1
by_gender	female	hugo_symbol	ASIC1	1
by_gender	female	hugo_symbol	ASIC3	3
by_gender	female	hugo_symbol	ASIC4	3
by_gender	female	hugo_symbol	ASIC5	1
by_gender	female	hugo_symbol	ASMT	1
by_gender	female	hugo_symbol	ASNS	3
by_gender	female	hugo_symbol	ASPH	2
by_gender	female	hugo_symbol	ASPHD2	2
by_gender	female	hugo_symbol	ASPM	8
by_gender	female	hugo_symbol	ASRGL1	1
by_gender	female	hugo_symbol	ASS1	1
by_gender	female	hugo_symbol	ASTN1	7
by_gender	female	hugo_symbol	ASTN2	2
by_gender	female	hugo_symbol	ASXL1	2
by_gender	female	hugo_symbol	ASXL2	2
by_gender	female	hugo_symbol	ASXL3	2
by_gender	female	hugo_symbol	ATAD2B	2
by_gender	female	hugo_symbol	ATAD3A	1
by_gender	female	hugo_symbol	ATAD5	3
by_gender	female	hugo_symbol	ATCAY	1
by_gender	female	hugo_symbol	ATE1	2
by_gender	female	hugo_symbol	ATF1	1
by_gender	female	hugo_symbol	ATF3	1
by_gender	female	hugo_symbol	ATF6B	2
by_gender	female	hugo_symbol	ATF7IP	1
by_gender	female	hugo_symbol	ATF7IP2	1
by_gender	female	hugo_symbol	ATG101	1
by_gender	female	hugo_symbol	ATG14	3
by_gender	female	hugo_symbol	ATG2A	1
by_gender	female	hugo_symbol	ATG2B	6
by_gender	female	hugo_symbol	ATG4D	1
by_gender	female	hugo_symbol	ATG7	1
by_gender	female	hugo_symbol	ATIC	1
by_gender	female	hugo_symbol	ATM	5
by_gender	female	hugo_symbol	ATMIN	2
by_gender	female	hugo_symbol	ATN1	2
by_gender	female	hugo_symbol	ATOH7	1
by_gender	female	hugo_symbol	ATP10A	2
by_gender	female	hugo_symbol	ATP10B	2
by_gender	female	hugo_symbol	ATP10D	2
by_gender	female	hugo_symbol	ATP11A	2
by_gender	female	hugo_symbol	ATP11AUN	1
by_gender	female	hugo_symbol	ATP11B	2
by_gender	female	hugo_symbol	ATP12A	3
by_gender	female	hugo_symbol	ATP13A5	3
by_gender	female	hugo_symbol	ATP1A1	1
by_gender	female	hugo_symbol	ATP1A2	1
by_gender	female	hugo_symbol	ATP1A3	1
by_gender	female	hugo_symbol	ATP1A4	2
by_gender	female	hugo_symbol	ATP1B3	1
by_gender	female	hugo_symbol	ATP23	1
by_gender	female	hugo_symbol	ATP2A1	3
by_gender	female	hugo_symbol	ATP2A2	2
by_gender	female	hugo_symbol	ATP2B1	5
by_gender	female	hugo_symbol	ATP2B2	1
by_gender	female	hugo_symbol	ATP2B3	1
by_gender	female	hugo_symbol	ATP2C1	1
by_gender	female	hugo_symbol	ATP2C2	2
by_gender	female	hugo_symbol	ATP4A	5
by_gender	female	hugo_symbol	ATP5F1A	2
by_gender	female	hugo_symbol	ATP5F1B	1
by_gender	female	hugo_symbol	ATP5F1C	1
by_gender	female	hugo_symbol	ATP5MD	1
by_gender	female	hugo_symbol	ATP5MF-PTCD1	1
by_gender	female	hugo_symbol	ATP5PF	1
by_gender	female	hugo_symbol	ATP6AP1	1
by_gender	female	hugo_symbol	ATP6AP1L	2
by_gender	female	hugo_symbol	ATP6V0A1	2
by_gender	female	hugo_symbol	ATP6V0A2	1
by_gender	female	hugo_symbol	ATP6V0A4	2
by_gender	female	hugo_symbol	ATP6V1B2	2
by_gender	female	hugo_symbol	ATP6V1C2	1
by_gender	female	hugo_symbol	ATP6V1F	1
by_gender	female	hugo_symbol	ATP7A	2
by_gender	female	hugo_symbol	ATP7B	1
by_gender	female	hugo_symbol	ATP8A1	4
by_gender	female	hugo_symbol	ATP8B1	3
by_gender	female	hugo_symbol	ATP8B2	1
by_gender	female	hugo_symbol	ATP8B3	1
by_gender	female	hugo_symbol	ATP8B4	2
by_gender	female	hugo_symbol	ATP9A	5
by_gender	female	hugo_symbol	ATP9B	2
by_gender	female	hugo_symbol	ATPSCKMT	1
by_gender	female	hugo_symbol	ATR	7
by_gender	female	hugo_symbol	ATRIP	2
by_gender	female	hugo_symbol	ATRN	1
by_gender	female	hugo_symbol	ATRNL1	3
by_gender	female	hugo_symbol	ATRX	2
by_gender	female	hugo_symbol	ATXN1	1
by_gender	female	hugo_symbol	ATXN10	1
by_gender	female	hugo_symbol	ATXN2L	2
by_gender	female	hugo_symbol	ATXN7	1
by_gender	female	hugo_symbol	ATXN7L3	3
by_gender	female	hugo_symbol	AUH	1
by_gender	female	hugo_symbol	AUNIP	1
by_gender	female	hugo_symbol	AURKA	2
by_gender	female	hugo_symbol	AUTS2	3
by_gender	female	hugo_symbol	AVIL	2
by_gender	female	hugo_symbol	AVL9	1
by_gender	female	hugo_symbol	AVPR2	1
by_gender	female	hugo_symbol	AXDND1	2
by_gender	female	hugo_symbol	AXIN1	1
by_gender	female	hugo_symbol	AXL	2
by_gender	female	hugo_symbol	AZGP1	2
by_gender	female	hugo_symbol	AZIN1	1
by_gender	female	hugo_symbol	AZU1	1
by_gender	female	hugo_symbol	B3GALNT2	2
by_gender	female	hugo_symbol	B3GALT4	1
by_gender	female	hugo_symbol	B3GAT1	1
by_gender	female	hugo_symbol	B3GAT3	1
by_gender	female	hugo_symbol	B3GNT2	1
by_gender	female	hugo_symbol	B3GNT3	1
by_gender	female	hugo_symbol	B3GNT4	1
by_gender	female	hugo_symbol	B3GNT6	1
by_gender	female	hugo_symbol	B3GNT7	1
by_gender	female	hugo_symbol	B4GALNT1	1
by_gender	female	hugo_symbol	B4GALNT3	1
by_gender	female	hugo_symbol	B4GALNT4	5
by_gender	female	hugo_symbol	B4GALT5	2
by_gender	female	hugo_symbol	BAALC	1
by_gender	female	hugo_symbol	BAAT	1
by_gender	female	hugo_symbol	BABAM1	1
by_gender	female	hugo_symbol	BACH1	1
by_gender	female	hugo_symbol	BAD	1
by_gender	female	hugo_symbol	BAG1	1
by_gender	female	hugo_symbol	BAG3	1
by_gender	female	hugo_symbol	BAG5	1
by_gender	female	hugo_symbol	BAG6	1
by_gender	female	hugo_symbol	BAHCC1	4
by_gender	female	hugo_symbol	BAHD1	2
by_gender	female	hugo_symbol	BAIAP2	1
by_gender	female	hugo_symbol	BAIAP2L2	1
by_gender	female	hugo_symbol	BAIAP3	1
by_gender	female	hugo_symbol	BAMBI	1
by_gender	female	hugo_symbol	BANF1	1
by_gender	female	hugo_symbol	BANK1	1
by_gender	female	hugo_symbol	BANP	2
by_gender	female	hugo_symbol	BARD1	2
by_gender	female	hugo_symbol	BARHL1	1
by_gender	female	hugo_symbol	BASP1	1
by_gender	female	hugo_symbol	BAZ2A	1
by_gender	female	hugo_symbol	BAZ2B	4
by_gender	female	hugo_symbol	BBS10	3
by_gender	female	hugo_symbol	BBS12	1
by_gender	female	hugo_symbol	BBS2	2
by_gender	female	hugo_symbol	BBS4	1
by_gender	female	hugo_symbol	BBS5	1
by_gender	female	hugo_symbol	BBS7	1
by_gender	female	hugo_symbol	BCAM	1
by_gender	female	hugo_symbol	BCAN	3
by_gender	female	hugo_symbol	BCAR1	2
by_gender	female	hugo_symbol	BCAS3	1
by_gender	female	hugo_symbol	BCAT1	1
by_gender	female	hugo_symbol	BCAT2	1
by_gender	female	hugo_symbol	BCCIP	1
by_gender	female	hugo_symbol	BCDIN3D	1
by_gender	female	hugo_symbol	BCHE	3
by_gender	female	hugo_symbol	BCKDHB	1
by_gender	female	hugo_symbol	BCL11A	1
by_gender	female	hugo_symbol	BCL11B	2
by_gender	female	hugo_symbol	BCL2L13	1
by_gender	female	hugo_symbol	BCL6	1
by_gender	female	hugo_symbol	BCL6B	1
by_gender	female	hugo_symbol	BCL9	1
by_gender	female	hugo_symbol	BCL9L	3
by_gender	female	hugo_symbol	BCLAF1	1
by_gender	female	hugo_symbol	BCO1	1
by_gender	female	hugo_symbol	BCO2	1
by_gender	female	hugo_symbol	BCOR	1
by_gender	female	hugo_symbol	BCR	2
by_gender	female	hugo_symbol	BCS1L	1
by_gender	female	hugo_symbol	BDH1	1
by_gender	female	hugo_symbol	BDNF	1
by_gender	female	hugo_symbol	BDP1	4
by_gender	female	hugo_symbol	BEND2	3
by_gender	female	hugo_symbol	BEND3	1
by_gender	female	hugo_symbol	BEND6	1
by_gender	female	hugo_symbol	BEND7	2
by_gender	female	hugo_symbol	BEST1	1
by_gender	female	hugo_symbol	BEST3	2
by_gender	female	hugo_symbol	BEST4	1
by_gender	female	hugo_symbol	BFAR	1
by_gender	female	hugo_symbol	BFSP2	2
by_gender	female	hugo_symbol	BHLHA15	1
by_gender	female	hugo_symbol	BHLHE22	1
by_gender	female	hugo_symbol	BHLHE23	1
by_gender	female	hugo_symbol	BHLHE40	1
by_gender	female	hugo_symbol	BHMT2	1
by_gender	female	hugo_symbol	BICC1	1
by_gender	female	hugo_symbol	BICD1	2
by_gender	female	hugo_symbol	BICD2	1
by_gender	female	hugo_symbol	BICDL1	1
by_gender	female	hugo_symbol	BICDL2	1
by_gender	female	hugo_symbol	BICRA	2
by_gender	female	hugo_symbol	BICRAL	1
by_gender	female	hugo_symbol	BIK	1
by_gender	female	hugo_symbol	BIN3	1
by_gender	female	hugo_symbol	BIRC2	1
by_gender	female	hugo_symbol	BIRC6	3
by_gender	female	hugo_symbol	BIRC8	1
by_gender	female	hugo_symbol	BIVM-ERCC5	1
by_gender	female	hugo_symbol	BLM	4
by_gender	female	hugo_symbol	BLNK	1
by_gender	female	hugo_symbol	BLOC1S1	1
by_gender	female	hugo_symbol	BLVRA	2
by_gender	female	hugo_symbol	BMI1	1
by_gender	female	hugo_symbol	BMP1	6
by_gender	female	hugo_symbol	BMP2	1
by_gender	female	hugo_symbol	BMP2K	1
by_gender	female	hugo_symbol	BMP3	2
by_gender	female	hugo_symbol	BMP4	2
by_gender	female	hugo_symbol	BMP5	1
by_gender	female	hugo_symbol	BMP7	1
by_gender	female	hugo_symbol	BMP8A	1
by_gender	female	hugo_symbol	BMP8B	1
by_gender	female	hugo_symbol	BMPER	1
by_gender	female	hugo_symbol	BMPR1A	3
by_gender	female	hugo_symbol	BMPR2	1
by_gender	female	hugo_symbol	BMS1	1
by_gender	female	hugo_symbol	BMX	3
by_gender	female	hugo_symbol	BNC1	1
by_gender	female	hugo_symbol	BNC2	3
by_gender	female	hugo_symbol	BNIP3	1
by_gender	female	hugo_symbol	BOC	3
by_gender	female	hugo_symbol	BOD1L1	4
by_gender	female	hugo_symbol	BOP1	1
by_gender	female	hugo_symbol	BORCS6	1
by_gender	female	hugo_symbol	BORCS7	1
by_gender	female	hugo_symbol	BPGM	1
by_gender	female	hugo_symbol	BPIFA1	1
by_gender	female	hugo_symbol	BPIFB2	2
by_gender	female	hugo_symbol	BPIFB4	1
by_gender	female	hugo_symbol	BPIFB6	1
by_gender	female	hugo_symbol	BPIFC	1
by_gender	female	hugo_symbol	BPNT1	2
by_gender	female	hugo_symbol	BPTF	5
by_gender	female	hugo_symbol	BRCA1	3
by_gender	female	hugo_symbol	BRCA2	7
by_gender	female	hugo_symbol	BRD1	3
by_gender	female	hugo_symbol	BRD2	1
by_gender	female	hugo_symbol	BRD3	2
by_gender	female	hugo_symbol	BRD4	2
by_gender	female	hugo_symbol	BRDT	1
by_gender	female	hugo_symbol	BRF1	1
by_gender	female	hugo_symbol	BRINP1	2
by_gender	female	hugo_symbol	BRINP2	2
by_gender	female	hugo_symbol	BRINP3	2
by_gender	female	hugo_symbol	BRIP1	1
by_gender	female	hugo_symbol	BRMS1	1
by_gender	female	hugo_symbol	BROX	1
by_gender	female	hugo_symbol	BRPF1	2
by_gender	female	hugo_symbol	BRPF3	1
by_gender	female	hugo_symbol	BRSK1	2
by_gender	female	hugo_symbol	BRWD1	2
by_gender	female	hugo_symbol	BRWD3	4
by_gender	female	hugo_symbol	BSCL2	1
by_gender	female	hugo_symbol	BSDC1	1
by_gender	female	hugo_symbol	BSG	1
by_gender	female	hugo_symbol	BSN	2
by_gender	female	hugo_symbol	BTAF1	4
by_gender	female	hugo_symbol	BTBD10	1
by_gender	female	hugo_symbol	BTBD11	6
by_gender	female	hugo_symbol	BTBD16	1
by_gender	female	hugo_symbol	BTBD2	1
by_gender	female	hugo_symbol	BTBD8	1
by_gender	female	hugo_symbol	BTBD9	1
by_gender	female	hugo_symbol	BTD	2
by_gender	female	hugo_symbol	BTF3	2
by_gender	female	hugo_symbol	BTG2	1
by_gender	female	hugo_symbol	BTK	1
by_gender	female	hugo_symbol	BTN1A1	2
by_gender	female	hugo_symbol	BTN3A1	1
by_gender	female	hugo_symbol	BTN3A2	1
by_gender	female	hugo_symbol	BTNL2	1
by_gender	female	hugo_symbol	BTNL3	1
by_gender	female	hugo_symbol	BTNL8	1
by_gender	female	hugo_symbol	BTNL9	2
by_gender	female	hugo_symbol	BTRC	1
by_gender	female	hugo_symbol	BUB1	1
by_gender	female	hugo_symbol	BUB3	1
by_gender	female	hugo_symbol	BUD13	1
by_gender	female	hugo_symbol	BVES	1
by_gender	female	hugo_symbol	C10orf120	1
by_gender	female	hugo_symbol	C10orf71	3
by_gender	female	hugo_symbol	C10orf82	1
by_gender	female	hugo_symbol	C10orf88	2
by_gender	female	hugo_symbol	C11orf1	1
by_gender	female	hugo_symbol	C11orf58	1
by_gender	female	hugo_symbol	C12orf29	1
by_gender	female	hugo_symbol	C12orf4	2
by_gender	female	hugo_symbol	C12orf40	1
by_gender	female	hugo_symbol	C12orf43	1
by_gender	female	hugo_symbol	C12orf50	1
by_gender	female	hugo_symbol	C14orf39	2
by_gender	female	hugo_symbol	C15orf39	4
by_gender	female	hugo_symbol	C15orf54	1
by_gender	female	hugo_symbol	C16orf46	1
by_gender	female	hugo_symbol	C16orf70	2
by_gender	female	hugo_symbol	C16orf71	1
by_gender	female	hugo_symbol	C16orf74	1
by_gender	female	hugo_symbol	C16orf78	1
by_gender	female	hugo_symbol	C16orf86	1
by_gender	female	hugo_symbol	C16orf87	1
by_gender	female	hugo_symbol	C17orf67	1
by_gender	female	hugo_symbol	C17orf75	2
by_gender	female	hugo_symbol	C17orf80	2
by_gender	female	hugo_symbol	C17orf97	1
by_gender	female	hugo_symbol	C18orf21	1
by_gender	female	hugo_symbol	C18orf25	1
by_gender	female	hugo_symbol	C18orf54	1
by_gender	female	hugo_symbol	C19orf12	2
by_gender	female	hugo_symbol	C19orf18	2
by_gender	female	hugo_symbol	C19orf44	4
by_gender	female	hugo_symbol	C19orf57	1
by_gender	female	hugo_symbol	C1D	1
by_gender	female	hugo_symbol	C1QA	1
by_gender	female	hugo_symbol	C1QB	1
by_gender	female	hugo_symbol	C1QBP	1
by_gender	female	hugo_symbol	C1QL3	1
by_gender	female	hugo_symbol	C1QTNF1	2
by_gender	female	hugo_symbol	C1QTNF3	1
by_gender	female	hugo_symbol	C1QTNF7	1
by_gender	female	hugo_symbol	C1S	4
by_gender	female	hugo_symbol	C1orf116	1
by_gender	female	hugo_symbol	C1orf141	1
by_gender	female	hugo_symbol	C1orf158	1
by_gender	female	hugo_symbol	C1orf159	1
by_gender	female	hugo_symbol	C1orf162	1
by_gender	female	hugo_symbol	C1orf174	1
by_gender	female	hugo_symbol	C1orf210	1
by_gender	female	hugo_symbol	C1orf43	1
by_gender	female	hugo_symbol	C1orf74	3
by_gender	female	hugo_symbol	C1orf94	3
by_gender	female	hugo_symbol	C20orf194	2
by_gender	female	hugo_symbol	C2CD2L	2
by_gender	female	hugo_symbol	C2CD3	6
by_gender	female	hugo_symbol	C2CD5	3
by_gender	female	hugo_symbol	C2orf16	4
by_gender	female	hugo_symbol	C2orf50	1
by_gender	female	hugo_symbol	C3	2
by_gender	female	hugo_symbol	C3AR1	2
by_gender	female	hugo_symbol	C3P1	2
by_gender	female	hugo_symbol	C3orf33	1
by_gender	female	hugo_symbol	C3orf38	1
by_gender	female	hugo_symbol	C4A	1
by_gender	female	hugo_symbol	C4orf33	1
by_gender	female	hugo_symbol	C4orf46	1
by_gender	female	hugo_symbol	C4orf50	1
by_gender	female	hugo_symbol	C5orf38	1
by_gender	female	hugo_symbol	C5orf49	1
by_gender	female	hugo_symbol	C5orf51	1
by_gender	female	hugo_symbol	C6	3
by_gender	female	hugo_symbol	C6orf118	1
by_gender	female	hugo_symbol	C6orf120	1
by_gender	female	hugo_symbol	C6orf47	1
by_gender	female	hugo_symbol	C6orf58	1
by_gender	female	hugo_symbol	C7	1
by_gender	female	hugo_symbol	C7orf25	3
by_gender	female	hugo_symbol	C7orf31	1
by_gender	female	hugo_symbol	C7orf61	1
by_gender	female	hugo_symbol	C7orf66	1
by_gender	female	hugo_symbol	C8A	2
by_gender	female	hugo_symbol	C8orf34	1
by_gender	female	hugo_symbol	C8orf58	1
by_gender	female	hugo_symbol	C8orf76	1
by_gender	female	hugo_symbol	C8orf86	1
by_gender	female	hugo_symbol	C9	1
by_gender	female	hugo_symbol	C9orf106	1
by_gender	female	hugo_symbol	C9orf24	1
by_gender	female	hugo_symbol	C9orf43	1
by_gender	female	hugo_symbol	C9orf50	1
by_gender	female	hugo_symbol	C9orf64	1
by_gender	female	hugo_symbol	C9orf78	1
by_gender	female	hugo_symbol	CA6	4
by_gender	female	hugo_symbol	CAB39L	1
by_gender	female	hugo_symbol	CABIN1	2
by_gender	female	hugo_symbol	CABP1	1
by_gender	female	hugo_symbol	CABS1	1
by_gender	female	hugo_symbol	CACHD1	2
by_gender	female	hugo_symbol	CACNA1A	7
by_gender	female	hugo_symbol	CACNA1B	7
by_gender	female	hugo_symbol	CACNA1C	4
by_gender	female	hugo_symbol	CACNA1D	6
by_gender	female	hugo_symbol	CACNA1E	7
by_gender	female	hugo_symbol	CACNA1F	1
by_gender	female	hugo_symbol	CACNA1G	4
by_gender	female	hugo_symbol	CACNA1H	2
by_gender	female	hugo_symbol	CACNA1I	2
by_gender	female	hugo_symbol	CACNA1S	5
by_gender	female	hugo_symbol	CACNA2D1	1
by_gender	female	hugo_symbol	CACNA2D3	2
by_gender	female	hugo_symbol	CACNA2D4	1
by_gender	female	hugo_symbol	CACNB1	1
by_gender	female	hugo_symbol	CACNB2	3
by_gender	female	hugo_symbol	CACNG1	1
by_gender	female	hugo_symbol	CACNG2	1
by_gender	female	hugo_symbol	CACNG3	1
by_gender	female	hugo_symbol	CACNG5	1
by_gender	female	hugo_symbol	CACTIN	1
by_gender	female	hugo_symbol	CAD	3
by_gender	female	hugo_symbol	CADM1	1
by_gender	female	hugo_symbol	CADM2	2
by_gender	female	hugo_symbol	CADM3	2
by_gender	female	hugo_symbol	CADPS	2
by_gender	female	hugo_symbol	CADPS2	1
by_gender	female	hugo_symbol	CALCA	1
by_gender	female	hugo_symbol	CALCR	1
by_gender	female	hugo_symbol	CALHM1	1
by_gender	female	hugo_symbol	CALHM2	1
by_gender	female	hugo_symbol	CALHM4	1
by_gender	female	hugo_symbol	CALU	2
by_gender	female	hugo_symbol	CAMK1D	1
by_gender	female	hugo_symbol	CAMK1G	1
by_gender	female	hugo_symbol	CAMK2D	1
by_gender	female	hugo_symbol	CAMK4	1
by_gender	female	hugo_symbol	CAMKK1	1
by_gender	female	hugo_symbol	CAMP	2
by_gender	female	hugo_symbol	CAMSAP1	2
by_gender	female	hugo_symbol	CAMSAP2	4
by_gender	female	hugo_symbol	CAMSAP3	1
by_gender	female	hugo_symbol	CAMTA1	4
by_gender	female	hugo_symbol	CAMTA2	2
by_gender	female	hugo_symbol	CAND1	3
by_gender	female	hugo_symbol	CAND2	2
by_gender	female	hugo_symbol	CAP2	1
by_gender	female	hugo_symbol	CAPN1	1
by_gender	female	hugo_symbol	CAPN11	1
by_gender	female	hugo_symbol	CAPN13	1
by_gender	female	hugo_symbol	CAPN15	4
by_gender	female	hugo_symbol	CAPN3	3
by_gender	female	hugo_symbol	CAPN5	2
by_gender	female	hugo_symbol	CAPN7	1
by_gender	female	hugo_symbol	CAPNS1	2
by_gender	female	hugo_symbol	CAPRIN1	1
by_gender	female	hugo_symbol	CAPRIN2	2
by_gender	female	hugo_symbol	CAPS2	1
by_gender	female	hugo_symbol	CAPZA1	2
by_gender	female	hugo_symbol	CAPZA3	2
by_gender	female	hugo_symbol	CARD10	1
by_gender	female	hugo_symbol	CARD11	2
by_gender	female	hugo_symbol	CARD9	1
by_gender	female	hugo_symbol	CARM1	1
by_gender	female	hugo_symbol	CARMIL1	3
by_gender	female	hugo_symbol	CARMIL2	2
by_gender	female	hugo_symbol	CARS2	2
by_gender	female	hugo_symbol	CARTPT	1
by_gender	female	hugo_symbol	CASC3	1
by_gender	female	hugo_symbol	CASD1	1
by_gender	female	hugo_symbol	CASKIN1	2
by_gender	female	hugo_symbol	CASKIN2	3
by_gender	female	hugo_symbol	CASP10	2
by_gender	female	hugo_symbol	CASP2	3
by_gender	female	hugo_symbol	CASP4	2
by_gender	female	hugo_symbol	CASP5	3
by_gender	female	hugo_symbol	CASP7	1
by_gender	female	hugo_symbol	CASP8	2
by_gender	female	hugo_symbol	CASP8AP2	3
by_gender	female	hugo_symbol	CASR	2
by_gender	female	hugo_symbol	CASS4	1
by_gender	female	hugo_symbol	CAST	1
by_gender	female	hugo_symbol	CASZ1	3
by_gender	female	hugo_symbol	CAT	1
by_gender	female	hugo_symbol	CATSPER1	6
by_gender	female	hugo_symbol	CATSPER3	1
by_gender	female	hugo_symbol	CATSPERB	1
by_gender	female	hugo_symbol	CATSPERD	1
by_gender	female	hugo_symbol	CATSPERE	1
by_gender	female	hugo_symbol	CATSPERG	1
by_gender	female	hugo_symbol	CAVIN1	1
by_gender	female	hugo_symbol	CAVIN2	2
by_gender	female	hugo_symbol	CAVIN3	1
by_gender	female	hugo_symbol	CBFA2T2	4
by_gender	female	hugo_symbol	CBLB	1
by_gender	female	hugo_symbol	CBLL1	1
by_gender	female	hugo_symbol	CBLL2	3
by_gender	female	hugo_symbol	CBLN4	2
by_gender	female	hugo_symbol	CBWD1	1
by_gender	female	hugo_symbol	CBX1	2
by_gender	female	hugo_symbol	CBX2	1
by_gender	female	hugo_symbol	CBY2	2
by_gender	female	hugo_symbol	CC2D1B	1
by_gender	female	hugo_symbol	CC2D2A	1
by_gender	female	hugo_symbol	CCAR1	2
by_gender	female	hugo_symbol	CCAR2	1
by_gender	female	hugo_symbol	CCBE1	1
by_gender	female	hugo_symbol	CCDC106	2
by_gender	female	hugo_symbol	CCDC112	2
by_gender	female	hugo_symbol	CCDC113	1
by_gender	female	hugo_symbol	CCDC114	4
by_gender	female	hugo_symbol	CCDC116	1
by_gender	female	hugo_symbol	CCDC12	1
by_gender	female	hugo_symbol	CCDC120	1
by_gender	female	hugo_symbol	CCDC124	1
by_gender	female	hugo_symbol	CCDC126	1
by_gender	female	hugo_symbol	CCDC130	2
by_gender	female	hugo_symbol	CCDC134	1
by_gender	female	hugo_symbol	CCDC137	1
by_gender	female	hugo_symbol	CCDC138	1
by_gender	female	hugo_symbol	CCDC141	4
by_gender	female	hugo_symbol	CCDC142	1
by_gender	female	hugo_symbol	CCDC144A	3
by_gender	female	hugo_symbol	CCDC144B	1
by_gender	female	hugo_symbol	CCDC15	2
by_gender	female	hugo_symbol	CCDC150	1
by_gender	female	hugo_symbol	CCDC151	1
by_gender	female	hugo_symbol	CCDC158	1
by_gender	female	hugo_symbol	CCDC159	2
by_gender	female	hugo_symbol	CCDC163	2
by_gender	female	hugo_symbol	CCDC167	1
by_gender	female	hugo_symbol	CCDC170	1
by_gender	female	hugo_symbol	CCDC171	1
by_gender	female	hugo_symbol	CCDC173	2
by_gender	female	hugo_symbol	CCDC174	1
by_gender	female	hugo_symbol	CCDC178	1
by_gender	female	hugo_symbol	CCDC18	2
by_gender	female	hugo_symbol	CCDC180	1
by_gender	female	hugo_symbol	CCDC184	1
by_gender	female	hugo_symbol	CCDC185	1
by_gender	female	hugo_symbol	CCDC186	2
by_gender	female	hugo_symbol	CCDC190	1
by_gender	female	hugo_symbol	CCDC191	1
by_gender	female	hugo_symbol	CCDC27	1
by_gender	female	hugo_symbol	CCDC40	3
by_gender	female	hugo_symbol	CCDC42	2
by_gender	female	hugo_symbol	CCDC47	1
by_gender	female	hugo_symbol	CCDC50	1
by_gender	female	hugo_symbol	CCDC58	1
by_gender	female	hugo_symbol	CCDC6	1
by_gender	female	hugo_symbol	CCDC60	2
by_gender	female	hugo_symbol	CCDC62	2
by_gender	female	hugo_symbol	CCDC63	1
by_gender	female	hugo_symbol	CCDC65	2
by_gender	female	hugo_symbol	CCDC69	1
by_gender	female	hugo_symbol	CCDC7	4
by_gender	female	hugo_symbol	CCDC70	2
by_gender	female	hugo_symbol	CCDC71L	1
by_gender	female	hugo_symbol	CCDC73	2
by_gender	female	hugo_symbol	CCDC74A	1
by_gender	female	hugo_symbol	CCDC8	1
by_gender	female	hugo_symbol	CCDC80	1
by_gender	female	hugo_symbol	CCDC81	1
by_gender	female	hugo_symbol	CCDC82	1
by_gender	female	hugo_symbol	CCDC85A	2
by_gender	female	hugo_symbol	CCDC88B	3
by_gender	female	hugo_symbol	CCDC88C	8
by_gender	female	hugo_symbol	CCDC9	1
by_gender	female	hugo_symbol	CCDC90B	1
by_gender	female	hugo_symbol	CCDC91	1
by_gender	female	hugo_symbol	CCDC92	1
by_gender	female	hugo_symbol	CCDC93	2
by_gender	female	hugo_symbol	CCDC96	1
by_gender	female	hugo_symbol	CCER1	1
by_gender	female	hugo_symbol	CCHCR1	1
by_gender	female	hugo_symbol	CCIN	1
by_gender	female	hugo_symbol	CCKAR	3
by_gender	female	hugo_symbol	CCKBR	2
by_gender	female	hugo_symbol	CCL1	2
by_gender	female	hugo_symbol	CCL21	1
by_gender	female	hugo_symbol	CCL24	1
by_gender	female	hugo_symbol	CCL27	1
by_gender	female	hugo_symbol	CCL3	1
by_gender	female	hugo_symbol	CCM2	1
by_gender	female	hugo_symbol	CCN3	3
by_gender	female	hugo_symbol	CCN6	1
by_gender	female	hugo_symbol	CCNA1	2
by_gender	female	hugo_symbol	CCNA2	3
by_gender	female	hugo_symbol	CCNB1IP1	1
by_gender	female	hugo_symbol	CCNB2	1
by_gender	female	hugo_symbol	CCND2	1
by_gender	female	hugo_symbol	CCND3	1
by_gender	female	hugo_symbol	CCNE1	1
by_gender	female	hugo_symbol	CCNE2	1
by_gender	female	hugo_symbol	CCNF	2
by_gender	female	hugo_symbol	CCNG2	2
by_gender	female	hugo_symbol	CCNJ	1
by_gender	female	hugo_symbol	CCNL1	2
by_gender	female	hugo_symbol	CCNO	1
by_gender	female	hugo_symbol	CCNQP1	1
by_gender	female	hugo_symbol	CCNY	2
by_gender	female	hugo_symbol	CCNYL1	1
by_gender	female	hugo_symbol	CCP110	2
by_gender	female	hugo_symbol	CCR1	1
by_gender	female	hugo_symbol	CCR10	1
by_gender	female	hugo_symbol	CCR4	1
by_gender	female	hugo_symbol	CCR7	1
by_gender	female	hugo_symbol	CCR9	1
by_gender	female	hugo_symbol	CCRL2	2
by_gender	female	hugo_symbol	CCS	1
by_gender	female	hugo_symbol	CCSER1	1
by_gender	female	hugo_symbol	CCSER2	1
by_gender	female	hugo_symbol	CCT2	1
by_gender	female	hugo_symbol	CCT6A	1
by_gender	female	hugo_symbol	CCT7	1
by_gender	female	hugo_symbol	CCT8	1
by_gender	female	hugo_symbol	CCT8L2	2
by_gender	female	hugo_symbol	CD109	2
by_gender	female	hugo_symbol	CD14	1
by_gender	female	hugo_symbol	CD160	1
by_gender	female	hugo_symbol	CD163L1	4
by_gender	female	hugo_symbol	CD19	1
by_gender	female	hugo_symbol	CD1A	1
by_gender	female	hugo_symbol	CD1B	2
by_gender	female	hugo_symbol	CD1D	1
by_gender	female	hugo_symbol	CD1E	1
by_gender	female	hugo_symbol	CD2	2
by_gender	female	hugo_symbol	CD22	2
by_gender	female	hugo_symbol	CD226	1
by_gender	female	hugo_symbol	CD248	1
by_gender	female	hugo_symbol	CD274	1
by_gender	female	hugo_symbol	CD276	2
by_gender	female	hugo_symbol	CD300A	1
by_gender	female	hugo_symbol	CD300LD	1
by_gender	female	hugo_symbol	CD300LF	2
by_gender	female	hugo_symbol	CD320	1
by_gender	female	hugo_symbol	CD33	1
by_gender	female	hugo_symbol	CD3E	1
by_gender	female	hugo_symbol	CD4	2
by_gender	female	hugo_symbol	CD44	2
by_gender	female	hugo_symbol	CD46	1
by_gender	female	hugo_symbol	CD5	1
by_gender	female	hugo_symbol	CD55	1
by_gender	female	hugo_symbol	CD58	1
by_gender	female	hugo_symbol	CD59	1
by_gender	female	hugo_symbol	CD5L	1
by_gender	female	hugo_symbol	CD63	1
by_gender	female	hugo_symbol	CD80	1
by_gender	female	hugo_symbol	CD86	1
by_gender	female	hugo_symbol	CD93	3
by_gender	female	hugo_symbol	CDADC1	2
by_gender	female	hugo_symbol	CDAN1	4
by_gender	female	hugo_symbol	CDC14A	2
by_gender	female	hugo_symbol	CDC14B	1
by_gender	female	hugo_symbol	CDC20B	2
by_gender	female	hugo_symbol	CDC34	1
by_gender	female	hugo_symbol	CDC37	1
by_gender	female	hugo_symbol	CDC37L1	1
by_gender	female	hugo_symbol	CDC42	1
by_gender	female	hugo_symbol	CDC42BPA	2
by_gender	female	hugo_symbol	CDC42BPB	1
by_gender	female	hugo_symbol	CDC42BPG	3
by_gender	female	hugo_symbol	CDC42EP2	1
by_gender	female	hugo_symbol	CDC42EP4	1
by_gender	female	hugo_symbol	CDC42SE2	1
by_gender	female	hugo_symbol	CDC5L	1
by_gender	female	hugo_symbol	CDC6	1
by_gender	female	hugo_symbol	CDC7	1
by_gender	female	hugo_symbol	CDC73	3
by_gender	female	hugo_symbol	CDCA2	1
by_gender	female	hugo_symbol	CDCA4	1
by_gender	female	hugo_symbol	CDCA5	2
by_gender	female	hugo_symbol	CDCA8	1
by_gender	female	hugo_symbol	CDCP1	1
by_gender	female	hugo_symbol	CDH1	1
by_gender	female	hugo_symbol	CDH10	6
by_gender	female	hugo_symbol	CDH11	4
by_gender	female	hugo_symbol	CDH12	1
by_gender	female	hugo_symbol	CDH15	2
by_gender	female	hugo_symbol	CDH17	1
by_gender	female	hugo_symbol	CDH18	4
by_gender	female	hugo_symbol	CDH19	1
by_gender	female	hugo_symbol	CDH2	4
by_gender	female	hugo_symbol	CDH20	2
by_gender	female	hugo_symbol	CDH22	2
by_gender	female	hugo_symbol	CDH23	4
by_gender	female	hugo_symbol	CDH26	1
by_gender	female	hugo_symbol	CDH4	3
by_gender	female	hugo_symbol	CDH5	2
by_gender	female	hugo_symbol	CDH6	2
by_gender	female	hugo_symbol	CDH7	1
by_gender	female	hugo_symbol	CDH8	2
by_gender	female	hugo_symbol	CDH9	3
by_gender	female	hugo_symbol	CDHR1	3
by_gender	female	hugo_symbol	CDHR2	3
by_gender	female	hugo_symbol	CDHR3	1
by_gender	female	hugo_symbol	CDIPT	2
by_gender	female	hugo_symbol	CDK10	2
by_gender	female	hugo_symbol	CDK12	2
by_gender	female	hugo_symbol	CDK13	1
by_gender	female	hugo_symbol	CDK14	1
by_gender	female	hugo_symbol	CDK18	1
by_gender	female	hugo_symbol	CDK20	1
by_gender	female	hugo_symbol	CDK4	2
by_gender	female	hugo_symbol	CDK5R1	1
by_gender	female	hugo_symbol	CDK5RAP1	1
by_gender	female	hugo_symbol	CDK5RAP2	3
by_gender	female	hugo_symbol	CDK5RAP3	2
by_gender	female	hugo_symbol	CDK7	1
by_gender	female	hugo_symbol	CDK8	2
by_gender	female	hugo_symbol	CDK9	1
by_gender	female	hugo_symbol	CDKAL1	1
by_gender	female	hugo_symbol	CDKL1	1
by_gender	female	hugo_symbol	CDKL3	1
by_gender	female	hugo_symbol	CDKL4	1
by_gender	female	hugo_symbol	CDKL5	2
by_gender	female	hugo_symbol	CDKN2A	11
by_gender	female	hugo_symbol	CDKN2AIP	1
by_gender	female	hugo_symbol	CDON	1
by_gender	female	hugo_symbol	CDRT4	2
by_gender	female	hugo_symbol	CDSN	1
by_gender	female	hugo_symbol	CDT1	1
by_gender	female	hugo_symbol	CDX4	1
by_gender	female	hugo_symbol	CDYL2	2
by_gender	female	hugo_symbol	CEACAM16	1
by_gender	female	hugo_symbol	CEACAM21	1
by_gender	female	hugo_symbol	CEACAM3	1
by_gender	female	hugo_symbol	CEACAM4	1
by_gender	female	hugo_symbol	CEACAM5	2
by_gender	female	hugo_symbol	CEACAM6	2
by_gender	female	hugo_symbol	CEACAM7	1
by_gender	female	hugo_symbol	CEBPE	1
by_gender	female	hugo_symbol	CEBPZ	2
by_gender	female	hugo_symbol	CECR2	7
by_gender	female	hugo_symbol	CEL	1
by_gender	female	hugo_symbol	CELF2	2
by_gender	female	hugo_symbol	CELF3	1
by_gender	female	hugo_symbol	CELF4	1
by_gender	female	hugo_symbol	CELF6	1
by_gender	female	hugo_symbol	CELSR1	3
by_gender	female	hugo_symbol	CELSR2	2
by_gender	female	hugo_symbol	CELSR3	5
by_gender	female	hugo_symbol	CEMIP	1
by_gender	female	hugo_symbol	CEMIP2	1
by_gender	female	hugo_symbol	CEMP1	1
by_gender	female	hugo_symbol	CENATAC	1
by_gender	female	hugo_symbol	CENPB	1
by_gender	female	hugo_symbol	CENPC	1
by_gender	female	hugo_symbol	CENPE	2
by_gender	female	hugo_symbol	CENPF	3
by_gender	female	hugo_symbol	CENPJ	2
by_gender	female	hugo_symbol	CENPL	1
by_gender	female	hugo_symbol	CENPT	1
by_gender	female	hugo_symbol	CEP112	3
by_gender	female	hugo_symbol	CEP120	4
by_gender	female	hugo_symbol	CEP128	1
by_gender	female	hugo_symbol	CEP131	1
by_gender	female	hugo_symbol	CEP135	2
by_gender	female	hugo_symbol	CEP152	4
by_gender	female	hugo_symbol	CEP162	2
by_gender	female	hugo_symbol	CEP164	1
by_gender	female	hugo_symbol	CEP170	1
by_gender	female	hugo_symbol	CEP170B	2
by_gender	female	hugo_symbol	CEP192	3
by_gender	female	hugo_symbol	CEP20	1
by_gender	female	hugo_symbol	CEP250	1
by_gender	female	hugo_symbol	CEP295	1
by_gender	female	hugo_symbol	CEP350	2
by_gender	female	hugo_symbol	CEP41	1
by_gender	female	hugo_symbol	CEP44	1
by_gender	female	hugo_symbol	CEP63	1
by_gender	female	hugo_symbol	CEP68	1
by_gender	female	hugo_symbol	CEP72	1
by_gender	female	hugo_symbol	CEP76	1
by_gender	female	hugo_symbol	CEP78	1
by_gender	female	hugo_symbol	CEP83	1
by_gender	female	hugo_symbol	CEP85L	2
by_gender	female	hugo_symbol	CEP89	2
by_gender	female	hugo_symbol	CEP95	2
by_gender	female	hugo_symbol	CEP97	1
by_gender	female	hugo_symbol	CEPT1	2
by_gender	female	hugo_symbol	CERCAM	1
by_gender	female	hugo_symbol	CERK	1
by_gender	female	hugo_symbol	CERKL	1
by_gender	female	hugo_symbol	CERS2	1
by_gender	female	hugo_symbol	CERS4	1
by_gender	female	hugo_symbol	CERS5	1
by_gender	female	hugo_symbol	CES3	2
by_gender	female	hugo_symbol	CES5A	1
by_gender	female	hugo_symbol	CFAP100	2
by_gender	female	hugo_symbol	CFAP161	1
by_gender	female	hugo_symbol	CFAP206	1
by_gender	female	hugo_symbol	CFAP20DC	2
by_gender	female	hugo_symbol	CFAP221	2
by_gender	female	hugo_symbol	CFAP251	1
by_gender	female	hugo_symbol	CFAP298-TCP10L	1
by_gender	female	hugo_symbol	CFAP299	1
by_gender	female	hugo_symbol	CFAP300	1
by_gender	female	hugo_symbol	CFAP36	1
by_gender	female	hugo_symbol	CFAP44	1
by_gender	female	hugo_symbol	CFAP46	2
by_gender	female	hugo_symbol	CFAP47	5
by_gender	female	hugo_symbol	CFAP52	2
by_gender	female	hugo_symbol	CFAP54	2
by_gender	female	hugo_symbol	CFAP61	6
by_gender	female	hugo_symbol	CFAP65	3
by_gender	female	hugo_symbol	CFAP69	1
by_gender	female	hugo_symbol	CFAP70	1
by_gender	female	hugo_symbol	CFAP91	1
by_gender	female	hugo_symbol	CFAP92	1
by_gender	female	hugo_symbol	CFAP94	1
by_gender	female	hugo_symbol	CFAP97	4
by_gender	female	hugo_symbol	CFH	3
by_gender	female	hugo_symbol	CFHR1	1
by_gender	female	hugo_symbol	CFI	1
by_gender	female	hugo_symbol	CFLAR	2
by_gender	female	hugo_symbol	CGA	1
by_gender	female	hugo_symbol	CGB5	1
by_gender	female	hugo_symbol	CGB8	1
by_gender	female	hugo_symbol	CGN	1
by_gender	female	hugo_symbol	CGNL1	2
by_gender	female	hugo_symbol	CGRRF1	1
by_gender	female	hugo_symbol	CHAD	1
by_gender	female	hugo_symbol	CHAF1A	1
by_gender	female	hugo_symbol	CHAF1B	2
by_gender	female	hugo_symbol	CHAMP1	1
by_gender	female	hugo_symbol	CHAT	3
by_gender	female	hugo_symbol	CHCHD3	1
by_gender	female	hugo_symbol	CHCHD7	1
by_gender	female	hugo_symbol	CHD1L	1
by_gender	female	hugo_symbol	CHD2	1
by_gender	female	hugo_symbol	CHD3	3
by_gender	female	hugo_symbol	CHD4	3
by_gender	female	hugo_symbol	CHD5	6
by_gender	female	hugo_symbol	CHD6	6
by_gender	female	hugo_symbol	CHD7	5
by_gender	female	hugo_symbol	CHD8	5
by_gender	female	hugo_symbol	CHD9	4
by_gender	female	hugo_symbol	CHDH	1
by_gender	female	hugo_symbol	CHERP	1
by_gender	female	hugo_symbol	CHFR	1
by_gender	female	hugo_symbol	CHGA	1
by_gender	female	hugo_symbol	CHIT1	2
by_gender	female	hugo_symbol	CHL1	1
by_gender	female	hugo_symbol	CHML	3
by_gender	female	hugo_symbol	CHMP1A	2
by_gender	female	hugo_symbol	CHMP2A	1
by_gender	female	hugo_symbol	CHMP2B	1
by_gender	female	hugo_symbol	CHMP7	2
by_gender	female	hugo_symbol	CHPF	1
by_gender	female	hugo_symbol	CHPF2	2
by_gender	female	hugo_symbol	CHRAC1	1
by_gender	female	hugo_symbol	CHRD	2
by_gender	female	hugo_symbol	CHRFAM7A	1
by_gender	female	hugo_symbol	CHRM2	3
by_gender	female	hugo_symbol	CHRM3	1
by_gender	female	hugo_symbol	CHRM5	3
by_gender	female	hugo_symbol	CHRNA1	2
by_gender	female	hugo_symbol	CHRNA10	2
by_gender	female	hugo_symbol	CHRNA2	2
by_gender	female	hugo_symbol	CHRNA3	1
by_gender	female	hugo_symbol	CHRNA4	1
by_gender	female	hugo_symbol	CHRNA9	1
by_gender	female	hugo_symbol	CHRNB4	1
by_gender	female	hugo_symbol	CHRND	1
by_gender	female	hugo_symbol	CHST10	1
by_gender	female	hugo_symbol	CHST12	1
by_gender	female	hugo_symbol	CHST14	1
by_gender	female	hugo_symbol	CHST2	1
by_gender	female	hugo_symbol	CHST5	1
by_gender	female	hugo_symbol	CHST6	1
by_gender	female	hugo_symbol	CHST8	3
by_gender	female	hugo_symbol	CHST9	2
by_gender	female	hugo_symbol	CHSY3	3
by_gender	female	hugo_symbol	CHTF18	1
by_gender	female	hugo_symbol	CIAO2A	1
by_gender	female	hugo_symbol	CIAO3	1
by_gender	female	hugo_symbol	CIAPIN1	1
by_gender	female	hugo_symbol	CIB1	1
by_gender	female	hugo_symbol	CIB2	1
by_gender	female	hugo_symbol	CIBAR1	1
by_gender	female	hugo_symbol	CIC	2
by_gender	female	hugo_symbol	CIDEA	2
by_gender	female	hugo_symbol	CILP2	1
by_gender	female	hugo_symbol	CIP2A	2
by_gender	female	hugo_symbol	CIT	4
by_gender	female	hugo_symbol	CITED2	1
by_gender	female	hugo_symbol	CIZ1	1
by_gender	female	hugo_symbol	CKAP2L	2
by_gender	female	hugo_symbol	CKAP4	1
by_gender	female	hugo_symbol	CKAP5	1
by_gender	female	hugo_symbol	CKB	1
by_gender	female	hugo_symbol	CKM	3
by_gender	female	hugo_symbol	CKMT1A	2
by_gender	female	hugo_symbol	CKMT2	1
by_gender	female	hugo_symbol	CLASP1	1
by_gender	female	hugo_symbol	CLASRP	2
by_gender	female	hugo_symbol	CLCA1	1
by_gender	female	hugo_symbol	CLCA2	1
by_gender	female	hugo_symbol	CLCA3P	1
by_gender	female	hugo_symbol	CLCA4	2
by_gender	female	hugo_symbol	CLCN2	3
by_gender	female	hugo_symbol	CLCN4	1
by_gender	female	hugo_symbol	CLCN5	1
by_gender	female	hugo_symbol	CLCN6	1
by_gender	female	hugo_symbol	CLCN7	2
by_gender	female	hugo_symbol	CLCNKA	1
by_gender	female	hugo_symbol	CLDN17	1
by_gender	female	hugo_symbol	CLDN3	1
by_gender	female	hugo_symbol	CLDN9	1
by_gender	female	hugo_symbol	CLEC11A	1
by_gender	female	hugo_symbol	CLEC12A	1
by_gender	female	hugo_symbol	CLEC12B	2
by_gender	female	hugo_symbol	CLEC14A	3
by_gender	female	hugo_symbol	CLEC16A	1
by_gender	female	hugo_symbol	CLEC18A	1
by_gender	female	hugo_symbol	CLEC18B	1
by_gender	female	hugo_symbol	CLEC18C	1
by_gender	female	hugo_symbol	CLEC2B	1
by_gender	female	hugo_symbol	CLEC4A	1
by_gender	female	hugo_symbol	CLEC4E	1
by_gender	female	hugo_symbol	CLEC4F	2
by_gender	female	hugo_symbol	CLEC4M	1
by_gender	female	hugo_symbol	CLEC9A	1
by_gender	female	hugo_symbol	CLGN	1
by_gender	female	hugo_symbol	CLHC1	1
by_gender	female	hugo_symbol	CLIC2	1
by_gender	female	hugo_symbol	CLIC5	1
by_gender	female	hugo_symbol	CLIC6	1
by_gender	female	hugo_symbol	CLIP1	3
by_gender	female	hugo_symbol	CLIP2	1
by_gender	female	hugo_symbol	CLIP3	2
by_gender	female	hugo_symbol	CLIP4	1
by_gender	female	hugo_symbol	CLK1	3
by_gender	female	hugo_symbol	CLK2	1
by_gender	female	hugo_symbol	CLK3	1
by_gender	female	hugo_symbol	CLN3	1
by_gender	female	hugo_symbol	CLN5	1
by_gender	female	hugo_symbol	CLOCK	3
by_gender	female	hugo_symbol	CLPX	1
by_gender	female	hugo_symbol	CLRN3	1
by_gender	female	hugo_symbol	CLSPN	1
by_gender	female	hugo_symbol	CLSTN2	3
by_gender	female	hugo_symbol	CLSTN3	3
by_gender	female	hugo_symbol	CLTB	1
by_gender	female	hugo_symbol	CLTC	2
by_gender	female	hugo_symbol	CLTCL1	2
by_gender	female	hugo_symbol	CLUH	1
by_gender	female	hugo_symbol	CLVS1	1
by_gender	female	hugo_symbol	CMA1	1
by_gender	female	hugo_symbol	CMIP	1
by_gender	female	hugo_symbol	CMKLR1	1
by_gender	female	hugo_symbol	CMTM8	1
by_gender	female	hugo_symbol	CMTR1	1
by_gender	female	hugo_symbol	CMTR2	2
by_gender	female	hugo_symbol	CMYA5	7
by_gender	female	hugo_symbol	CNBD2	1
by_gender	female	hugo_symbol	CNBP	2
by_gender	female	hugo_symbol	CNDP2	1
by_gender	female	hugo_symbol	CNGA3	2
by_gender	female	hugo_symbol	CNGB1	4
by_gender	female	hugo_symbol	CNKSR2	1
by_gender	female	hugo_symbol	CNKSR3	1
by_gender	female	hugo_symbol	CNMD	2
by_gender	female	hugo_symbol	CNN2	1
by_gender	female	hugo_symbol	CNN3	1
by_gender	female	hugo_symbol	CNNM1	1
by_gender	female	hugo_symbol	CNNM2	2
by_gender	female	hugo_symbol	CNNM3	1
by_gender	female	hugo_symbol	CNNM4	3
by_gender	female	hugo_symbol	CNOT1	1
by_gender	female	hugo_symbol	CNOT10	1
by_gender	female	hugo_symbol	CNOT2	1
by_gender	female	hugo_symbol	CNOT3	4
by_gender	female	hugo_symbol	CNOT4	1
by_gender	female	hugo_symbol	CNOT6L	4
by_gender	female	hugo_symbol	CNP	2
by_gender	female	hugo_symbol	CNPPD1	1
by_gender	female	hugo_symbol	CNPY1	1
by_gender	female	hugo_symbol	CNTD1	2
by_gender	female	hugo_symbol	CNTLN	2
by_gender	female	hugo_symbol	CNTN1	3
by_gender	female	hugo_symbol	CNTN2	1
by_gender	female	hugo_symbol	CNTN3	3
by_gender	female	hugo_symbol	CNTN4	3
by_gender	female	hugo_symbol	CNTN5	1
by_gender	female	hugo_symbol	CNTN6	3
by_gender	female	hugo_symbol	CNTNAP1	1
by_gender	female	hugo_symbol	CNTNAP2	3
by_gender	female	hugo_symbol	CNTNAP3	2
by_gender	female	hugo_symbol	CNTNAP4	5
by_gender	female	hugo_symbol	CNTNAP5	4
by_gender	female	hugo_symbol	CNTRL	4
by_gender	female	hugo_symbol	COBL	1
by_gender	female	hugo_symbol	COBLL1	1
by_gender	female	hugo_symbol	COCH	1
by_gender	female	hugo_symbol	COG1	2
by_gender	female	hugo_symbol	COG3	2
by_gender	female	hugo_symbol	COG4	2
by_gender	female	hugo_symbol	COG7	2
by_gender	female	hugo_symbol	COL10A1	1
by_gender	female	hugo_symbol	COL11A1	4
by_gender	female	hugo_symbol	COL11A2	2
by_gender	female	hugo_symbol	COL12A1	3
by_gender	female	hugo_symbol	COL14A1	1
by_gender	female	hugo_symbol	COL15A1	1
by_gender	female	hugo_symbol	COL16A1	1
by_gender	female	hugo_symbol	COL17A1	2
by_gender	female	hugo_symbol	COL18A1	3
by_gender	female	hugo_symbol	COL19A1	2
by_gender	female	hugo_symbol	COL1A1	1
by_gender	female	hugo_symbol	COL1A2	5
by_gender	female	hugo_symbol	COL21A1	2
by_gender	female	hugo_symbol	COL22A1	2
by_gender	female	hugo_symbol	COL24A1	3
by_gender	female	hugo_symbol	COL25A1	2
by_gender	female	hugo_symbol	COL27A1	1
by_gender	female	hugo_symbol	COL28A1	2
by_gender	female	hugo_symbol	COL2A1	2
by_gender	female	hugo_symbol	COL3A1	3
by_gender	female	hugo_symbol	COL4A1	2
by_gender	female	hugo_symbol	COL4A2	4
by_gender	female	hugo_symbol	COL4A3	1
by_gender	female	hugo_symbol	COL4A4	5
by_gender	female	hugo_symbol	COL4A5	2
by_gender	female	hugo_symbol	COL4A6	3
by_gender	female	hugo_symbol	COL5A1	10
by_gender	female	hugo_symbol	COL5A2	5
by_gender	female	hugo_symbol	COL5A3	5
by_gender	female	hugo_symbol	COL6A1	1
by_gender	female	hugo_symbol	COL6A2	6
by_gender	female	hugo_symbol	COL6A3	5
by_gender	female	hugo_symbol	COL6A6	2
by_gender	female	hugo_symbol	COL7A1	5
by_gender	female	hugo_symbol	COL8A2	2
by_gender	female	hugo_symbol	COL9A1	1
by_gender	female	hugo_symbol	COLEC11	2
by_gender	female	hugo_symbol	COLEC12	3
by_gender	female	hugo_symbol	COMMD1	1
by_gender	female	hugo_symbol	COMMD6	1
by_gender	female	hugo_symbol	COMP	1
by_gender	female	hugo_symbol	COP1	1
by_gender	female	hugo_symbol	COPA	2
by_gender	female	hugo_symbol	COPB1	2
by_gender	female	hugo_symbol	COPB2	1
by_gender	female	hugo_symbol	COPG1	1
by_gender	female	hugo_symbol	COPRS	1
by_gender	female	hugo_symbol	COPS6	1
by_gender	female	hugo_symbol	COPS8	1
by_gender	female	hugo_symbol	COPS9	1
by_gender	female	hugo_symbol	COPZ2	1
by_gender	female	hugo_symbol	COQ8A	1
by_gender	female	hugo_symbol	COQ9	1
by_gender	female	hugo_symbol	CORIN	1
by_gender	female	hugo_symbol	CORO1B	1
by_gender	female	hugo_symbol	CORO2B	1
by_gender	female	hugo_symbol	CORO7	1
by_gender	female	hugo_symbol	COX4I2	1
by_gender	female	hugo_symbol	COX7C	1
by_gender	female	hugo_symbol	CP	3
by_gender	female	hugo_symbol	CPA1	1
by_gender	female	hugo_symbol	CPA5	1
by_gender	female	hugo_symbol	CPAMD8	2
by_gender	female	hugo_symbol	CPB1	1
by_gender	female	hugo_symbol	CPE	2
by_gender	female	hugo_symbol	CPEB1	3
by_gender	female	hugo_symbol	CPEB2	1
by_gender	female	hugo_symbol	CPEB3	1
by_gender	female	hugo_symbol	CPEB4	1
by_gender	female	hugo_symbol	CPLANE1	5
by_gender	female	hugo_symbol	CPLANE2	1
by_gender	female	hugo_symbol	CPLX4	1
by_gender	female	hugo_symbol	CPM	1
by_gender	female	hugo_symbol	CPN1	1
by_gender	female	hugo_symbol	CPN2	1
by_gender	female	hugo_symbol	CPNE2	1
by_gender	female	hugo_symbol	CPNE3	1
by_gender	female	hugo_symbol	CPNE4	2
by_gender	female	hugo_symbol	CPNE5	2
by_gender	female	hugo_symbol	CPNE6	1
by_gender	female	hugo_symbol	CPNE9	1
by_gender	female	hugo_symbol	CPO	1
by_gender	female	hugo_symbol	CPS1	4
by_gender	female	hugo_symbol	CPSF1	2
by_gender	female	hugo_symbol	CPSF2	3
by_gender	female	hugo_symbol	CPSF4	1
by_gender	female	hugo_symbol	CPSF6	1
by_gender	female	hugo_symbol	CPT1A	1
by_gender	female	hugo_symbol	CPT1B	3
by_gender	female	hugo_symbol	CPT1C	1
by_gender	female	hugo_symbol	CPT2	1
by_gender	female	hugo_symbol	CPXCR1	1
by_gender	female	hugo_symbol	CPXM1	1
by_gender	female	hugo_symbol	CPXM2	1
by_gender	female	hugo_symbol	CR1	2
by_gender	female	hugo_symbol	CR2	3
by_gender	female	hugo_symbol	CRACD	2
by_gender	female	hugo_symbol	CRACR2A	1
by_gender	female	hugo_symbol	CRADD	2
by_gender	female	hugo_symbol	CRB1	5
by_gender	female	hugo_symbol	CRB2	3
by_gender	female	hugo_symbol	CREB3L2	2
by_gender	female	hugo_symbol	CREB3L3	1
by_gender	female	hugo_symbol	CREBBP	1
by_gender	female	hugo_symbol	CREBZF	1
by_gender	female	hugo_symbol	CRELD1	1
by_gender	female	hugo_symbol	CRHR2	1
by_gender	female	hugo_symbol	CRIM1	1
by_gender	female	hugo_symbol	CRISP1	1
by_gender	female	hugo_symbol	CRK	1
by_gender	female	hugo_symbol	CRLF1	1
by_gender	female	hugo_symbol	CRMP1	1
by_gender	female	hugo_symbol	CRNN	1
by_gender	female	hugo_symbol	CROT	2
by_gender	female	hugo_symbol	CRTAM	1
by_gender	female	hugo_symbol	CRTC1	1
by_gender	female	hugo_symbol	CRX	2
by_gender	female	hugo_symbol	CRY1	1
by_gender	female	hugo_symbol	CRYBB2	2
by_gender	female	hugo_symbol	CRYBG1	2
by_gender	female	hugo_symbol	CRYBG2	1
by_gender	female	hugo_symbol	CRYBG3	2
by_gender	female	hugo_symbol	CRYGB	1
by_gender	female	hugo_symbol	CRYGC	1
by_gender	female	hugo_symbol	CRYGD	1
by_gender	female	hugo_symbol	CRYM-AS1	1
by_gender	female	hugo_symbol	CRYZL1	1
by_gender	female	hugo_symbol	CSAD	1
by_gender	female	hugo_symbol	CSE1L	2
by_gender	female	hugo_symbol	CSF1	1
by_gender	female	hugo_symbol	CSF1R	1
by_gender	female	hugo_symbol	CSF2RB	1
by_gender	female	hugo_symbol	CSF3R	1
by_gender	female	hugo_symbol	CSGALNACT2	1
by_gender	female	hugo_symbol	CSMD1	7
by_gender	female	hugo_symbol	CSMD2	1
by_gender	female	hugo_symbol	CSMD3	9
by_gender	female	hugo_symbol	CSNK1A1L	2
by_gender	female	hugo_symbol	CSNK1D	1
by_gender	female	hugo_symbol	CSNK2A1	1
by_gender	female	hugo_symbol	CSPG4	5
by_gender	female	hugo_symbol	CSPG5	1
by_gender	female	hugo_symbol	CSPP1	1
by_gender	female	hugo_symbol	CSRNP3	2
by_gender	female	hugo_symbol	CST9L	1
by_gender	female	hugo_symbol	CSTF2	1
by_gender	female	hugo_symbol	CSTF3	3
by_gender	female	hugo_symbol	CT55	1
by_gender	female	hugo_symbol	CTAG2	1
by_gender	female	hugo_symbol	CTBP2	1
by_gender	female	hugo_symbol	CTC1	4
by_gender	female	hugo_symbol	CTCF	2
by_gender	female	hugo_symbol	CTDSP2	1
by_gender	female	hugo_symbol	CTHRC1	1
by_gender	female	hugo_symbol	CTNNA1	4
by_gender	female	hugo_symbol	CTNNA2	3
by_gender	female	hugo_symbol	CTNNA3	2
by_gender	female	hugo_symbol	CTNNAL1	2
by_gender	female	hugo_symbol	CTNNB1	4
by_gender	female	hugo_symbol	CTNND2	2
by_gender	female	hugo_symbol	CTPS1	2
by_gender	female	hugo_symbol	CTPS2	1
by_gender	female	hugo_symbol	CTR9	4
by_gender	female	hugo_symbol	CTSB	2
by_gender	female	hugo_symbol	CTSE	1
by_gender	female	hugo_symbol	CTSG	1
by_gender	female	hugo_symbol	CTSK	1
by_gender	female	hugo_symbol	CTSL3P	2
by_gender	female	hugo_symbol	CTSO	1
by_gender	female	hugo_symbol	CTSS	2
by_gender	female	hugo_symbol	CTSV	2
by_gender	female	hugo_symbol	CTTNBP2	5
by_gender	female	hugo_symbol	CTU2	1
by_gender	female	hugo_symbol	CUBN	6
by_gender	female	hugo_symbol	CUL1	1
by_gender	female	hugo_symbol	CUL3	1
by_gender	female	hugo_symbol	CUL4B	1
by_gender	female	hugo_symbol	CUL5	1
by_gender	female	hugo_symbol	CUL7	6
by_gender	female	hugo_symbol	CUL9	1
by_gender	female	hugo_symbol	CUX1	4
by_gender	female	hugo_symbol	CUX2	1
by_gender	female	hugo_symbol	CUZD1	2
by_gender	female	hugo_symbol	CWC22	1
by_gender	female	hugo_symbol	CWC25	1
by_gender	female	hugo_symbol	CWC27	1
by_gender	female	hugo_symbol	CWF19L1	1
by_gender	female	hugo_symbol	CWH43	3
by_gender	female	hugo_symbol	CXCR1	1
by_gender	female	hugo_symbol	CXCR4	1
by_gender	female	hugo_symbol	CXXC1	2
by_gender	female	hugo_symbol	CXXC4	1
by_gender	female	hugo_symbol	CXorf21	2
by_gender	female	hugo_symbol	CYB5R3	1
by_gender	female	hugo_symbol	CYBC1	1
by_gender	female	hugo_symbol	CYBRD1	1
by_gender	female	hugo_symbol	CYFIP2	2
by_gender	female	hugo_symbol	CYLC1	3
by_gender	female	hugo_symbol	CYLC2	1
by_gender	female	hugo_symbol	CYLD	1
by_gender	female	hugo_symbol	CYP11B1	1
by_gender	female	hugo_symbol	CYP11B2	1
by_gender	female	hugo_symbol	CYP17A1	1
by_gender	female	hugo_symbol	CYP19A1	1
by_gender	female	hugo_symbol	CYP1A1	1
by_gender	female	hugo_symbol	CYP1A2	1
by_gender	female	hugo_symbol	CYP1B1	1
by_gender	female	hugo_symbol	CYP20A1	1
by_gender	female	hugo_symbol	CYP26A1	1
by_gender	female	hugo_symbol	CYP27A1	1
by_gender	female	hugo_symbol	CYP27C1	1
by_gender	female	hugo_symbol	CYP2A13	2
by_gender	female	hugo_symbol	CYP2A7	1
by_gender	female	hugo_symbol	CYP2B6	1
by_gender	female	hugo_symbol	CYP2C18	3
by_gender	female	hugo_symbol	CYP2C8	1
by_gender	female	hugo_symbol	CYP2C9	1
by_gender	female	hugo_symbol	CYP2D6	1
by_gender	female	hugo_symbol	CYP2E1	1
by_gender	female	hugo_symbol	CYP2F1	1
by_gender	female	hugo_symbol	CYP2R1	2
by_gender	female	hugo_symbol	CYP2S1	2
by_gender	female	hugo_symbol	CYP39A1	2
by_gender	female	hugo_symbol	CYP3A5	1
by_gender	female	hugo_symbol	CYP3A7	2
by_gender	female	hugo_symbol	CYP46A1	1
by_gender	female	hugo_symbol	CYP4A22	1
by_gender	female	hugo_symbol	CYP4F11	1
by_gender	female	hugo_symbol	CYP4F12	1
by_gender	female	hugo_symbol	CYP4F2	2
by_gender	female	hugo_symbol	CYP4F22	1
by_gender	female	hugo_symbol	CYP4V2	1
by_gender	female	hugo_symbol	CYP4Z1	1
by_gender	female	hugo_symbol	CYP7A1	1
by_gender	female	hugo_symbol	CYP8B1	2
by_gender	female	hugo_symbol	CYSLTR2	1
by_gender	female	hugo_symbol	CYTH2	1
by_gender	female	hugo_symbol	CYTH3	1
by_gender	female	hugo_symbol	CYTL1	1
by_gender	female	hugo_symbol	D2HGDH	3
by_gender	female	hugo_symbol	DAAM1	3
by_gender	female	hugo_symbol	DAAM2	3
by_gender	female	hugo_symbol	DAB2	1
by_gender	female	hugo_symbol	DAB2IP	1
by_gender	female	hugo_symbol	DACH1	2
by_gender	female	hugo_symbol	DACH2	3
by_gender	female	hugo_symbol	DACT1	2
by_gender	female	hugo_symbol	DAG1	1
by_gender	female	hugo_symbol	DAGLA	3
by_gender	female	hugo_symbol	DAGLB	2
by_gender	female	hugo_symbol	DAO	2
by_gender	female	hugo_symbol	DAPK1	2
by_gender	female	hugo_symbol	DAPP1	1
by_gender	female	hugo_symbol	DARS1	1
by_gender	female	hugo_symbol	DAW1	2
by_gender	female	hugo_symbol	DAXX	3
by_gender	female	hugo_symbol	DBF4B	1
by_gender	female	hugo_symbol	DBNDD2	1
by_gender	female	hugo_symbol	DBP	2
by_gender	female	hugo_symbol	DBR1	1
by_gender	female	hugo_symbol	DBT	1
by_gender	female	hugo_symbol	DCAF1	2
by_gender	female	hugo_symbol	DCAF11	1
by_gender	female	hugo_symbol	DCAF13	1
by_gender	female	hugo_symbol	DCAF15	2
by_gender	female	hugo_symbol	DCAF4	1
by_gender	female	hugo_symbol	DCAF4L1	1
by_gender	female	hugo_symbol	DCAF4L2	1
by_gender	female	hugo_symbol	DCAF5	1
by_gender	female	hugo_symbol	DCAF8	1
by_gender	female	hugo_symbol	DCAF8L1	1
by_gender	female	hugo_symbol	DCBLD2	2
by_gender	female	hugo_symbol	DCC	2
by_gender	female	hugo_symbol	DCDC1	4
by_gender	female	hugo_symbol	DCHS1	10
by_gender	female	hugo_symbol	DCHS2	8
by_gender	female	hugo_symbol	DCLK1	3
by_gender	female	hugo_symbol	DCLK3	1
by_gender	female	hugo_symbol	DCLRE1B	2
by_gender	female	hugo_symbol	DCLRE1C	1
by_gender	female	hugo_symbol	DCN	1
by_gender	female	hugo_symbol	DCP1B	3
by_gender	female	hugo_symbol	DCPS	2
by_gender	female	hugo_symbol	DCST1	1
by_gender	female	hugo_symbol	DCST2	2
by_gender	female	hugo_symbol	DCSTAMP	1
by_gender	female	hugo_symbol	DCT	3
by_gender	female	hugo_symbol	DCTN1	2
by_gender	female	hugo_symbol	DCUN1D3	1
by_gender	female	hugo_symbol	DCUN1D4	2
by_gender	female	hugo_symbol	DDB1	2
by_gender	female	hugo_symbol	DDHD1	3
by_gender	female	hugo_symbol	DDHD2	1
by_gender	female	hugo_symbol	DDI1	1
by_gender	female	hugo_symbol	DDIAS	1
by_gender	female	hugo_symbol	DDN	1
by_gender	female	hugo_symbol	DDO	2
by_gender	female	hugo_symbol	DDOST	1
by_gender	female	hugo_symbol	DDR1	2
by_gender	female	hugo_symbol	DDR2	1
by_gender	female	hugo_symbol	DDX10	3
by_gender	female	hugo_symbol	DDX11	2
by_gender	female	hugo_symbol	DDX18	1
by_gender	female	hugo_symbol	DDX20	1
by_gender	female	hugo_symbol	DDX24	2
by_gender	female	hugo_symbol	DDX25	1
by_gender	female	hugo_symbol	DDX27	2
by_gender	female	hugo_symbol	DDX28	1
by_gender	female	hugo_symbol	DDX31	2
by_gender	female	hugo_symbol	DDX39A	1
by_gender	female	hugo_symbol	DDX3X	1
by_gender	female	hugo_symbol	DDX4	4
by_gender	female	hugo_symbol	DDX41	1
by_gender	female	hugo_symbol	DDX42	1
by_gender	female	hugo_symbol	DDX43	1
by_gender	female	hugo_symbol	DDX46	2
by_gender	female	hugo_symbol	DDX47	2
by_gender	female	hugo_symbol	DDX5	2
by_gender	female	hugo_symbol	DDX50	3
by_gender	female	hugo_symbol	DDX51	1
by_gender	female	hugo_symbol	DDX53	1
by_gender	female	hugo_symbol	DDX54	2
by_gender	female	hugo_symbol	DDX55	1
by_gender	female	hugo_symbol	DDX56	2
by_gender	female	hugo_symbol	DDX58	1
by_gender	female	hugo_symbol	DDX59	2
by_gender	female	hugo_symbol	DDX60	2
by_gender	female	hugo_symbol	DDX60L	3
by_gender	female	hugo_symbol	DEAF1	1
by_gender	female	hugo_symbol	DECR1	1
by_gender	female	hugo_symbol	DECR2	1
by_gender	female	hugo_symbol	DEDD	1
by_gender	female	hugo_symbol	DEF6	1
by_gender	female	hugo_symbol	DEF8	1
by_gender	female	hugo_symbol	DEFA4	1
by_gender	female	hugo_symbol	DEFA6	2
by_gender	female	hugo_symbol	DEFB119	1
by_gender	female	hugo_symbol	DEFB128	1
by_gender	female	hugo_symbol	DEGS1	1
by_gender	female	hugo_symbol	DEK	1
by_gender	female	hugo_symbol	DELE1	1
by_gender	female	hugo_symbol	DENND1A	1
by_gender	female	hugo_symbol	DENND1C	2
by_gender	female	hugo_symbol	DENND2A	1
by_gender	female	hugo_symbol	DENND2B	3
by_gender	female	hugo_symbol	DENND2D	1
by_gender	female	hugo_symbol	DENND3	2
by_gender	female	hugo_symbol	DENND4A	3
by_gender	female	hugo_symbol	DENND4B	4
by_gender	female	hugo_symbol	DENND4C	1
by_gender	female	hugo_symbol	DENND5A	2
by_gender	female	hugo_symbol	DENND5B	1
by_gender	female	hugo_symbol	DENND6A	1
by_gender	female	hugo_symbol	DEPDC1	1
by_gender	female	hugo_symbol	DEPDC4	1
by_gender	female	hugo_symbol	DEPDC5	2
by_gender	female	hugo_symbol	DERL1	1
by_gender	female	hugo_symbol	DERL3	1
by_gender	female	hugo_symbol	DES	1
by_gender	female	hugo_symbol	DGAT1	1
by_gender	female	hugo_symbol	DGAT2L6	1
by_gender	female	hugo_symbol	DGCR2	2
by_gender	female	hugo_symbol	DGCR8	2
by_gender	female	hugo_symbol	DGKA	1
by_gender	female	hugo_symbol	DGKB	3
by_gender	female	hugo_symbol	DGKD	1
by_gender	female	hugo_symbol	DGKG	1
by_gender	female	hugo_symbol	DGKI	2
by_gender	female	hugo_symbol	DGKK	2
by_gender	female	hugo_symbol	DGKQ	2
by_gender	female	hugo_symbol	DGKZ	1
by_gender	female	hugo_symbol	DHCR7	1
by_gender	female	hugo_symbol	DHDDS	1
by_gender	female	hugo_symbol	DHFR	1
by_gender	female	hugo_symbol	DHH	2
by_gender	female	hugo_symbol	DHPS	1
by_gender	female	hugo_symbol	DHRS1	1
by_gender	female	hugo_symbol	DHRS13	3
by_gender	female	hugo_symbol	DHRS2	1
by_gender	female	hugo_symbol	DHRS3	1
by_gender	female	hugo_symbol	DHRS4	1
by_gender	female	hugo_symbol	DHRS4L2	1
by_gender	female	hugo_symbol	DHRS9	1
by_gender	female	hugo_symbol	DHX15	2
by_gender	female	hugo_symbol	DHX16	3
by_gender	female	hugo_symbol	DHX30	5
by_gender	female	hugo_symbol	DHX34	1
by_gender	female	hugo_symbol	DHX36	2
by_gender	female	hugo_symbol	DHX37	1
by_gender	female	hugo_symbol	DHX38	1
by_gender	female	hugo_symbol	DHX40	1
by_gender	female	hugo_symbol	DHX57	3
by_gender	female	hugo_symbol	DHX58	1
by_gender	female	hugo_symbol	DHX8	1
by_gender	female	hugo_symbol	DHX9	3
by_gender	female	hugo_symbol	DIAPH1	3
by_gender	female	hugo_symbol	DIAPH2	1
by_gender	female	hugo_symbol	DIAPH3	2
by_gender	female	hugo_symbol	DICER1	5
by_gender	female	hugo_symbol	DIDO1	6
by_gender	female	hugo_symbol	DIO2	1
by_gender	female	hugo_symbol	DIO3	3
by_gender	female	hugo_symbol	DIP2B	1
by_gender	female	hugo_symbol	DIP2C	4
by_gender	female	hugo_symbol	DIPK1A	1
by_gender	female	hugo_symbol	DIPK2A	3
by_gender	female	hugo_symbol	DIRAS1	1
by_gender	female	hugo_symbol	DIRAS2	1
by_gender	female	hugo_symbol	DIRC1	1
by_gender	female	hugo_symbol	DISC1	1
by_gender	female	hugo_symbol	DISP1	1
by_gender	female	hugo_symbol	DISP2	2
by_gender	female	hugo_symbol	DISP3	4
by_gender	female	hugo_symbol	DIXDC1	1
by_gender	female	hugo_symbol	DKK2	1
by_gender	female	hugo_symbol	DKK4	1
by_gender	female	hugo_symbol	DLAT	3
by_gender	female	hugo_symbol	DLC1	4
by_gender	female	hugo_symbol	DLEC1	4
by_gender	female	hugo_symbol	DLG1	1
by_gender	female	hugo_symbol	DLG2	2
by_gender	female	hugo_symbol	DLG3	2
by_gender	female	hugo_symbol	DLG4	1
by_gender	female	hugo_symbol	DLG5	1
by_gender	female	hugo_symbol	DLGAP1	4
by_gender	female	hugo_symbol	DLGAP2	4
by_gender	female	hugo_symbol	DLGAP3	1
by_gender	female	hugo_symbol	DLGAP4	4
by_gender	female	hugo_symbol	DLGAP5	1
by_gender	female	hugo_symbol	DLK1	1
by_gender	female	hugo_symbol	DLK2	1
by_gender	female	hugo_symbol	DLL3	1
by_gender	female	hugo_symbol	DLL4	1
by_gender	female	hugo_symbol	DMAC1	2
by_gender	female	hugo_symbol	DMBT1	4
by_gender	female	hugo_symbol	DMBX1	1
by_gender	female	hugo_symbol	DMD	4
by_gender	female	hugo_symbol	DMGDH	2
by_gender	female	hugo_symbol	DMPK	2
by_gender	female	hugo_symbol	DMRT1	1
by_gender	female	hugo_symbol	DMRT3	2
by_gender	female	hugo_symbol	DMRTA2	2
by_gender	female	hugo_symbol	DMTF1	3
by_gender	female	hugo_symbol	DMTN	1
by_gender	female	hugo_symbol	DMXL1	4
by_gender	female	hugo_symbol	DMXL2	2
by_gender	female	hugo_symbol	DNA2	1
by_gender	female	hugo_symbol	DNAAF2	1
by_gender	female	hugo_symbol	DNAAF3	2
by_gender	female	hugo_symbol	DNAAF5	2
by_gender	female	hugo_symbol	DNAH1	6
by_gender	female	hugo_symbol	DNAH10	11
by_gender	female	hugo_symbol	DNAH11	7
by_gender	female	hugo_symbol	DNAH17	8
by_gender	female	hugo_symbol	DNAH2	7
by_gender	female	hugo_symbol	DNAH3	8
by_gender	female	hugo_symbol	DNAH5	4
by_gender	female	hugo_symbol	DNAH6	3
by_gender	female	hugo_symbol	DNAH7	3
by_gender	female	hugo_symbol	DNAH8	3
by_gender	female	hugo_symbol	DNAH9	9
by_gender	female	hugo_symbol	DNAI1	2
by_gender	female	hugo_symbol	DNAI2	1
by_gender	female	hugo_symbol	DNAI3	1
by_gender	female	hugo_symbol	DNAI4	3
by_gender	female	hugo_symbol	DNAJA4	1
by_gender	female	hugo_symbol	DNAJB1	1
by_gender	female	hugo_symbol	DNAJB11	1
by_gender	female	hugo_symbol	DNAJB7	1
by_gender	female	hugo_symbol	DNAJB8	1
by_gender	female	hugo_symbol	DNAJC1	1
by_gender	female	hugo_symbol	DNAJC13	3
by_gender	female	hugo_symbol	DNAJC19	1
by_gender	female	hugo_symbol	DNAJC2	1
by_gender	female	hugo_symbol	DNAJC22	1
by_gender	female	hugo_symbol	DNAJC28	1
by_gender	female	hugo_symbol	DNAJC3	2
by_gender	female	hugo_symbol	DNAJC30	1
by_gender	female	hugo_symbol	DNAJC5	2
by_gender	female	hugo_symbol	DNAJC5G	1
by_gender	female	hugo_symbol	DNAJC9	1
by_gender	female	hugo_symbol	DNAL4	1
by_gender	female	hugo_symbol	DNASE1	1
by_gender	female	hugo_symbol	DNASE1L1	1
by_gender	female	hugo_symbol	DNASE1L3	1
by_gender	female	hugo_symbol	DNER	1
by_gender	female	hugo_symbol	DNHD1	3
by_gender	female	hugo_symbol	DNM1	2
by_gender	female	hugo_symbol	DNM1L	2
by_gender	female	hugo_symbol	DNM1P46	1
by_gender	female	hugo_symbol	DNM2	1
by_gender	female	hugo_symbol	DNMBP	3
by_gender	female	hugo_symbol	DNMT3A	3
by_gender	female	hugo_symbol	DNMT3B	2
by_gender	female	hugo_symbol	DNTT	1
by_gender	female	hugo_symbol	DNTTIP1	1
by_gender	female	hugo_symbol	DOC2A	1
by_gender	female	hugo_symbol	DOCK1	3
by_gender	female	hugo_symbol	DOCK10	3
by_gender	female	hugo_symbol	DOCK11	2
by_gender	female	hugo_symbol	DOCK2	5
by_gender	female	hugo_symbol	DOCK3	4
by_gender	female	hugo_symbol	DOCK4	3
by_gender	female	hugo_symbol	DOCK5	1
by_gender	female	hugo_symbol	DOCK6	2
by_gender	female	hugo_symbol	DOCK7	3
by_gender	female	hugo_symbol	DOCK8	5
by_gender	female	hugo_symbol	DOCK9	3
by_gender	female	hugo_symbol	DOK4	2
by_gender	female	hugo_symbol	DOK5	3
by_gender	female	hugo_symbol	DOK7	1
by_gender	female	hugo_symbol	DOLK	2
by_gender	female	hugo_symbol	DOP1A	3
by_gender	female	hugo_symbol	DOP1B	4
by_gender	female	hugo_symbol	DOT1L	2
by_gender	female	hugo_symbol	DPEP3	1
by_gender	female	hugo_symbol	DPF1	1
by_gender	female	hugo_symbol	DPH1	2
by_gender	female	hugo_symbol	DPM3	1
by_gender	female	hugo_symbol	DPP10	3
by_gender	female	hugo_symbol	DPP3	2
by_gender	female	hugo_symbol	DPP4	2
by_gender	female	hugo_symbol	DPP6	3
by_gender	female	hugo_symbol	DPP9	1
by_gender	female	hugo_symbol	DPPA2	1
by_gender	female	hugo_symbol	DPY19L2	1
by_gender	female	hugo_symbol	DPY19L3	1
by_gender	female	hugo_symbol	DPYD	3
by_gender	female	hugo_symbol	DPYS	2
by_gender	female	hugo_symbol	DPYSL2	1
by_gender	female	hugo_symbol	DPYSL4	1
by_gender	female	hugo_symbol	DPYSL5	2
by_gender	female	hugo_symbol	DQX1	1
by_gender	female	hugo_symbol	DRAXIN	2
by_gender	female	hugo_symbol	DRC3	1
by_gender	female	hugo_symbol	DRC7	2
by_gender	female	hugo_symbol	DRD1	3
by_gender	female	hugo_symbol	DRG2	2
by_gender	female	hugo_symbol	DRGX	2
by_gender	female	hugo_symbol	DROSHA	3
by_gender	female	hugo_symbol	DRP2	3
by_gender	female	hugo_symbol	DSC1	3
by_gender	female	hugo_symbol	DSC2	1
by_gender	female	hugo_symbol	DSC3	4
by_gender	female	hugo_symbol	DSCAM	4
by_gender	female	hugo_symbol	DSCAML1	5
by_gender	female	hugo_symbol	DSCC1	2
by_gender	female	hugo_symbol	DSE	2
by_gender	female	hugo_symbol	DSEL	2
by_gender	female	hugo_symbol	DSG1	2
by_gender	female	hugo_symbol	DSG2	1
by_gender	female	hugo_symbol	DSG4	2
by_gender	female	hugo_symbol	DSP	5
by_gender	female	hugo_symbol	DST	12
by_gender	female	hugo_symbol	DST-AS1	1
by_gender	female	hugo_symbol	DTL	1
by_gender	female	hugo_symbol	DTX1	1
by_gender	female	hugo_symbol	DTX2	1
by_gender	female	hugo_symbol	DUOX1	5
by_gender	female	hugo_symbol	DUOXA2	2
by_gender	female	hugo_symbol	DUS1L	1
by_gender	female	hugo_symbol	DUS3L	2
by_gender	female	hugo_symbol	DUS4L-BCAP29	1
by_gender	female	hugo_symbol	DUSP10	1
by_gender	female	hugo_symbol	DUSP12	1
by_gender	female	hugo_symbol	DUSP13	2
by_gender	female	hugo_symbol	DUSP14	1
by_gender	female	hugo_symbol	DUSP15	1
by_gender	female	hugo_symbol	DUSP16	1
by_gender	female	hugo_symbol	DUSP22	1
by_gender	female	hugo_symbol	DUSP26	1
by_gender	female	hugo_symbol	DUSP6	1
by_gender	female	hugo_symbol	DUSP7	2
by_gender	female	hugo_symbol	DUT	1
by_gender	female	hugo_symbol	DVL1	1
by_gender	female	hugo_symbol	DVL2	2
by_gender	female	hugo_symbol	DYM	1
by_gender	female	hugo_symbol	DYNC1H1	4
by_gender	female	hugo_symbol	DYNC1I2	1
by_gender	female	hugo_symbol	DYNC1LI1	3
by_gender	female	hugo_symbol	DYNC1LI2	1
by_gender	female	hugo_symbol	DYNC2H1	7
by_gender	female	hugo_symbol	DYNC2I1	2
by_gender	female	hugo_symbol	DYNC2I2	1
by_gender	female	hugo_symbol	DYRK1A	1
by_gender	female	hugo_symbol	DYRK1B	2
by_gender	female	hugo_symbol	DYRK3	1
by_gender	female	hugo_symbol	DYRK4	2
by_gender	female	hugo_symbol	DYSF	2
by_gender	female	hugo_symbol	DZIP1	2
by_gender	female	hugo_symbol	DZIP1L	1
by_gender	female	hugo_symbol	DZIP3	2
by_gender	female	hugo_symbol	E2F3	2
by_gender	female	hugo_symbol	E2F4	3
by_gender	female	hugo_symbol	E2F5	3
by_gender	female	hugo_symbol	E2F7	1
by_gender	female	hugo_symbol	E2F8	1
by_gender	female	hugo_symbol	E4F1	2
by_gender	female	hugo_symbol	EARS2	1
by_gender	female	hugo_symbol	EBAG9	2
by_gender	female	hugo_symbol	EBLN2	1
by_gender	female	hugo_symbol	EBPL	2
by_gender	female	hugo_symbol	ECE1	2
by_gender	female	hugo_symbol	ECE2	1
by_gender	female	hugo_symbol	ECEL1	2
by_gender	female	hugo_symbol	ECHDC1	1
by_gender	female	hugo_symbol	ECHDC3	1
by_gender	female	hugo_symbol	ECI2	1
by_gender	female	hugo_symbol	ECM1	2
by_gender	female	hugo_symbol	ECM2	3
by_gender	female	hugo_symbol	ECPAS	2
by_gender	female	hugo_symbol	ECRG4	2
by_gender	female	hugo_symbol	ECSIT	1
by_gender	female	hugo_symbol	ECT2	4
by_gender	female	hugo_symbol	ECT2L	1
by_gender	female	hugo_symbol	EDA	1
by_gender	female	hugo_symbol	EDA2R	1
by_gender	female	hugo_symbol	EDAR	1
by_gender	female	hugo_symbol	EDC3	1
by_gender	female	hugo_symbol	EDC4	1
by_gender	female	hugo_symbol	EDDM3A	1
by_gender	female	hugo_symbol	EDEM1	1
by_gender	female	hugo_symbol	EDEM2	1
by_gender	female	hugo_symbol	EDF1	1
by_gender	female	hugo_symbol	EDIL3	1
by_gender	female	hugo_symbol	EDN1	1
by_gender	female	hugo_symbol	EDN3	1
by_gender	female	hugo_symbol	EDNRB	2
by_gender	female	hugo_symbol	EDRF1	2
by_gender	female	hugo_symbol	EEA1	3
by_gender	female	hugo_symbol	EED	1
by_gender	female	hugo_symbol	EEF1AKMT1	1
by_gender	female	hugo_symbol	EEF1AKNMT	2
by_gender	female	hugo_symbol	EEF1D	3
by_gender	female	hugo_symbol	EEF1G	2
by_gender	female	hugo_symbol	EEF2	4
by_gender	female	hugo_symbol	EEFSEC	1
by_gender	female	hugo_symbol	EEPD1	2
by_gender	female	hugo_symbol	EFCAB1	1
by_gender	female	hugo_symbol	EFCAB11	1
by_gender	female	hugo_symbol	EFCAB13	1
by_gender	female	hugo_symbol	EFCAB3	1
by_gender	female	hugo_symbol	EFCAB5	5
by_gender	female	hugo_symbol	EFCAB6	3
by_gender	female	hugo_symbol	EFEMP1	3
by_gender	female	hugo_symbol	EFEMP2	1
by_gender	female	hugo_symbol	EFHB	1
by_gender	female	hugo_symbol	EFHC1	1
by_gender	female	hugo_symbol	EFL1	2
by_gender	female	hugo_symbol	EFR3A	3
by_gender	female	hugo_symbol	EFS	1
by_gender	female	hugo_symbol	EFTUD2	5
by_gender	female	hugo_symbol	EGF	2
by_gender	female	hugo_symbol	EGFL6	2
by_gender	female	hugo_symbol	EGFL7	1
by_gender	female	hugo_symbol	EGFLAM	1
by_gender	female	hugo_symbol	EGFR	2
by_gender	female	hugo_symbol	EGR1	3
by_gender	female	hugo_symbol	EGR3	1
by_gender	female	hugo_symbol	EHD2	1
by_gender	female	hugo_symbol	EHD3	6
by_gender	female	hugo_symbol	EHMT1	2
by_gender	female	hugo_symbol	EHMT2	2
by_gender	female	hugo_symbol	EI24	1
by_gender	female	hugo_symbol	EID3	1
by_gender	female	hugo_symbol	EIF2AK2	2
by_gender	female	hugo_symbol	EIF2AK3	2
by_gender	female	hugo_symbol	EIF2B5	1
by_gender	female	hugo_symbol	EIF2D	1
by_gender	female	hugo_symbol	EIF3A	1
by_gender	female	hugo_symbol	EIF3D	1
by_gender	female	hugo_symbol	EIF3H	1
by_gender	female	hugo_symbol	EIF3K	1
by_gender	female	hugo_symbol	EIF4A2	3
by_gender	female	hugo_symbol	EIF4B	1
by_gender	female	hugo_symbol	EIF4EBP2	1
by_gender	female	hugo_symbol	EIF4ENIF1	1
by_gender	female	hugo_symbol	EIF4G1	5
by_gender	female	hugo_symbol	EIF4G3	3
by_gender	female	hugo_symbol	EIF4H	1
by_gender	female	hugo_symbol	EIF5	2
by_gender	female	hugo_symbol	EIF5B	2
by_gender	female	hugo_symbol	EIPR1	1
by_gender	female	hugo_symbol	ELAC2	3
by_gender	female	hugo_symbol	ELAPOR2	2
by_gender	female	hugo_symbol	ELAVL1	1
by_gender	female	hugo_symbol	ELAVL2	2
by_gender	female	hugo_symbol	ELAVL3	1
by_gender	female	hugo_symbol	ELAVL4	2
by_gender	female	hugo_symbol	ELF3	1
by_gender	female	hugo_symbol	ELFN2	2
by_gender	female	hugo_symbol	ELK4	1
by_gender	female	hugo_symbol	ELL	1
by_gender	female	hugo_symbol	ELMO1	2
by_gender	female	hugo_symbol	ELMO2	1
by_gender	female	hugo_symbol	ELMO3	1
by_gender	female	hugo_symbol	ELMOD1	1
by_gender	female	hugo_symbol	ELMOD2	1
by_gender	female	hugo_symbol	ELOA2	2
by_gender	female	hugo_symbol	ELOC	1
by_gender	female	hugo_symbol	ELOF1	1
by_gender	female	hugo_symbol	ELOVL3	1
by_gender	female	hugo_symbol	ELOVL4	1
by_gender	female	hugo_symbol	ELOVL6	1
by_gender	female	hugo_symbol	ELP1	2
by_gender	female	hugo_symbol	ELP3	1
by_gender	female	hugo_symbol	ELP6	1
by_gender	female	hugo_symbol	ELSPBP1	2
by_gender	female	hugo_symbol	EMC1	2
by_gender	female	hugo_symbol	EMC3	1
by_gender	female	hugo_symbol	EMILIN2	1
by_gender	female	hugo_symbol	EML1	3
by_gender	female	hugo_symbol	EML2	2
by_gender	female	hugo_symbol	EML3	2
by_gender	female	hugo_symbol	EML4	1
by_gender	female	hugo_symbol	EML5	2
by_gender	female	hugo_symbol	EMSY	2
by_gender	female	hugo_symbol	EMX2	1
by_gender	female	hugo_symbol	EN1	2
by_gender	female	hugo_symbol	ENAM	3
by_gender	female	hugo_symbol	ENC1	1
by_gender	female	hugo_symbol	ENDOU	1
by_gender	female	hugo_symbol	ENDOV	1
by_gender	female	hugo_symbol	ENKUR	1
by_gender	female	hugo_symbol	ENO1	1
by_gender	female	hugo_symbol	ENOSF1	1
by_gender	female	hugo_symbol	ENOX1	3
by_gender	female	hugo_symbol	ENOX2	1
by_gender	female	hugo_symbol	ENPEP	3
by_gender	female	hugo_symbol	ENPP2	2
by_gender	female	hugo_symbol	ENPP3	2
by_gender	female	hugo_symbol	ENPP4	1
by_gender	female	hugo_symbol	ENPP5	2
by_gender	female	hugo_symbol	ENPP7	1
by_gender	female	hugo_symbol	ENTHD1	1
by_gender	female	hugo_symbol	ENTPD2	2
by_gender	female	hugo_symbol	ENTPD4	3
by_gender	female	hugo_symbol	ENTPD5	1
by_gender	female	hugo_symbol	ENTPD7	1
by_gender	female	hugo_symbol	EOLA1	1
by_gender	female	hugo_symbol	EOLA2	1
by_gender	female	hugo_symbol	EP300	4
by_gender	female	hugo_symbol	EP400	1
by_gender	female	hugo_symbol	EPAS1	3
by_gender	female	hugo_symbol	EPB41	1
by_gender	female	hugo_symbol	EPB41L1	3
by_gender	female	hugo_symbol	EPB41L2	1
by_gender	female	hugo_symbol	EPB41L3	1
by_gender	female	hugo_symbol	EPB41L4A	3
by_gender	female	hugo_symbol	EPB41L4B	2
by_gender	female	hugo_symbol	EPC1	3
by_gender	female	hugo_symbol	EPC2	3
by_gender	female	hugo_symbol	EPG5	2
by_gender	female	hugo_symbol	EPHA1	3
by_gender	female	hugo_symbol	EPHA10	3
by_gender	female	hugo_symbol	EPHA2	4
by_gender	female	hugo_symbol	EPHA4	2
by_gender	female	hugo_symbol	EPHA5	5
by_gender	female	hugo_symbol	EPHA6	1
by_gender	female	hugo_symbol	EPHA7	1
by_gender	female	hugo_symbol	EPHA8	4
by_gender	female	hugo_symbol	EPHB2	2
by_gender	female	hugo_symbol	EPHB3	1
by_gender	female	hugo_symbol	EPHB4	3
by_gender	female	hugo_symbol	EPHB6	2
by_gender	female	hugo_symbol	EPHX1	2
by_gender	female	hugo_symbol	EPM2AIP1	1
by_gender	female	hugo_symbol	EPN1	1
by_gender	female	hugo_symbol	EPN3	1
by_gender	female	hugo_symbol	EPOR	2
by_gender	female	hugo_symbol	EPPK1	2
by_gender	female	hugo_symbol	EPRS1	1
by_gender	female	hugo_symbol	EPS15	1
by_gender	female	hugo_symbol	EPS8	1
by_gender	female	hugo_symbol	EPS8L1	1
by_gender	female	hugo_symbol	EPS8L2	1
by_gender	female	hugo_symbol	EPS8L3	1
by_gender	female	hugo_symbol	EPSTI1	2
by_gender	female	hugo_symbol	EPX	3
by_gender	female	hugo_symbol	EPYC	1
by_gender	female	hugo_symbol	ERBB2	4
by_gender	female	hugo_symbol	ERBB3	2
by_gender	female	hugo_symbol	ERBB4	5
by_gender	female	hugo_symbol	ERBIN	4
by_gender	female	hugo_symbol	ERC1	4
by_gender	female	hugo_symbol	ERC2	3
by_gender	female	hugo_symbol	ERCC1	1
by_gender	female	hugo_symbol	ERCC3	1
by_gender	female	hugo_symbol	ERCC4	2
by_gender	female	hugo_symbol	ERCC6	2
by_gender	female	hugo_symbol	ERCC6L	1
by_gender	female	hugo_symbol	ERCC6L2	1
by_gender	female	hugo_symbol	ERF	4
by_gender	female	hugo_symbol	ERICH1	1
by_gender	female	hugo_symbol	ERICH3	7
by_gender	female	hugo_symbol	ERMAP	1
by_gender	female	hugo_symbol	ERN1	3
by_gender	female	hugo_symbol	ERN2	3
by_gender	female	hugo_symbol	ERO1A	1
by_gender	female	hugo_symbol	ERO1B	2
by_gender	female	hugo_symbol	ERV3-1	1
by_gender	female	hugo_symbol	ERVW-1	1
by_gender	female	hugo_symbol	ESCO1	3
by_gender	female	hugo_symbol	ESD	1
by_gender	female	hugo_symbol	ESF1	1
by_gender	female	hugo_symbol	ESPL1	2
by_gender	female	hugo_symbol	ESPNL	1
by_gender	female	hugo_symbol	ESR1	1
by_gender	female	hugo_symbol	ESR2	1
by_gender	female	hugo_symbol	ESRP2	2
by_gender	female	hugo_symbol	ESRRA	1
by_gender	female	hugo_symbol	ESYT2	1
by_gender	female	hugo_symbol	ESYT3	2
by_gender	female	hugo_symbol	ETAA1	2
by_gender	female	hugo_symbol	ETFDH	1
by_gender	female	hugo_symbol	ETHE1	1
by_gender	female	hugo_symbol	ETNK1	1
by_gender	female	hugo_symbol	ETNK2	1
by_gender	female	hugo_symbol	ETNPPL	1
by_gender	female	hugo_symbol	ETS2	1
by_gender	female	hugo_symbol	ETV1	1
by_gender	female	hugo_symbol	ETV2	1
by_gender	female	hugo_symbol	ETV3L	1
by_gender	female	hugo_symbol	ETV5	1
by_gender	female	hugo_symbol	ETV7	1
by_gender	female	hugo_symbol	EVC2	2
by_gender	female	hugo_symbol	EVL	1
by_gender	female	hugo_symbol	EVPL	5
by_gender	female	hugo_symbol	EVX1	2
by_gender	female	hugo_symbol	EXD2	1
by_gender	female	hugo_symbol	EXD3	1
by_gender	female	hugo_symbol	EXO1	2
by_gender	female	hugo_symbol	EXO5	1
by_gender	female	hugo_symbol	EXOC1	1
by_gender	female	hugo_symbol	EXOC3	1
by_gender	female	hugo_symbol	EXOC3L4	1
by_gender	female	hugo_symbol	EXOC4	1
by_gender	female	hugo_symbol	EXOC5	1
by_gender	female	hugo_symbol	EXOC6B	1
by_gender	female	hugo_symbol	EXOC7	1
by_gender	female	hugo_symbol	EXOSC10	1
by_gender	female	hugo_symbol	EXOSC3	1
by_gender	female	hugo_symbol	EXOSC8	1
by_gender	female	hugo_symbol	EXOSC9	1
by_gender	female	hugo_symbol	EXPH5	1
by_gender	female	hugo_symbol	EXT1	2
by_gender	female	hugo_symbol	EXT2	2
by_gender	female	hugo_symbol	EXTL1	1
by_gender	female	hugo_symbol	EXTL2	2
by_gender	female	hugo_symbol	EXTL3	6
by_gender	female	hugo_symbol	EYA1	2
by_gender	female	hugo_symbol	EYA2	2
by_gender	female	hugo_symbol	EYA4	1
by_gender	female	hugo_symbol	EYS	3
by_gender	female	hugo_symbol	EZH2	3
by_gender	female	hugo_symbol	EZHIP	3
by_gender	female	hugo_symbol	F10	3
by_gender	female	hugo_symbol	F11R	1
by_gender	female	hugo_symbol	F12	1
by_gender	female	hugo_symbol	F13A1	1
by_gender	female	hugo_symbol	F13B	1
by_gender	female	hugo_symbol	F2RL1	1
by_gender	female	hugo_symbol	F2RL2	1
by_gender	female	hugo_symbol	F2RL3	1
by_gender	female	hugo_symbol	F5	2
by_gender	female	hugo_symbol	F8	3
by_gender	female	hugo_symbol	FAAH2	1
by_gender	female	hugo_symbol	FAAP100	1
by_gender	female	hugo_symbol	FABP4	1
by_gender	female	hugo_symbol	FABP5P3	3
by_gender	female	hugo_symbol	FADS1	1
by_gender	female	hugo_symbol	FADS3	2
by_gender	female	hugo_symbol	FAF2	2
by_gender	female	hugo_symbol	FAHD1	1
by_gender	female	hugo_symbol	FAM102A	1
by_gender	female	hugo_symbol	FAM111A	1
by_gender	female	hugo_symbol	FAM117B	1
by_gender	female	hugo_symbol	FAM120A	3
by_gender	female	hugo_symbol	FAM120B	2
by_gender	female	hugo_symbol	FAM120C	2
by_gender	female	hugo_symbol	FAM124B	1
by_gender	female	hugo_symbol	FAM126A	1
by_gender	female	hugo_symbol	FAM126B	1
by_gender	female	hugo_symbol	FAM131A	1
by_gender	female	hugo_symbol	FAM131B	1
by_gender	female	hugo_symbol	FAM133A	1
by_gender	female	hugo_symbol	FAM135A	3
by_gender	female	hugo_symbol	FAM135B	1
by_gender	female	hugo_symbol	FAM13B	4
by_gender	female	hugo_symbol	FAM149A	3
by_gender	female	hugo_symbol	FAM151A	2
by_gender	female	hugo_symbol	FAM151B	1
by_gender	female	hugo_symbol	FAM155A	1
by_gender	female	hugo_symbol	FAM160A2	2
by_gender	female	hugo_symbol	FAM160B1	1
by_gender	female	hugo_symbol	FAM160B2	1
by_gender	female	hugo_symbol	FAM161A	2
by_gender	female	hugo_symbol	FAM162A	1
by_gender	female	hugo_symbol	FAM166B	1
by_gender	female	hugo_symbol	FAM169A	1
by_gender	female	hugo_symbol	FAM171B	1
by_gender	female	hugo_symbol	FAM181A	1
by_gender	female	hugo_symbol	FAM183BP	2
by_gender	female	hugo_symbol	FAM184A	3
by_gender	female	hugo_symbol	FAM186B	1
by_gender	female	hugo_symbol	FAM20A	3
by_gender	female	hugo_symbol	FAM214A	1
by_gender	female	hugo_symbol	FAM219A	1
by_gender	female	hugo_symbol	FAM220A	1
by_gender	female	hugo_symbol	FAM227B	2
by_gender	female	hugo_symbol	FAM228A	1
by_gender	female	hugo_symbol	FAM234B	2
by_gender	female	hugo_symbol	FAM241B	1
by_gender	female	hugo_symbol	FAM3D	1
by_gender	female	hugo_symbol	FAM47A	2
by_gender	female	hugo_symbol	FAM47B	2
by_gender	female	hugo_symbol	FAM50B	1
by_gender	female	hugo_symbol	FAM53A	2
by_gender	female	hugo_symbol	FAM53C	2
by_gender	female	hugo_symbol	FAM71A	1
by_gender	female	hugo_symbol	FAM71B	3
by_gender	female	hugo_symbol	FAM71D	1
by_gender	female	hugo_symbol	FAM74A3	1
by_gender	female	hugo_symbol	FAM76B	1
by_gender	female	hugo_symbol	FAM78A	2
by_gender	female	hugo_symbol	FAM78B	1
by_gender	female	hugo_symbol	FAM83A	1
by_gender	female	hugo_symbol	FAM83B	1
by_gender	female	hugo_symbol	FAM83C	2
by_gender	female	hugo_symbol	FAM83D	1
by_gender	female	hugo_symbol	FAM83G	1
by_gender	female	hugo_symbol	FAM83H	2
by_gender	female	hugo_symbol	FAM8A1	1
by_gender	female	hugo_symbol	FAM91A1	2
by_gender	female	hugo_symbol	FAM9B	1
by_gender	female	hugo_symbol	FAN1	1
by_gender	female	hugo_symbol	FANCA	2
by_gender	female	hugo_symbol	FANCC	1
by_gender	female	hugo_symbol	FANCG	1
by_gender	female	hugo_symbol	FANCM	2
by_gender	female	hugo_symbol	FAP	1
by_gender	female	hugo_symbol	FAR1	1
by_gender	female	hugo_symbol	FARP1	2
by_gender	female	hugo_symbol	FARP2	1
by_gender	female	hugo_symbol	FARSA	1
by_gender	female	hugo_symbol	FARSB	1
by_gender	female	hugo_symbol	FASLG	1
by_gender	female	hugo_symbol	FASN	4
by_gender	female	hugo_symbol	FASTKD2	2
by_gender	female	hugo_symbol	FASTKD3	3
by_gender	female	hugo_symbol	FAT1	6
by_gender	female	hugo_symbol	FAT2	10
by_gender	female	hugo_symbol	FAT3	4
by_gender	female	hugo_symbol	FAT4	13
by_gender	female	hugo_symbol	FAU	1
by_gender	female	hugo_symbol	FAXC	1
by_gender	female	hugo_symbol	FBH1	2
by_gender	female	hugo_symbol	FBL	1
by_gender	female	hugo_symbol	FBLL1	1
by_gender	female	hugo_symbol	FBLN5	1
by_gender	female	hugo_symbol	FBLN7	2
by_gender	female	hugo_symbol	FBN1	7
by_gender	female	hugo_symbol	FBN2	5
by_gender	female	hugo_symbol	FBN3	4
by_gender	female	hugo_symbol	FBP2	1
by_gender	female	hugo_symbol	FBXL12	1
by_gender	female	hugo_symbol	FBXL13	1
by_gender	female	hugo_symbol	FBXL17	1
by_gender	female	hugo_symbol	FBXL18	1
by_gender	female	hugo_symbol	FBXL2	1
by_gender	female	hugo_symbol	FBXL21P	2
by_gender	female	hugo_symbol	FBXL3	1
by_gender	female	hugo_symbol	FBXO11	2
by_gender	female	hugo_symbol	FBXO15	3
by_gender	female	hugo_symbol	FBXO17	1
by_gender	female	hugo_symbol	FBXO21	1
by_gender	female	hugo_symbol	FBXO24	4
by_gender	female	hugo_symbol	FBXO25	1
by_gender	female	hugo_symbol	FBXO27	1
by_gender	female	hugo_symbol	FBXO31	2
by_gender	female	hugo_symbol	FBXO34	1
by_gender	female	hugo_symbol	FBXO38	1
by_gender	female	hugo_symbol	FBXO42	2
by_gender	female	hugo_symbol	FBXO43	1
by_gender	female	hugo_symbol	FBXO45	2
by_gender	female	hugo_symbol	FBXO47	1
by_gender	female	hugo_symbol	FBXO5	1
by_gender	female	hugo_symbol	FBXO7	3
by_gender	female	hugo_symbol	FBXW10	2
by_gender	female	hugo_symbol	FBXW11	1
by_gender	female	hugo_symbol	FBXW4	1
by_gender	female	hugo_symbol	FBXW7	4
by_gender	female	hugo_symbol	FCAR	2
by_gender	female	hugo_symbol	FCER1A	1
by_gender	female	hugo_symbol	FCGBP	8
by_gender	female	hugo_symbol	FCGR1A	1
by_gender	female	hugo_symbol	FCGR2C	2
by_gender	female	hugo_symbol	FCGR3B	1
by_gender	female	hugo_symbol	FCHO1	1
by_gender	female	hugo_symbol	FCHSD2	1
by_gender	female	hugo_symbol	FCMR	1
by_gender	female	hugo_symbol	FCN1	2
by_gender	female	hugo_symbol	FCN2	1
by_gender	female	hugo_symbol	FCN3	1
by_gender	female	hugo_symbol	FCRL1	1
by_gender	female	hugo_symbol	FCRL3	2
by_gender	female	hugo_symbol	FCRL5	3
by_gender	female	hugo_symbol	FCRLB	1
by_gender	female	hugo_symbol	FCSK	1
by_gender	female	hugo_symbol	FDFT1	2
by_gender	female	hugo_symbol	FDX1	1
by_gender	female	hugo_symbol	FDX2	1
by_gender	female	hugo_symbol	FEM1A	2
by_gender	female	hugo_symbol	FER	6
by_gender	female	hugo_symbol	FER1L6	1
by_gender	female	hugo_symbol	FERMT1	3
by_gender	female	hugo_symbol	FERMT2	1
by_gender	female	hugo_symbol	FERMT3	2
by_gender	female	hugo_symbol	FETUB	1
by_gender	female	hugo_symbol	FEZF1	2
by_gender	female	hugo_symbol	FFAR3	1
by_gender	female	hugo_symbol	FGA	3
by_gender	female	hugo_symbol	FGB	2
by_gender	female	hugo_symbol	FGD1	1
by_gender	female	hugo_symbol	FGD2	1
by_gender	female	hugo_symbol	FGD4	3
by_gender	female	hugo_symbol	FGD6	1
by_gender	female	hugo_symbol	FGF12	1
by_gender	female	hugo_symbol	FGF14	2
by_gender	female	hugo_symbol	FGF2	1
by_gender	female	hugo_symbol	FGF23	1
by_gender	female	hugo_symbol	FGFR1OP2	1
by_gender	female	hugo_symbol	FGFR3	3
by_gender	female	hugo_symbol	FGFR4	1
by_gender	female	hugo_symbol	FGFRL1	1
by_gender	female	hugo_symbol	FGG	1
by_gender	female	hugo_symbol	FGGY	1
by_gender	female	hugo_symbol	FGL1	1
by_gender	female	hugo_symbol	FGL2	1
by_gender	female	hugo_symbol	FGR	1
by_gender	female	hugo_symbol	FH	1
by_gender	female	hugo_symbol	FHDC1	3
by_gender	female	hugo_symbol	FHL2	1
by_gender	female	hugo_symbol	FHOD3	4
by_gender	female	hugo_symbol	FIG4	1
by_gender	female	hugo_symbol	FIGN	2
by_gender	female	hugo_symbol	FILIP1	5
by_gender	female	hugo_symbol	FILIP1L	3
by_gender	female	hugo_symbol	FIP1L1	3
by_gender	female	hugo_symbol	FITM2	1
by_gender	female	hugo_symbol	FKBP10	2
by_gender	female	hugo_symbol	FKBP15	2
by_gender	female	hugo_symbol	FKBP1A	1
by_gender	female	hugo_symbol	FKBP6	1
by_gender	female	hugo_symbol	FLCN	1
by_gender	female	hugo_symbol	FLG	8
by_gender	female	hugo_symbol	FLG2	4
by_gender	female	hugo_symbol	FLII	2
by_gender	female	hugo_symbol	FLNA	7
by_gender	female	hugo_symbol	FLNB	2
by_gender	female	hugo_symbol	FLNC	7
by_gender	female	hugo_symbol	FLOT1	1
by_gender	female	hugo_symbol	FLOT2	1
by_gender	female	hugo_symbol	FLRT1	3
by_gender	female	hugo_symbol	FLRT2	3
by_gender	female	hugo_symbol	FLRT3	2
by_gender	female	hugo_symbol	FLT1	3
by_gender	female	hugo_symbol	FLT3	2
by_gender	female	hugo_symbol	FLT4	4
by_gender	female	hugo_symbol	FLVCR1	1
by_gender	female	hugo_symbol	FLYWCH1	1
by_gender	female	hugo_symbol	FMN1	2
by_gender	female	hugo_symbol	FMN2	2
by_gender	female	hugo_symbol	FMNL1	1
by_gender	female	hugo_symbol	FMNL3	1
by_gender	female	hugo_symbol	FMO1	1
by_gender	female	hugo_symbol	FMO5	1
by_gender	female	hugo_symbol	FMOD	1
by_gender	female	hugo_symbol	FMR1	2
by_gender	female	hugo_symbol	FMR1NB	1
by_gender	female	hugo_symbol	FN1	5
by_gender	female	hugo_symbol	FNBP1L	1
by_gender	female	hugo_symbol	FNDC1	5
by_gender	female	hugo_symbol	FNDC11	1
by_gender	female	hugo_symbol	FNDC3A	1
by_gender	female	hugo_symbol	FNDC8	1
by_gender	female	hugo_symbol	FNIP1	2
by_gender	female	hugo_symbol	FNIP2	1
by_gender	female	hugo_symbol	FNTA	2
by_gender	female	hugo_symbol	FOCAD	2
by_gender	female	hugo_symbol	FOLH1	2
by_gender	female	hugo_symbol	FOLR1	1
by_gender	female	hugo_symbol	FOLR3	2
by_gender	female	hugo_symbol	FOSL2	1
by_gender	female	hugo_symbol	FOXA1	1
by_gender	female	hugo_symbol	FOXA3	1
by_gender	female	hugo_symbol	FOXB1	1
by_gender	female	hugo_symbol	FOXB2	3
by_gender	female	hugo_symbol	FOXC1	1
by_gender	female	hugo_symbol	FOXC2	2
by_gender	female	hugo_symbol	FOXD4	1
by_gender	female	hugo_symbol	FOXD4L1	1
by_gender	female	hugo_symbol	FOXD4L4	1
by_gender	female	hugo_symbol	FOXE1	1
by_gender	female	hugo_symbol	FOXG1	3
by_gender	female	hugo_symbol	FOXI1	1
by_gender	female	hugo_symbol	FOXJ2	2
by_gender	female	hugo_symbol	FOXJ3	1
by_gender	female	hugo_symbol	FOXL2NB	2
by_gender	female	hugo_symbol	FOXN4	1
by_gender	female	hugo_symbol	FOXO3	3
by_gender	female	hugo_symbol	FOXP1	1
by_gender	female	hugo_symbol	FOXP2	1
by_gender	female	hugo_symbol	FOXP3	1
by_gender	female	hugo_symbol	FOXQ1	1
by_gender	female	hugo_symbol	FOXS1	2
by_gender	female	hugo_symbol	FPGS	2
by_gender	female	hugo_symbol	FPGT-TNNI3K	2
by_gender	female	hugo_symbol	FPR1	1
by_gender	female	hugo_symbol	FPR3	1
by_gender	female	hugo_symbol	FRAS1	4
by_gender	female	hugo_symbol	FREM1	3
by_gender	female	hugo_symbol	FREM2	7
by_gender	female	hugo_symbol	FRG2B	1
by_gender	female	hugo_symbol	FRG2C	2
by_gender	female	hugo_symbol	FRMD3	2
by_gender	female	hugo_symbol	FRMD4A	2
by_gender	female	hugo_symbol	FRMD4B	1
by_gender	female	hugo_symbol	FRMD5	2
by_gender	female	hugo_symbol	FRMD6	1
by_gender	female	hugo_symbol	FRMD7	2
by_gender	female	hugo_symbol	FRMD8	2
by_gender	female	hugo_symbol	FRMPD1	5
by_gender	female	hugo_symbol	FRMPD2	2
by_gender	female	hugo_symbol	FRMPD3	1
by_gender	female	hugo_symbol	FRMPD4	2
by_gender	female	hugo_symbol	FRS3	1
by_gender	female	hugo_symbol	FRY	4
by_gender	female	hugo_symbol	FRYL	5
by_gender	female	hugo_symbol	FRZB	1
by_gender	female	hugo_symbol	FSCB	2
by_gender	female	hugo_symbol	FSCN1	1
by_gender	female	hugo_symbol	FSCN3	2
by_gender	female	hugo_symbol	FSD2	2
by_gender	female	hugo_symbol	FSHB	1
by_gender	female	hugo_symbol	FSIP1	1
by_gender	female	hugo_symbol	FSIP2	5
by_gender	female	hugo_symbol	FSTL3	1
by_gender	female	hugo_symbol	FSTL5	1
by_gender	female	hugo_symbol	FTCD	2
by_gender	female	hugo_symbol	FTHL17	2
by_gender	female	hugo_symbol	FTMT	3
by_gender	female	hugo_symbol	FTO	1
by_gender	female	hugo_symbol	FTSJ1	2
by_gender	female	hugo_symbol	FTSJ3	3
by_gender	female	hugo_symbol	FUBP3	1
by_gender	female	hugo_symbol	FUT4	1
by_gender	female	hugo_symbol	FUT6	1
by_gender	female	hugo_symbol	FUT7	1
by_gender	female	hugo_symbol	FXR1	1
by_gender	female	hugo_symbol	FXR2	1
by_gender	female	hugo_symbol	FYCO1	3
by_gender	female	hugo_symbol	FZD1	5
by_gender	female	hugo_symbol	FZD10	2
by_gender	female	hugo_symbol	FZD2	1
by_gender	female	hugo_symbol	FZD3	2
by_gender	female	hugo_symbol	FZD6	1
by_gender	female	hugo_symbol	FZD9	2
by_gender	female	hugo_symbol	G2E3	1
by_gender	female	hugo_symbol	G3BP1	2
by_gender	female	hugo_symbol	G3BP2	1
by_gender	female	hugo_symbol	G6PC2	1
by_gender	female	hugo_symbol	G6PC3	1
by_gender	female	hugo_symbol	GAA	1
by_gender	female	hugo_symbol	GAB2	2
by_gender	female	hugo_symbol	GAB3	2
by_gender	female	hugo_symbol	GAB4	1
by_gender	female	hugo_symbol	GABARAPL1	1
by_gender	female	hugo_symbol	GABARAPL2	1
by_gender	female	hugo_symbol	GABBR2	1
by_gender	female	hugo_symbol	GABPA	2
by_gender	female	hugo_symbol	GABRA2	1
by_gender	female	hugo_symbol	GABRA4	4
by_gender	female	hugo_symbol	GABRA5	4
by_gender	female	hugo_symbol	GABRB1	1
by_gender	female	hugo_symbol	GABRB3	4
by_gender	female	hugo_symbol	GABRE	1
by_gender	female	hugo_symbol	GABRG3	1
by_gender	female	hugo_symbol	GABRQ	2
by_gender	female	hugo_symbol	GABRR3	3
by_gender	female	hugo_symbol	GAD1	3
by_gender	female	hugo_symbol	GAD2	2
by_gender	female	hugo_symbol	GAK	5
by_gender	female	hugo_symbol	GAL3ST1	1
by_gender	female	hugo_symbol	GALC	1
by_gender	female	hugo_symbol	GALNT1	1
by_gender	female	hugo_symbol	GALNT10	1
by_gender	female	hugo_symbol	GALNT13	1
by_gender	female	hugo_symbol	GALNT15	1
by_gender	female	hugo_symbol	GALNT18	2
by_gender	female	hugo_symbol	GALNT5	1
by_gender	female	hugo_symbol	GALNT6	1
by_gender	female	hugo_symbol	GALNT7	1
by_gender	female	hugo_symbol	GALNT9	2
by_gender	female	hugo_symbol	GALNTL5	1
by_gender	female	hugo_symbol	GALNTL6	1
by_gender	female	hugo_symbol	GALR1	2
by_gender	female	hugo_symbol	GALR2	1
by_gender	female	hugo_symbol	GAN	3
by_gender	female	hugo_symbol	GANAB	2
by_gender	female	hugo_symbol	GANC	1
by_gender	female	hugo_symbol	GAP43	1
by_gender	female	hugo_symbol	GAPDHS	1
by_gender	female	hugo_symbol	GAPT	1
by_gender	female	hugo_symbol	GAPVD1	3
by_gender	female	hugo_symbol	GAREM1	2
by_gender	female	hugo_symbol	GARRE1	2
by_gender	female	hugo_symbol	GARS1	4
by_gender	female	hugo_symbol	GAS2	3
by_gender	female	hugo_symbol	GAS2L1	2
by_gender	female	hugo_symbol	GAS2L2	2
by_gender	female	hugo_symbol	GAS2L3	3
by_gender	female	hugo_symbol	GAS6	3
by_gender	female	hugo_symbol	GAS7	4
by_gender	female	hugo_symbol	GAS8	1
by_gender	female	hugo_symbol	GASK1B	1
by_gender	female	hugo_symbol	GAST	1
by_gender	female	hugo_symbol	GATA2	1
by_gender	female	hugo_symbol	GATA4	1
by_gender	female	hugo_symbol	GATAD2A	1
by_gender	female	hugo_symbol	GATAD2B	2
by_gender	female	hugo_symbol	GBA2	2
by_gender	female	hugo_symbol	GBA3	2
by_gender	female	hugo_symbol	GBE1	3
by_gender	female	hugo_symbol	GBF1	1
by_gender	female	hugo_symbol	GBP1	1
by_gender	female	hugo_symbol	GBP2	1
by_gender	female	hugo_symbol	GBP4	2
by_gender	female	hugo_symbol	GBP5	1
by_gender	female	hugo_symbol	GBX1	1
by_gender	female	hugo_symbol	GBX2	2
by_gender	female	hugo_symbol	GCC1	2
by_gender	female	hugo_symbol	GCDH	2
by_gender	female	hugo_symbol	GCFC2	1
by_gender	female	hugo_symbol	GCH1	1
by_gender	female	hugo_symbol	GCHFR	1
by_gender	female	hugo_symbol	GCK	1
by_gender	female	hugo_symbol	GCKR	1
by_gender	female	hugo_symbol	GCLM	1
by_gender	female	hugo_symbol	GCM1	3
by_gender	female	hugo_symbol	GCM2	2
by_gender	female	hugo_symbol	GCN1	2
by_gender	female	hugo_symbol	GCNA	1
by_gender	female	hugo_symbol	GCNT2	2
by_gender	female	hugo_symbol	GCOM1	1
by_gender	female	hugo_symbol	GCSAML	1
by_gender	female	hugo_symbol	GDAP1L1	1
by_gender	female	hugo_symbol	GDAP2	3
by_gender	female	hugo_symbol	GDF11	1
by_gender	female	hugo_symbol	GDF5	1
by_gender	female	hugo_symbol	GDF6	1
by_gender	female	hugo_symbol	GDF7	1
by_gender	female	hugo_symbol	GDF9	1
by_gender	female	hugo_symbol	GDI2	2
by_gender	female	hugo_symbol	GDPD3	1
by_gender	female	hugo_symbol	GDPD4	2
by_gender	female	hugo_symbol	GDPD5	2
by_gender	female	hugo_symbol	GDPGP1	1
by_gender	female	hugo_symbol	GEMIN4	3
by_gender	female	hugo_symbol	GEMIN8	1
by_gender	female	hugo_symbol	GEN1	1
by_gender	female	hugo_symbol	GFAP	2
by_gender	female	hugo_symbol	GFI1B	1
by_gender	female	hugo_symbol	GFM2	1
by_gender	female	hugo_symbol	GFOD1	1
by_gender	female	hugo_symbol	GFPT1	1
by_gender	female	hugo_symbol	GFPT2	2
by_gender	female	hugo_symbol	GFRA1	2
by_gender	female	hugo_symbol	GFRA2	2
by_gender	female	hugo_symbol	GFRA3	1
by_gender	female	hugo_symbol	GFRAL	1
by_gender	female	hugo_symbol	GGA1	1
by_gender	female	hugo_symbol	GGA3	2
by_gender	female	hugo_symbol	GGCX	1
by_gender	female	hugo_symbol	GGH	1
by_gender	female	hugo_symbol	GGNBP1	2
by_gender	female	hugo_symbol	GGNBP2	1
by_gender	female	hugo_symbol	GGT1	1
by_gender	female	hugo_symbol	GGT5	2
by_gender	female	hugo_symbol	GGTLC2	1
by_gender	female	hugo_symbol	GHDC	1
by_gender	female	hugo_symbol	GHR	1
by_gender	female	hugo_symbol	GHRHR	1
by_gender	female	hugo_symbol	GIGYF1	2
by_gender	female	hugo_symbol	GIMAP1	2
by_gender	female	hugo_symbol	GIMAP5	1
by_gender	female	hugo_symbol	GIMAP8	1
by_gender	female	hugo_symbol	GINS2	1
by_gender	female	hugo_symbol	GINS3	1
by_gender	female	hugo_symbol	GIPC2	2
by_gender	female	hugo_symbol	GIT1	1
by_gender	female	hugo_symbol	GIT2	1
by_gender	female	hugo_symbol	GJA4	1
by_gender	female	hugo_symbol	GJA8	2
by_gender	female	hugo_symbol	GJB6	1
by_gender	female	hugo_symbol	GJC1	1
by_gender	female	hugo_symbol	GJC2	2
by_gender	female	hugo_symbol	GJD4	1
by_gender	female	hugo_symbol	GK2	3
by_gender	female	hugo_symbol	GLB1	1
by_gender	female	hugo_symbol	GLB1L	4
by_gender	female	hugo_symbol	GLB1L2	2
by_gender	female	hugo_symbol	GLB1L3	1
by_gender	female	hugo_symbol	GLCCI1	1
by_gender	female	hugo_symbol	GLCE	1
by_gender	female	hugo_symbol	GLDC	1
by_gender	female	hugo_symbol	GLDN	2
by_gender	female	hugo_symbol	GLE1	1
by_gender	female	hugo_symbol	GLG1	1
by_gender	female	hugo_symbol	GLI1	5
by_gender	female	hugo_symbol	GLI2	1
by_gender	female	hugo_symbol	GLI3	6
by_gender	female	hugo_symbol	GLIPR1	1
by_gender	female	hugo_symbol	GLIS2	2
by_gender	female	hugo_symbol	GLIS3	2
by_gender	female	hugo_symbol	GLMN	1
by_gender	female	hugo_symbol	GLO1	1
by_gender	female	hugo_symbol	GLP2R	3
by_gender	female	hugo_symbol	GLRA2	2
by_gender	female	hugo_symbol	GLRX3	1
by_gender	female	hugo_symbol	GLRXP3	1
by_gender	female	hugo_symbol	GLS	2
by_gender	female	hugo_symbol	GLT1D1	1
by_gender	female	hugo_symbol	GLT6D1	2
by_gender	female	hugo_symbol	GLUD2	1
by_gender	female	hugo_symbol	GLYATL1	1
by_gender	female	hugo_symbol	GMEB1	2
by_gender	female	hugo_symbol	GMPPA	1
by_gender	female	hugo_symbol	GMPR	1
by_gender	female	hugo_symbol	GNA11	2
by_gender	female	hugo_symbol	GNA15	1
by_gender	female	hugo_symbol	GNAI1	1
by_gender	female	hugo_symbol	GNAI2	1
by_gender	female	hugo_symbol	GNAI3	1
by_gender	female	hugo_symbol	GNAO1	2
by_gender	female	hugo_symbol	GNAQ	1
by_gender	female	hugo_symbol	GNAS	2
by_gender	female	hugo_symbol	GNAT1	1
by_gender	female	hugo_symbol	GNAZ	1
by_gender	female	hugo_symbol	GNB1	2
by_gender	female	hugo_symbol	GNB1L	1
by_gender	female	hugo_symbol	GNB2	1
by_gender	female	hugo_symbol	GNB3	1
by_gender	female	hugo_symbol	GNB4	1
by_gender	female	hugo_symbol	GNB5	1
by_gender	female	hugo_symbol	GNE	2
by_gender	female	hugo_symbol	GNL1	1
by_gender	female	hugo_symbol	GNL2	1
by_gender	female	hugo_symbol	GNPDA1	2
by_gender	female	hugo_symbol	GNPTAB	2
by_gender	female	hugo_symbol	GNRHR	1
by_gender	female	hugo_symbol	GOLGA1	1
by_gender	female	hugo_symbol	GOLGA2	1
by_gender	female	hugo_symbol	GOLGA3	2
by_gender	female	hugo_symbol	GOLGA6B	1
by_gender	female	hugo_symbol	GOLGA6L22	1
by_gender	female	hugo_symbol	GOLGA8G	1
by_gender	female	hugo_symbol	GOLGB1	4
by_gender	female	hugo_symbol	GOLIM4	1
by_gender	female	hugo_symbol	GOLM2	2
by_gender	female	hugo_symbol	GOLPH3	3
by_gender	female	hugo_symbol	GOLPH3L	1
by_gender	female	hugo_symbol	GOLT1B	1
by_gender	female	hugo_symbol	GON4L	2
by_gender	female	hugo_symbol	GORASP2	1
by_gender	female	hugo_symbol	GOT1	2
by_gender	female	hugo_symbol	GP2	1
by_gender	female	hugo_symbol	GP5	2
by_gender	female	hugo_symbol	GP6	2
by_gender	female	hugo_symbol	GP9	2
by_gender	female	hugo_symbol	GPA33	1
by_gender	female	hugo_symbol	GPAM	3
by_gender	female	hugo_symbol	GPAT2	1
by_gender	female	hugo_symbol	GPBAR1	1
by_gender	female	hugo_symbol	GPC3	1
by_gender	female	hugo_symbol	GPC4	2
by_gender	female	hugo_symbol	GPC5	3
by_gender	female	hugo_symbol	GPD1	1
by_gender	female	hugo_symbol	GPER1	2
by_gender	female	hugo_symbol	GPI	2
by_gender	female	hugo_symbol	GPKOW	2
by_gender	female	hugo_symbol	GPLD1	1
by_gender	female	hugo_symbol	GPM6A	1
by_gender	female	hugo_symbol	GPN1	1
by_gender	female	hugo_symbol	GPR108	1
by_gender	female	hugo_symbol	GPR12	1
by_gender	female	hugo_symbol	GPR137	1
by_gender	female	hugo_symbol	GPR137B	2
by_gender	female	hugo_symbol	GPR139	1
by_gender	female	hugo_symbol	GPR142	1
by_gender	female	hugo_symbol	GPR143	1
by_gender	female	hugo_symbol	GPR148	2
by_gender	female	hugo_symbol	GPR149	2
by_gender	female	hugo_symbol	GPR153	1
by_gender	female	hugo_symbol	GPR155	1
by_gender	female	hugo_symbol	GPR158	1
by_gender	female	hugo_symbol	GPR161	1
by_gender	female	hugo_symbol	GPR171	1
by_gender	female	hugo_symbol	GPR173	1
by_gender	female	hugo_symbol	GPR174	1
by_gender	female	hugo_symbol	GPR179	1
by_gender	female	hugo_symbol	GPR182	2
by_gender	female	hugo_symbol	GPR19	1
by_gender	female	hugo_symbol	GPR21	2
by_gender	female	hugo_symbol	GPR26	2
by_gender	female	hugo_symbol	GPR3	1
by_gender	female	hugo_symbol	GPR39	2
by_gender	female	hugo_symbol	GPR4	1
by_gender	female	hugo_symbol	GPR6	1
by_gender	female	hugo_symbol	GPR61	1
by_gender	female	hugo_symbol	GPR62	2
by_gender	female	hugo_symbol	GPR83	1
by_gender	female	hugo_symbol	GPR87	1
by_gender	female	hugo_symbol	GPRASP1	2
by_gender	female	hugo_symbol	GPRASP2	3
by_gender	female	hugo_symbol	GPRC5B	3
by_gender	female	hugo_symbol	GPRC5C	3
by_gender	female	hugo_symbol	GPRC6A	1
by_gender	female	hugo_symbol	GPRIN2	2
by_gender	female	hugo_symbol	GPRIN3	2
by_gender	female	hugo_symbol	GPS1	1
by_gender	female	hugo_symbol	GPSM2	1
by_gender	female	hugo_symbol	GPT	1
by_gender	female	hugo_symbol	GPT2	1
by_gender	female	hugo_symbol	GPX5	2
by_gender	female	hugo_symbol	GRAMD1A	2
by_gender	female	hugo_symbol	GRAMD1B	1
by_gender	female	hugo_symbol	GRAMD1C	1
by_gender	female	hugo_symbol	GRAMD2A	1
by_gender	female	hugo_symbol	GRAP2	1
by_gender	female	hugo_symbol	GRB10	2
by_gender	female	hugo_symbol	GRB7	1
by_gender	female	hugo_symbol	GREB1	4
by_gender	female	hugo_symbol	GRHL1	1
by_gender	female	hugo_symbol	GRHL2	4
by_gender	female	hugo_symbol	GRHL3	1
by_gender	female	hugo_symbol	GRIA1	1
by_gender	female	hugo_symbol	GRIA4	1
by_gender	female	hugo_symbol	GRID1	4
by_gender	female	hugo_symbol	GRID2	4
by_gender	female	hugo_symbol	GRIK2	3
by_gender	female	hugo_symbol	GRIK3	2
by_gender	female	hugo_symbol	GRIK5	1
by_gender	female	hugo_symbol	GRIN1	1
by_gender	female	hugo_symbol	GRIN2A	4
by_gender	female	hugo_symbol	GRIN2B	2
by_gender	female	hugo_symbol	GRIN2C	3
by_gender	female	hugo_symbol	GRIN2D	3
by_gender	female	hugo_symbol	GRIN3A	3
by_gender	female	hugo_symbol	GRIN3B	1
by_gender	female	hugo_symbol	GRIP1	1
by_gender	female	hugo_symbol	GRIP2	3
by_gender	female	hugo_symbol	GRK1	1
by_gender	female	hugo_symbol	GRK6	1
by_gender	female	hugo_symbol	GRK7	2
by_gender	female	hugo_symbol	GRM1	5
by_gender	female	hugo_symbol	GRM2	2
by_gender	female	hugo_symbol	GRM3	1
by_gender	female	hugo_symbol	GRM4	2
by_gender	female	hugo_symbol	GRM5	4
by_gender	female	hugo_symbol	GRM6	1
by_gender	female	hugo_symbol	GRM7	3
by_gender	female	hugo_symbol	GRM8	1
by_gender	female	hugo_symbol	GRPR	1
by_gender	female	hugo_symbol	GRSF1	2
by_gender	female	hugo_symbol	GRWD1	1
by_gender	female	hugo_symbol	GRXCR1	1
by_gender	female	hugo_symbol	GSAP	1
by_gender	female	hugo_symbol	GSDMB	1
by_gender	female	hugo_symbol	GSDMC	1
by_gender	female	hugo_symbol	GSDMD	1
by_gender	female	hugo_symbol	GSDME	1
by_gender	female	hugo_symbol	GSE1	2
by_gender	female	hugo_symbol	GSG1L	3
by_gender	female	hugo_symbol	GSK3B	1
by_gender	female	hugo_symbol	GSN	1
by_gender	female	hugo_symbol	GSPT1	1
by_gender	female	hugo_symbol	GSTA3	1
by_gender	female	hugo_symbol	GSTA4	1
by_gender	female	hugo_symbol	GSTA5	1
by_gender	female	hugo_symbol	GSTCD	2
by_gender	female	hugo_symbol	GSTM2	1
by_gender	female	hugo_symbol	GSTO2	1
by_gender	female	hugo_symbol	GSTP1	1
by_gender	female	hugo_symbol	GTF2E1	1
by_gender	female	hugo_symbol	GTF2F1	1
by_gender	female	hugo_symbol	GTF2H1	1
by_gender	female	hugo_symbol	GTF2H4	1
by_gender	female	hugo_symbol	GTF2IRD1	1
by_gender	female	hugo_symbol	GTF2IRD2B	1
by_gender	female	hugo_symbol	GTF3A	1
by_gender	female	hugo_symbol	GTF3C1	4
by_gender	female	hugo_symbol	GTF3C2	3
by_gender	female	hugo_symbol	GTPBP3	2
by_gender	female	hugo_symbol	GTPBP6	1
by_gender	female	hugo_symbol	GTSE1	2
by_gender	female	hugo_symbol	GUCA1A	1
by_gender	female	hugo_symbol	GUCA1C	2
by_gender	female	hugo_symbol	GUCD1	1
by_gender	female	hugo_symbol	GUCY1A1	1
by_gender	female	hugo_symbol	GUCY2C	2
by_gender	female	hugo_symbol	GUCY2F	1
by_gender	female	hugo_symbol	GUF1	1
by_gender	female	hugo_symbol	GXYLT1	1
by_gender	female	hugo_symbol	GYS1	1
by_gender	female	hugo_symbol	GZF1	4
by_gender	female	hugo_symbol	GZMK	1
by_gender	female	hugo_symbol	H1-1	1
by_gender	female	hugo_symbol	H1-3	2
by_gender	female	hugo_symbol	H1-4	1
by_gender	female	hugo_symbol	H1-5	1
by_gender	female	hugo_symbol	H1-6	1
by_gender	female	hugo_symbol	H1-7	1
by_gender	female	hugo_symbol	H2AC1	1
by_gender	female	hugo_symbol	H2AC6	1
by_gender	female	hugo_symbol	H2AP	1
by_gender	female	hugo_symbol	H2AZ1	2
by_gender	female	hugo_symbol	H2BC10	1
by_gender	female	hugo_symbol	H2BC11	2
by_gender	female	hugo_symbol	H2BC7	1
by_gender	female	hugo_symbol	H2BC8	1
by_gender	female	hugo_symbol	H2BC9	1
by_gender	female	hugo_symbol	H2BU1	2
by_gender	female	hugo_symbol	H3-3A	1
by_gender	female	hugo_symbol	H3-5	1
by_gender	female	hugo_symbol	H3C11	1
by_gender	female	hugo_symbol	H3C12	2
by_gender	female	hugo_symbol	H4C4	1
by_gender	female	hugo_symbol	H4C7	1
by_gender	female	hugo_symbol	H6PD	3
by_gender	female	hugo_symbol	HABP2	1
by_gender	female	hugo_symbol	HACD1	1
by_gender	female	hugo_symbol	HACD2	1
by_gender	female	hugo_symbol	HACD3	1
by_gender	female	hugo_symbol	HACE1	3
by_gender	female	hugo_symbol	HADH	1
by_gender	female	hugo_symbol	HADHA	1
by_gender	female	hugo_symbol	HADHB	2
by_gender	female	hugo_symbol	HAGH	1
by_gender	female	hugo_symbol	HAL	1
by_gender	female	hugo_symbol	HAND2	1
by_gender	female	hugo_symbol	HAO1	1
by_gender	female	hugo_symbol	HAO2	2
by_gender	female	hugo_symbol	HAP1	1
by_gender	female	hugo_symbol	HAPLN3	2
by_gender	female	hugo_symbol	HARBI1	1
by_gender	female	hugo_symbol	HAS1	2
by_gender	female	hugo_symbol	HAS2	2
by_gender	female	hugo_symbol	HASPIN	1
by_gender	female	hugo_symbol	HAUS2	1
by_gender	female	hugo_symbol	HAUS3	1
by_gender	female	hugo_symbol	HAUS5	3
by_gender	female	hugo_symbol	HAUS6	1
by_gender	female	hugo_symbol	HBB	1
by_gender	female	hugo_symbol	HBQ1	1
by_gender	female	hugo_symbol	HBS1L	2
by_gender	female	hugo_symbol	HCAR1	1
by_gender	female	hugo_symbol	HCAR2	2
by_gender	female	hugo_symbol	HCFC1	2
by_gender	female	hugo_symbol	HCFC2	2
by_gender	female	hugo_symbol	HCN1	3
by_gender	female	hugo_symbol	HCN4	2
by_gender	female	hugo_symbol	HCRTR1	1
by_gender	female	hugo_symbol	HCRTR2	1
by_gender	female	hugo_symbol	HDAC4	2
by_gender	female	hugo_symbol	HDAC5	1
by_gender	female	hugo_symbol	HDAC6	1
by_gender	female	hugo_symbol	HDAC7	2
by_gender	female	hugo_symbol	HDAC9	4
by_gender	female	hugo_symbol	HDGF	1
by_gender	female	hugo_symbol	HDGFL2	1
by_gender	female	hugo_symbol	HDHD2	1
by_gender	female	hugo_symbol	HDHD5	1
by_gender	female	hugo_symbol	HDLBP	2
by_gender	female	hugo_symbol	HDX	2
by_gender	female	hugo_symbol	HEATR1	5
by_gender	female	hugo_symbol	HEATR3	4
by_gender	female	hugo_symbol	HEATR4	2
by_gender	female	hugo_symbol	HEATR5A	2
by_gender	female	hugo_symbol	HEATR5B	5
by_gender	female	hugo_symbol	HECA	1
by_gender	female	hugo_symbol	HECTD1	4
by_gender	female	hugo_symbol	HECTD2	1
by_gender	female	hugo_symbol	HECTD3	1
by_gender	female	hugo_symbol	HECTD4	1
by_gender	female	hugo_symbol	HECW1	4
by_gender	female	hugo_symbol	HECW2	7
by_gender	female	hugo_symbol	HEG1	3
by_gender	female	hugo_symbol	HELB	2
by_gender	female	hugo_symbol	HELLS	1
by_gender	female	hugo_symbol	HELQ	1
by_gender	female	hugo_symbol	HELZ	3
by_gender	female	hugo_symbol	HEMGN	1
by_gender	female	hugo_symbol	HEMK1	1
by_gender	female	hugo_symbol	HEPACAM2	1
by_gender	female	hugo_symbol	HEPH	2
by_gender	female	hugo_symbol	HEPHL1	2
by_gender	female	hugo_symbol	HERC1	8
by_gender	female	hugo_symbol	HERC2	10
by_gender	female	hugo_symbol	HERC2P3	4
by_gender	female	hugo_symbol	HERC5	1
by_gender	female	hugo_symbol	HERC6	1
by_gender	female	hugo_symbol	HEXB	2
by_gender	female	hugo_symbol	HEXD	2
by_gender	female	hugo_symbol	HEXIM1	1
by_gender	female	hugo_symbol	HEY2	1
by_gender	female	hugo_symbol	HFM1	3
by_gender	female	hugo_symbol	HGD	2
by_gender	female	hugo_symbol	HGS	2
by_gender	female	hugo_symbol	HGSNAT	1
by_gender	female	hugo_symbol	HHAT	1
by_gender	female	hugo_symbol	HHIP	2
by_gender	female	hugo_symbol	HHIPL1	3
by_gender	female	hugo_symbol	HHIPL2	2
by_gender	female	hugo_symbol	HHLA3	1
by_gender	female	hugo_symbol	HIBADH	2
by_gender	female	hugo_symbol	HIC2	1
by_gender	female	hugo_symbol	HID1	1
by_gender	female	hugo_symbol	HIF1A	1
by_gender	female	hugo_symbol	HIF3A	1
by_gender	female	hugo_symbol	HINFP	2
by_gender	female	hugo_symbol	HIP1	4
by_gender	female	hugo_symbol	HIP1R	1
by_gender	female	hugo_symbol	HIPK1	1
by_gender	female	hugo_symbol	HIPK2	3
by_gender	female	hugo_symbol	HIPK3	2
by_gender	female	hugo_symbol	HIPK4	3
by_gender	female	hugo_symbol	HIRIP3	1
by_gender	female	hugo_symbol	HIVEP1	2
by_gender	female	hugo_symbol	HIVEP2	3
by_gender	female	hugo_symbol	HIVEP3	3
by_gender	female	hugo_symbol	HJV	1
by_gender	female	hugo_symbol	HK1	1
by_gender	female	hugo_symbol	HK2	2
by_gender	female	hugo_symbol	HK3	3
by_gender	female	hugo_symbol	HKDC1	1
by_gender	female	hugo_symbol	HLA-A	1
by_gender	female	hugo_symbol	HLA-DPA1	1
by_gender	female	hugo_symbol	HLA-DQA2	1
by_gender	female	hugo_symbol	HLA-G	1
by_gender	female	hugo_symbol	HLCS	3
by_gender	female	hugo_symbol	HLX	2
by_gender	female	hugo_symbol	HMCES	1
by_gender	female	hugo_symbol	HMCN1	9
by_gender	female	hugo_symbol	HMG20B	1
by_gender	female	hugo_symbol	HMGB1P1	1
by_gender	female	hugo_symbol	HMGB2	1
by_gender	female	hugo_symbol	HMGB4	1
by_gender	female	hugo_symbol	HMGCR	2
by_gender	female	hugo_symbol	HMGCS2	1
by_gender	female	hugo_symbol	HMMR	1
by_gender	female	hugo_symbol	HMX2	1
by_gender	female	hugo_symbol	HNF1A	1
by_gender	female	hugo_symbol	HNF4G	2
by_gender	female	hugo_symbol	HNRNPA0	1
by_gender	female	hugo_symbol	HNRNPA1L2	1
by_gender	female	hugo_symbol	HNRNPF	1
by_gender	female	hugo_symbol	HNRNPH1	1
by_gender	female	hugo_symbol	HNRNPH3	1
by_gender	female	hugo_symbol	HNRNPK	2
by_gender	female	hugo_symbol	HNRNPL	1
by_gender	female	hugo_symbol	HNRNPM	4
by_gender	female	hugo_symbol	HNRNPR	2
by_gender	female	hugo_symbol	HNRNPUL1	1
by_gender	female	hugo_symbol	HNRNPUL2	1
by_gender	female	hugo_symbol	HOGA1	1
by_gender	female	hugo_symbol	HOMER1	1
by_gender	female	hugo_symbol	HOMER2	1
by_gender	female	hugo_symbol	HOOK1	1
by_gender	female	hugo_symbol	HOOK2	2
by_gender	female	hugo_symbol	HOXA1	1
by_gender	female	hugo_symbol	HOXA13	1
by_gender	female	hugo_symbol	HOXA2	1
by_gender	female	hugo_symbol	HOXA3	2
by_gender	female	hugo_symbol	HOXA5	1
by_gender	female	hugo_symbol	HOXA7	1
by_gender	female	hugo_symbol	HOXB1	2
by_gender	female	hugo_symbol	HOXB3	2
by_gender	female	hugo_symbol	HOXB5	2
by_gender	female	hugo_symbol	HOXB7	1
by_gender	female	hugo_symbol	HOXB8	1
by_gender	female	hugo_symbol	HOXB9	1
by_gender	female	hugo_symbol	HOXC11	1
by_gender	female	hugo_symbol	HOXC13	1
by_gender	female	hugo_symbol	HOXC5	1
by_gender	female	hugo_symbol	HOXC9	1
by_gender	female	hugo_symbol	HOXD12	1
by_gender	female	hugo_symbol	HOXD13	2
by_gender	female	hugo_symbol	HOXD4	1
by_gender	female	hugo_symbol	HPCAL4	1
by_gender	female	hugo_symbol	HPD	1
by_gender	female	hugo_symbol	HPF1	1
by_gender	female	hugo_symbol	HPR	2
by_gender	female	hugo_symbol	HPS3	1
by_gender	female	hugo_symbol	HPS4	1
by_gender	female	hugo_symbol	HPS5	1
by_gender	female	hugo_symbol	HPSE2	2
by_gender	female	hugo_symbol	HR	3
by_gender	female	hugo_symbol	HRAS	1
by_gender	female	hugo_symbol	HRC	1
by_gender	female	hugo_symbol	HRG	1
by_gender	female	hugo_symbol	HRNR	2
by_gender	female	hugo_symbol	HS2ST1	1
by_gender	female	hugo_symbol	HS3ST2	1
by_gender	female	hugo_symbol	HS3ST3A1	2
by_gender	female	hugo_symbol	HS6ST1	2
by_gender	female	hugo_symbol	HSD11B1	1
by_gender	female	hugo_symbol	HSD17B11	2
by_gender	female	hugo_symbol	HSD17B13	1
by_gender	female	hugo_symbol	HSD17B2	1
by_gender	female	hugo_symbol	HSD17B4	2
by_gender	female	hugo_symbol	HSD3B1	2
by_gender	female	hugo_symbol	HSD3B7	1
by_gender	female	hugo_symbol	HSF2	1
by_gender	female	hugo_symbol	HSF4	1
by_gender	female	hugo_symbol	HSF5	1
by_gender	female	hugo_symbol	HSP90AA1	2
by_gender	female	hugo_symbol	HSP90B1	1
by_gender	female	hugo_symbol	HSPA12A	1
by_gender	female	hugo_symbol	HSPA12B	2
by_gender	female	hugo_symbol	HSPA13	2
by_gender	female	hugo_symbol	HSPA1A	1
by_gender	female	hugo_symbol	HSPA2	1
by_gender	female	hugo_symbol	HSPA4L	1
by_gender	female	hugo_symbol	HSPA5	4
by_gender	female	hugo_symbol	HSPA6	2
by_gender	female	hugo_symbol	HSPA8	1
by_gender	female	hugo_symbol	HSPB11	1
by_gender	female	hugo_symbol	HSPB8	1
by_gender	female	hugo_symbol	HSPBAP1	1
by_gender	female	hugo_symbol	HSPD1	1
by_gender	female	hugo_symbol	HSPG2	1
by_gender	female	hugo_symbol	HSPH1	1
by_gender	female	hugo_symbol	HTATIP2	1
by_gender	female	hugo_symbol	HTATSF1	1
by_gender	female	hugo_symbol	HTR1A	3
by_gender	female	hugo_symbol	HTR1D	1
by_gender	female	hugo_symbol	HTR1F	1
by_gender	female	hugo_symbol	HTR2B	1
by_gender	female	hugo_symbol	HTR3A	3
by_gender	female	hugo_symbol	HTR3B	1
by_gender	female	hugo_symbol	HTR3C	1
by_gender	female	hugo_symbol	HTR3D	2
by_gender	female	hugo_symbol	HTR4	2
by_gender	female	hugo_symbol	HTR5A	3
by_gender	female	hugo_symbol	HTR7	1
by_gender	female	hugo_symbol	HTT	4
by_gender	female	hugo_symbol	HUNK	1
by_gender	female	hugo_symbol	HUS1	1
by_gender	female	hugo_symbol	HUS1B	1
by_gender	female	hugo_symbol	HUWE1	2
by_gender	female	hugo_symbol	HYAL1	1
by_gender	female	hugo_symbol	HYAL4	2
by_gender	female	hugo_symbol	HYDIN	4
by_gender	female	hugo_symbol	HYKK	1
by_gender	female	hugo_symbol	IAPP	1
by_gender	female	hugo_symbol	IARS1	2
by_gender	female	hugo_symbol	IBA57	1
by_gender	female	hugo_symbol	IBSP	2
by_gender	female	hugo_symbol	ICA1	1
by_gender	female	hugo_symbol	ICAM1	1
by_gender	female	hugo_symbol	ICAM3	1
by_gender	female	hugo_symbol	ICAM5	1
by_gender	female	hugo_symbol	ICE1	2
by_gender	female	hugo_symbol	ICE2	3
by_gender	female	hugo_symbol	IDH1	1
by_gender	female	hugo_symbol	IDH2	1
by_gender	female	hugo_symbol	IDH3A	2
by_gender	female	hugo_symbol	IDO2	1
by_gender	female	hugo_symbol	IFFO1	1
by_gender	female	hugo_symbol	IFI16	2
by_gender	female	hugo_symbol	IFI27	1
by_gender	female	hugo_symbol	IFI27L1	1
by_gender	female	hugo_symbol	IFI30	1
by_gender	female	hugo_symbol	IFI44	1
by_gender	female	hugo_symbol	IFI44L	1
by_gender	female	hugo_symbol	IFIH1	4
by_gender	female	hugo_symbol	IFIT1	1
by_gender	female	hugo_symbol	IFIT3	1
by_gender	female	hugo_symbol	IFIT5	1
by_gender	female	hugo_symbol	IFNA10	2
by_gender	female	hugo_symbol	IFNA16	1
by_gender	female	hugo_symbol	IFNAR1	1
by_gender	female	hugo_symbol	IFNAR2	1
by_gender	female	hugo_symbol	IFNGR1	1
by_gender	female	hugo_symbol	IFNK	1
by_gender	female	hugo_symbol	IFNL3	1
by_gender	female	hugo_symbol	IFRD1	3
by_gender	female	hugo_symbol	IFT122	1
by_gender	female	hugo_symbol	IFT140	2
by_gender	female	hugo_symbol	IFT172	4
by_gender	female	hugo_symbol	IFT46	1
by_gender	female	hugo_symbol	IFT52	1
by_gender	female	hugo_symbol	IFT57	1
by_gender	female	hugo_symbol	IFT80	1
by_gender	female	hugo_symbol	IFT81	1
by_gender	female	hugo_symbol	IFT88	1
by_gender	female	hugo_symbol	IGBP1P2	2
by_gender	female	hugo_symbol	IGDCC3	1
by_gender	female	hugo_symbol	IGDCC4	1
by_gender	female	hugo_symbol	IGF1R	3
by_gender	female	hugo_symbol	IGF2BP1	4
by_gender	female	hugo_symbol	IGF2R	3
by_gender	female	hugo_symbol	IGFALS	1
by_gender	female	hugo_symbol	IGFL3	1
by_gender	female	hugo_symbol	IGFLR1	1
by_gender	female	hugo_symbol	IGHA1	2
by_gender	female	hugo_symbol	IGHA2	1
by_gender	female	hugo_symbol	IGHE	1
by_gender	female	hugo_symbol	IGHV1-2	1
by_gender	female	hugo_symbol	IGHV2-5	1
by_gender	female	hugo_symbol	IGHV3-30	1
by_gender	female	hugo_symbol	IGHV3-33	1
by_gender	female	hugo_symbol	IGHV3-35	1
by_gender	female	hugo_symbol	IGHV3-49	1
by_gender	female	hugo_symbol	IGHV3-53	1
by_gender	female	hugo_symbol	IGHV3OR16-8	1
by_gender	female	hugo_symbol	IGHV7-81	1
by_gender	female	hugo_symbol	IGKV1-6	1
by_gender	female	hugo_symbol	IGKV1D-33	1
by_gender	female	hugo_symbol	IGKV1D-43	1
by_gender	female	hugo_symbol	IGKV2D-30	1
by_gender	female	hugo_symbol	IGKV3-11	1
by_gender	female	hugo_symbol	IGKV3D-15	1
by_gender	female	hugo_symbol	IGKV4-1	1
by_gender	female	hugo_symbol	IGKV6D-21	1
by_gender	female	hugo_symbol	IGLC7	1
by_gender	female	hugo_symbol	IGLV2-23	1
by_gender	female	hugo_symbol	IGLV3-22	1
by_gender	female	hugo_symbol	IGLV3-27	1
by_gender	female	hugo_symbol	IGLV5-48	1
by_gender	female	hugo_symbol	IGSF1	5
by_gender	female	hugo_symbol	IGSF10	5
by_gender	female	hugo_symbol	IGSF21	2
by_gender	female	hugo_symbol	IGSF3	2
by_gender	female	hugo_symbol	IGSF8	1
by_gender	female	hugo_symbol	IGSF9	4
by_gender	female	hugo_symbol	IGSF9B	6
by_gender	female	hugo_symbol	IKBKB	2
by_gender	female	hugo_symbol	IKBKE	1
by_gender	female	hugo_symbol	IKZF1	4
by_gender	female	hugo_symbol	IKZF2	1
by_gender	female	hugo_symbol	IKZF4	1
by_gender	female	hugo_symbol	IL10RA	2
by_gender	female	hugo_symbol	IL10RB	1
by_gender	female	hugo_symbol	IL12B	1
by_gender	female	hugo_symbol	IL17RA	2
by_gender	female	hugo_symbol	IL17RC	1
by_gender	female	hugo_symbol	IL18RAP	1
by_gender	female	hugo_symbol	IL1B	1
by_gender	female	hugo_symbol	IL1R2	1
by_gender	female	hugo_symbol	IL1RAP	2
by_gender	female	hugo_symbol	IL1RAPL2	2
by_gender	female	hugo_symbol	IL20RA	1
by_gender	female	hugo_symbol	IL21R	1
by_gender	female	hugo_symbol	IL22RA1	1
by_gender	female	hugo_symbol	IL23R	1
by_gender	female	hugo_symbol	IL26	1
by_gender	female	hugo_symbol	IL27RA	1
by_gender	female	hugo_symbol	IL2RB	2
by_gender	female	hugo_symbol	IL33	1
by_gender	female	hugo_symbol	IL34	1
by_gender	female	hugo_symbol	IL4R	1
by_gender	female	hugo_symbol	IL6	1
by_gender	female	hugo_symbol	IL6ST	2
by_gender	female	hugo_symbol	IL7	1
by_gender	female	hugo_symbol	IL7R	1
by_gender	female	hugo_symbol	IL9	1
by_gender	female	hugo_symbol	ILF2	1
by_gender	female	hugo_symbol	ILF3	3
by_gender	female	hugo_symbol	ILRUN	1
by_gender	female	hugo_symbol	ILVBL	2
by_gender	female	hugo_symbol	IMMT	1
by_gender	female	hugo_symbol	IMPACT	1
by_gender	female	hugo_symbol	IMPDH1	1
by_gender	female	hugo_symbol	IMPDH2	1
by_gender	female	hugo_symbol	IMPG1	3
by_gender	female	hugo_symbol	IMPG2	1
by_gender	female	hugo_symbol	INA	1
by_gender	female	hugo_symbol	INCA1	1
by_gender	female	hugo_symbol	INCENP	2
by_gender	female	hugo_symbol	INF2	3
by_gender	female	hugo_symbol	ING1	2
by_gender	female	hugo_symbol	ING2	1
by_gender	female	hugo_symbol	ING5	2
by_gender	female	hugo_symbol	INHBA	1
by_gender	female	hugo_symbol	INHBC	1
by_gender	female	hugo_symbol	INKA1	1
by_gender	female	hugo_symbol	INMT	1
by_gender	female	hugo_symbol	INO80C	1
by_gender	female	hugo_symbol	INO80E	1
by_gender	female	hugo_symbol	INPP4A	1
by_gender	female	hugo_symbol	INPP4B	1
by_gender	female	hugo_symbol	INPP5A	1
by_gender	female	hugo_symbol	INPP5F	3
by_gender	female	hugo_symbol	INPP5J	1
by_gender	female	hugo_symbol	INPPL1	2
by_gender	female	hugo_symbol	INSC	1
by_gender	female	hugo_symbol	INSIG1	1
by_gender	female	hugo_symbol	INSL6	1
by_gender	female	hugo_symbol	INSM2	1
by_gender	female	hugo_symbol	INSR	3
by_gender	female	hugo_symbol	INSRR	2
by_gender	female	hugo_symbol	INSYN1	1
by_gender	female	hugo_symbol	INSYN2A	1
by_gender	female	hugo_symbol	INTS1	4
by_gender	female	hugo_symbol	INTS10	2
by_gender	female	hugo_symbol	INTS11	1
by_gender	female	hugo_symbol	INTS13	1
by_gender	female	hugo_symbol	INTS3	1
by_gender	female	hugo_symbol	INTS4	1
by_gender	female	hugo_symbol	INTS5	3
by_gender	female	hugo_symbol	INTS7	1
by_gender	female	hugo_symbol	INTS8	2
by_gender	female	hugo_symbol	INTS9	1
by_gender	female	hugo_symbol	INTU	2
by_gender	female	hugo_symbol	IP6K1	1
by_gender	female	hugo_symbol	IPO4	2
by_gender	female	hugo_symbol	IPO8	2
by_gender	female	hugo_symbol	IPP	1
by_gender	female	hugo_symbol	IQCB1	2
by_gender	female	hugo_symbol	IQCF1	1
by_gender	female	hugo_symbol	IQCH	1
by_gender	female	hugo_symbol	IQCJ-SCHIP1	1
by_gender	female	hugo_symbol	IQCN	1
by_gender	female	hugo_symbol	IQGAP1	1
by_gender	female	hugo_symbol	IQGAP2	1
by_gender	female	hugo_symbol	IQGAP3	2
by_gender	female	hugo_symbol	IQSEC1	4
by_gender	female	hugo_symbol	IQSEC3	2
by_gender	female	hugo_symbol	IRAG1	2
by_gender	female	hugo_symbol	IRAG2	2
by_gender	female	hugo_symbol	IRAK1BP1	1
by_gender	female	hugo_symbol	IRAK3	1
by_gender	female	hugo_symbol	IRAK4	1
by_gender	female	hugo_symbol	IREB2	1
by_gender	female	hugo_symbol	IRF2BP1	1
by_gender	female	hugo_symbol	IRF2BP2	2
by_gender	female	hugo_symbol	IRF3	1
by_gender	female	hugo_symbol	IRF6	3
by_gender	female	hugo_symbol	IRF8	2
by_gender	female	hugo_symbol	IRF9	1
by_gender	female	hugo_symbol	IRGQ	1
by_gender	female	hugo_symbol	IRS1	1
by_gender	female	hugo_symbol	IRS2	1
by_gender	female	hugo_symbol	IRS4	2
by_gender	female	hugo_symbol	IRX1	3
by_gender	female	hugo_symbol	IRX2	3
by_gender	female	hugo_symbol	IRX4	1
by_gender	female	hugo_symbol	IRX6	2
by_gender	female	hugo_symbol	ISG20L2	1
by_gender	female	hugo_symbol	ISL2	1
by_gender	female	hugo_symbol	ISLR	2
by_gender	female	hugo_symbol	ISLR2	1
by_gender	female	hugo_symbol	ISM1	1
by_gender	female	hugo_symbol	ISM2	1
by_gender	female	hugo_symbol	IST1	1
by_gender	female	hugo_symbol	ISYNA1	1
by_gender	female	hugo_symbol	ITCH	3
by_gender	female	hugo_symbol	ITFG1	1
by_gender	female	hugo_symbol	ITFG2	2
by_gender	female	hugo_symbol	ITGA1	5
by_gender	female	hugo_symbol	ITGA2	1
by_gender	female	hugo_symbol	ITGA5	1
by_gender	female	hugo_symbol	ITGA7	1
by_gender	female	hugo_symbol	ITGA8	2
by_gender	female	hugo_symbol	ITGAD	1
by_gender	female	hugo_symbol	ITGAE	2
by_gender	female	hugo_symbol	ITGAL	1
by_gender	female	hugo_symbol	ITGAM	1
by_gender	female	hugo_symbol	ITGAV	2
by_gender	female	hugo_symbol	ITGAX	1
by_gender	female	hugo_symbol	ITGB1BP1	1
by_gender	female	hugo_symbol	ITGB3	1
by_gender	female	hugo_symbol	ITGB3BP	1
by_gender	female	hugo_symbol	ITGB4	6
by_gender	female	hugo_symbol	ITGB5	3
by_gender	female	hugo_symbol	ITGB8	3
by_gender	female	hugo_symbol	ITIH1	1
by_gender	female	hugo_symbol	ITIH2	2
by_gender	female	hugo_symbol	ITIH3	1
by_gender	female	hugo_symbol	ITIH5	2
by_gender	female	hugo_symbol	ITIH6	2
by_gender	female	hugo_symbol	ITK	1
by_gender	female	hugo_symbol	ITLN1	1
by_gender	female	hugo_symbol	ITLN2	1
by_gender	female	hugo_symbol	ITM2B	1
by_gender	female	hugo_symbol	ITPK1	1
by_gender	female	hugo_symbol	ITPKB	2
by_gender	female	hugo_symbol	ITPR1	4
by_gender	female	hugo_symbol	ITPR2	1
by_gender	female	hugo_symbol	ITPR3	6
by_gender	female	hugo_symbol	ITPRID1	1
by_gender	female	hugo_symbol	ITPRID2	3
by_gender	female	hugo_symbol	ITPRIP	3
by_gender	female	hugo_symbol	ITSN1	6
by_gender	female	hugo_symbol	ITSN2	5
by_gender	female	hugo_symbol	IVL	1
by_gender	female	hugo_symbol	IVNS1ABP	1
by_gender	female	hugo_symbol	IWS1	1
by_gender	female	hugo_symbol	IZUMO4	1
by_gender	female	hugo_symbol	JADE1	1
by_gender	female	hugo_symbol	JADE2	1
by_gender	female	hugo_symbol	JAG1	1
by_gender	female	hugo_symbol	JAG2	2
by_gender	female	hugo_symbol	JAGN1	1
by_gender	female	hugo_symbol	JAK2	2
by_gender	female	hugo_symbol	JAK3	3
by_gender	female	hugo_symbol	JAKMIP1	1
by_gender	female	hugo_symbol	JAKMIP2	3
by_gender	female	hugo_symbol	JAM2	1
by_gender	female	hugo_symbol	JAML	2
by_gender	female	hugo_symbol	JARID2	2
by_gender	female	hugo_symbol	JCAD	2
by_gender	female	hugo_symbol	JMJD1C	4
by_gender	female	hugo_symbol	JMY	1
by_gender	female	hugo_symbol	JOSD1	1
by_gender	female	hugo_symbol	JPH1	1
by_gender	female	hugo_symbol	JPH3	2
by_gender	female	hugo_symbol	JPH4	2
by_gender	female	hugo_symbol	JSRP1	1
by_gender	female	hugo_symbol	JUND	1
by_gender	female	hugo_symbol	JUP	1
by_gender	female	hugo_symbol	KALRN	6
by_gender	female	hugo_symbol	KANK1	1
by_gender	female	hugo_symbol	KANK4	1
by_gender	female	hugo_symbol	KANSL1	5
by_gender	female	hugo_symbol	KANSL3	1
by_gender	female	hugo_symbol	KARS1	1
by_gender	female	hugo_symbol	KAT14	2
by_gender	female	hugo_symbol	KAT2A	2
by_gender	female	hugo_symbol	KAT2B	1
by_gender	female	hugo_symbol	KAT5	1
by_gender	female	hugo_symbol	KAT6A	2
by_gender	female	hugo_symbol	KAT6B	3
by_gender	female	hugo_symbol	KATNAL1	1
by_gender	female	hugo_symbol	KATNB1	1
by_gender	female	hugo_symbol	KATNBL1	1
by_gender	female	hugo_symbol	KATNIP	1
by_gender	female	hugo_symbol	KBTBD2	1
by_gender	female	hugo_symbol	KBTBD3	2
by_gender	female	hugo_symbol	KBTBD4	1
by_gender	female	hugo_symbol	KBTBD6	1
by_gender	female	hugo_symbol	KBTBD8	2
by_gender	female	hugo_symbol	KCNA10	3
by_gender	female	hugo_symbol	KCNA2	1
by_gender	female	hugo_symbol	KCNA3	1
by_gender	female	hugo_symbol	KCNA4	1
by_gender	female	hugo_symbol	KCNA5	2
by_gender	female	hugo_symbol	KCNA6	8
by_gender	female	hugo_symbol	KCNA7	1
by_gender	female	hugo_symbol	KCNB1	3
by_gender	female	hugo_symbol	KCNB2	2
by_gender	female	hugo_symbol	KCNC1	3
by_gender	female	hugo_symbol	KCNC2	2
by_gender	female	hugo_symbol	KCNC3	1
by_gender	female	hugo_symbol	KCNC4	2
by_gender	female	hugo_symbol	KCND1	1
by_gender	female	hugo_symbol	KCND2	1
by_gender	female	hugo_symbol	KCND3	1
by_gender	female	hugo_symbol	KCNE1	1
by_gender	female	hugo_symbol	KCNE4	1
by_gender	female	hugo_symbol	KCNF1	1
by_gender	female	hugo_symbol	KCNG2	2
by_gender	female	hugo_symbol	KCNG3	3
by_gender	female	hugo_symbol	KCNG4	2
by_gender	female	hugo_symbol	KCNH1	3
by_gender	female	hugo_symbol	KCNH3	4
by_gender	female	hugo_symbol	KCNH4	2
by_gender	female	hugo_symbol	KCNH5	5
by_gender	female	hugo_symbol	KCNH6	2
by_gender	female	hugo_symbol	KCNH7	5
by_gender	female	hugo_symbol	KCNIP3	1
by_gender	female	hugo_symbol	KCNIP4	1
by_gender	female	hugo_symbol	KCNJ1	1
by_gender	female	hugo_symbol	KCNJ12	1
by_gender	female	hugo_symbol	KCNJ13	1
by_gender	female	hugo_symbol	KCNJ14	2
by_gender	female	hugo_symbol	KCNJ15	1
by_gender	female	hugo_symbol	KCNJ2	1
by_gender	female	hugo_symbol	KCNJ4	2
by_gender	female	hugo_symbol	KCNJ5	1
by_gender	female	hugo_symbol	KCNJ8	1
by_gender	female	hugo_symbol	KCNK1	2
by_gender	female	hugo_symbol	KCNK10	2
by_gender	female	hugo_symbol	KCNK13	2
by_gender	female	hugo_symbol	KCNK18	1
by_gender	female	hugo_symbol	KCNK2	1
by_gender	female	hugo_symbol	KCNK3	4
by_gender	female	hugo_symbol	KCNK4	1
by_gender	female	hugo_symbol	KCNK6	1
by_gender	female	hugo_symbol	KCNMA1	2
by_gender	female	hugo_symbol	KCNMB4	1
by_gender	female	hugo_symbol	KCNN2	1
by_gender	female	hugo_symbol	KCNN3	1
by_gender	female	hugo_symbol	KCNQ2	4
by_gender	female	hugo_symbol	KCNQ3	3
by_gender	female	hugo_symbol	KCNQ4	1
by_gender	female	hugo_symbol	KCNQ5	4
by_gender	female	hugo_symbol	KCNS1	1
by_gender	female	hugo_symbol	KCNS2	1
by_gender	female	hugo_symbol	KCNS3	2
by_gender	female	hugo_symbol	KCNT1	3
by_gender	female	hugo_symbol	KCNT2	2
by_gender	female	hugo_symbol	KCNU1	1
by_gender	female	hugo_symbol	KCNV2	2
by_gender	female	hugo_symbol	KCTD11	2
by_gender	female	hugo_symbol	KCTD12	1
by_gender	female	hugo_symbol	KCTD13	1
by_gender	female	hugo_symbol	KCTD18	2
by_gender	female	hugo_symbol	KCTD3	3
by_gender	female	hugo_symbol	KCTD6	2
by_gender	female	hugo_symbol	KCTD8	1
by_gender	female	hugo_symbol	KCTD9	1
by_gender	female	hugo_symbol	KDELR2	1
by_gender	female	hugo_symbol	KDM1A	1
by_gender	female	hugo_symbol	KDM1B	2
by_gender	female	hugo_symbol	KDM2A	1
by_gender	female	hugo_symbol	KDM2B	4
by_gender	female	hugo_symbol	KDM3B	1
by_gender	female	hugo_symbol	KDM4A	2
by_gender	female	hugo_symbol	KDM4B	2
by_gender	female	hugo_symbol	KDM5A	1
by_gender	female	hugo_symbol	KDM5B	4
by_gender	female	hugo_symbol	KDM5C	1
by_gender	female	hugo_symbol	KDM6A	4
by_gender	female	hugo_symbol	KDM6B	4
by_gender	female	hugo_symbol	KDR	1
by_gender	female	hugo_symbol	KDSR	1
by_gender	female	hugo_symbol	KEAP1	2
by_gender	female	hugo_symbol	KERA	1
by_gender	female	hugo_symbol	KHDC4	3
by_gender	female	hugo_symbol	KHNYN	2
by_gender	female	hugo_symbol	KIAA0100	5
by_gender	female	hugo_symbol	KIAA0232	4
by_gender	female	hugo_symbol	KIAA0319	1
by_gender	female	hugo_symbol	KIAA0319L	1
by_gender	female	hugo_symbol	KIAA0408	4
by_gender	female	hugo_symbol	KIAA0586	1
by_gender	female	hugo_symbol	KIAA0895	2
by_gender	female	hugo_symbol	KIAA0895L	1
by_gender	female	hugo_symbol	KIAA0930	1
by_gender	female	hugo_symbol	KIAA1109	5
by_gender	female	hugo_symbol	KIAA1143	1
by_gender	female	hugo_symbol	KIAA1210	2
by_gender	female	hugo_symbol	KIAA1217	3
by_gender	female	hugo_symbol	KIAA1522	1
by_gender	female	hugo_symbol	KIAA1549	5
by_gender	female	hugo_symbol	KIAA1549L	3
by_gender	female	hugo_symbol	KIAA1614	1
by_gender	female	hugo_symbol	KIAA1841	2
by_gender	female	hugo_symbol	KIAA1958	2
by_gender	female	hugo_symbol	KIAA2013	1
by_gender	female	hugo_symbol	KIAA2026	1
by_gender	female	hugo_symbol	KIDINS220	3
by_gender	female	hugo_symbol	KIF11	2
by_gender	female	hugo_symbol	KIF13A	4
by_gender	female	hugo_symbol	KIF13B	2
by_gender	female	hugo_symbol	KIF14	2
by_gender	female	hugo_symbol	KIF15	1
by_gender	female	hugo_symbol	KIF16B	1
by_gender	female	hugo_symbol	KIF17	2
by_gender	female	hugo_symbol	KIF18B	1
by_gender	female	hugo_symbol	KIF19	1
by_gender	female	hugo_symbol	KIF1A	3
by_gender	female	hugo_symbol	KIF1B	3
by_gender	female	hugo_symbol	KIF1C	1
by_gender	female	hugo_symbol	KIF20B	3
by_gender	female	hugo_symbol	KIF21A	1
by_gender	female	hugo_symbol	KIF21B	3
by_gender	female	hugo_symbol	KIF22	2
by_gender	female	hugo_symbol	KIF23	1
by_gender	female	hugo_symbol	KIF26A	1
by_gender	female	hugo_symbol	KIF26B	4
by_gender	female	hugo_symbol	KIF27	3
by_gender	female	hugo_symbol	KIF2B	4
by_gender	female	hugo_symbol	KIF3C	2
by_gender	female	hugo_symbol	KIF4A	1
by_gender	female	hugo_symbol	KIF4B	3
by_gender	female	hugo_symbol	KIF5A	2
by_gender	female	hugo_symbol	KIF5B	1
by_gender	female	hugo_symbol	KIF9	1
by_gender	female	hugo_symbol	KIFAP3	1
by_gender	female	hugo_symbol	KIFC3	3
by_gender	female	hugo_symbol	KIR2DS4	1
by_gender	female	hugo_symbol	KIR3DL1	2
by_gender	female	hugo_symbol	KIR3DL2	1
by_gender	female	hugo_symbol	KIR3DL3	1
by_gender	female	hugo_symbol	KIRREL1	1
by_gender	female	hugo_symbol	KIRREL2	3
by_gender	female	hugo_symbol	KIRREL3	2
by_gender	female	hugo_symbol	KISS1	1
by_gender	female	hugo_symbol	KIT	3
by_gender	female	hugo_symbol	KIZ	2
by_gender	female	hugo_symbol	KL	1
by_gender	female	hugo_symbol	KLB	1
by_gender	female	hugo_symbol	KLC1	1
by_gender	female	hugo_symbol	KLF10	1
by_gender	female	hugo_symbol	KLF12	1
by_gender	female	hugo_symbol	KLF14	1
by_gender	female	hugo_symbol	KLF17	1
by_gender	female	hugo_symbol	KLF4	2
by_gender	female	hugo_symbol	KLF5	2
by_gender	female	hugo_symbol	KLF6	1
by_gender	female	hugo_symbol	KLHDC4	2
by_gender	female	hugo_symbol	KLHDC7A	1
by_gender	female	hugo_symbol	KLHDC7B	1
by_gender	female	hugo_symbol	KLHDC8A	2
by_gender	female	hugo_symbol	KLHL1	3
by_gender	female	hugo_symbol	KLHL10	2
by_gender	female	hugo_symbol	KLHL11	1
by_gender	female	hugo_symbol	KLHL14	3
by_gender	female	hugo_symbol	KLHL17	1
by_gender	female	hugo_symbol	KLHL18	1
by_gender	female	hugo_symbol	KLHL20	1
by_gender	female	hugo_symbol	KLHL22	2
by_gender	female	hugo_symbol	KLHL24	1
by_gender	female	hugo_symbol	KLHL30	2
by_gender	female	hugo_symbol	KLHL31	2
by_gender	female	hugo_symbol	KLHL32	3
by_gender	female	hugo_symbol	KLHL34	1
by_gender	female	hugo_symbol	KLHL36	3
by_gender	female	hugo_symbol	KLHL38	1
by_gender	female	hugo_symbol	KLHL6	2
by_gender	female	hugo_symbol	KLHL9	1
by_gender	female	hugo_symbol	KLK1	1
by_gender	female	hugo_symbol	KLK11	1
by_gender	female	hugo_symbol	KLK15	1
by_gender	female	hugo_symbol	KLK2	1
by_gender	female	hugo_symbol	KLK4	1
by_gender	female	hugo_symbol	KLK5	1
by_gender	female	hugo_symbol	KLK7	1
by_gender	female	hugo_symbol	KLKB1	1
by_gender	female	hugo_symbol	KLRC3	1
by_gender	female	hugo_symbol	KLRC4	1
by_gender	female	hugo_symbol	KLRG2	1
by_gender	female	hugo_symbol	KMO	2
by_gender	female	hugo_symbol	KMT2A	1
by_gender	female	hugo_symbol	KMT2B	3
by_gender	female	hugo_symbol	KMT2C	15
by_gender	female	hugo_symbol	KMT2D	9
by_gender	female	hugo_symbol	KMT2E	2
by_gender	female	hugo_symbol	KMT5A	1
by_gender	female	hugo_symbol	KMT5B	2
by_gender	female	hugo_symbol	KMT5C	2
by_gender	female	hugo_symbol	KNCN	1
by_gender	female	hugo_symbol	KNDC1	4
by_gender	female	hugo_symbol	KNL1	1
by_gender	female	hugo_symbol	KNSTRN	1
by_gender	female	hugo_symbol	KRAS	40
by_gender	female	hugo_symbol	KRBA1	1
by_gender	female	hugo_symbol	KRBA2	2
by_gender	female	hugo_symbol	KRBOX4	1
by_gender	female	hugo_symbol	KRCC1	2
by_gender	female	hugo_symbol	KREMEN1	2
by_gender	female	hugo_symbol	KRIT1	2
by_gender	female	hugo_symbol	KRT1	2
by_gender	female	hugo_symbol	KRT12	2
by_gender	female	hugo_symbol	KRT15	2
by_gender	female	hugo_symbol	KRT16	1
by_gender	female	hugo_symbol	KRT17	2
by_gender	female	hugo_symbol	KRT18P23	1
by_gender	female	hugo_symbol	KRT19	1
by_gender	female	hugo_symbol	KRT2	2
by_gender	female	hugo_symbol	KRT20	1
by_gender	female	hugo_symbol	KRT24	1
by_gender	female	hugo_symbol	KRT27	1
by_gender	female	hugo_symbol	KRT28	1
by_gender	female	hugo_symbol	KRT3	2
by_gender	female	hugo_symbol	KRT31	2
by_gender	female	hugo_symbol	KRT33A	1
by_gender	female	hugo_symbol	KRT33B	1
by_gender	female	hugo_symbol	KRT34	3
by_gender	female	hugo_symbol	KRT38	1
by_gender	female	hugo_symbol	KRT39	1
by_gender	female	hugo_symbol	KRT4	2
by_gender	female	hugo_symbol	KRT40	2
by_gender	female	hugo_symbol	KRT6A	1
by_gender	female	hugo_symbol	KRT7	1
by_gender	female	hugo_symbol	KRT73	1
by_gender	female	hugo_symbol	KRT74	1
by_gender	female	hugo_symbol	KRT76	1
by_gender	female	hugo_symbol	KRT79	1
by_gender	female	hugo_symbol	KRT80	1
by_gender	female	hugo_symbol	KRT82	1
by_gender	female	hugo_symbol	KRT83	2
by_gender	female	hugo_symbol	KRT85	1
by_gender	female	hugo_symbol	KRT86	1
by_gender	female	hugo_symbol	KRTAP10-12	1
by_gender	female	hugo_symbol	KRTAP10-2	1
by_gender	female	hugo_symbol	KRTAP10-3	1
by_gender	female	hugo_symbol	KRTAP10-4	1
by_gender	female	hugo_symbol	KRTAP11-1	1
by_gender	female	hugo_symbol	KRTAP12-2	1
by_gender	female	hugo_symbol	KRTAP13-4	1
by_gender	female	hugo_symbol	KRTAP15-1	2
by_gender	female	hugo_symbol	KRTAP19-4	1
by_gender	female	hugo_symbol	KRTAP19-8	1
by_gender	female	hugo_symbol	KRTAP20-2	1
by_gender	female	hugo_symbol	KRTAP24-1	1
by_gender	female	hugo_symbol	KRTAP4-5	1
by_gender	female	hugo_symbol	KRTAP5-8	1
by_gender	female	hugo_symbol	KRTAP6-2	1
by_gender	female	hugo_symbol	KSR1	2
by_gender	female	hugo_symbol	KSR2	1
by_gender	female	hugo_symbol	KTI12	1
by_gender	female	hugo_symbol	KYNU	1
by_gender	female	hugo_symbol	L2HGDH	1
by_gender	female	hugo_symbol	L3HYPDH	2
by_gender	female	hugo_symbol	L3MBTL1	1
by_gender	female	hugo_symbol	L3MBTL2	2
by_gender	female	hugo_symbol	L3MBTL4	1
by_gender	female	hugo_symbol	LACC1	1
by_gender	female	hugo_symbol	LACRT	1
by_gender	female	hugo_symbol	LACTB2	1
by_gender	female	hugo_symbol	LAIR2	1
by_gender	female	hugo_symbol	LAMA1	5
by_gender	female	hugo_symbol	LAMA2	5
by_gender	female	hugo_symbol	LAMA3	2
by_gender	female	hugo_symbol	LAMA4	2
by_gender	female	hugo_symbol	LAMA5	5
by_gender	female	hugo_symbol	LAMB1	4
by_gender	female	hugo_symbol	LAMB2	3
by_gender	female	hugo_symbol	LAMB3	1
by_gender	female	hugo_symbol	LAMB4	2
by_gender	female	hugo_symbol	LAMC3	1
by_gender	female	hugo_symbol	LAMP1	1
by_gender	female	hugo_symbol	LAMP2	1
by_gender	female	hugo_symbol	LAMTOR3	1
by_gender	female	hugo_symbol	LAMTOR5	1
by_gender	female	hugo_symbol	LANCL1	1
by_gender	female	hugo_symbol	LAP3	1
by_gender	female	hugo_symbol	LAPTM4B	1
by_gender	female	hugo_symbol	LAPTM5	2
by_gender	female	hugo_symbol	LARGE2	1
by_gender	female	hugo_symbol	LARP1	1
by_gender	female	hugo_symbol	LARP1B	2
by_gender	female	hugo_symbol	LARP4	2
by_gender	female	hugo_symbol	LARS2	1
by_gender	female	hugo_symbol	LATS1	2
by_gender	female	hugo_symbol	LATS2	1
by_gender	female	hugo_symbol	LBH	1
by_gender	female	hugo_symbol	LBR	1
by_gender	female	hugo_symbol	LCA5	1
by_gender	female	hugo_symbol	LCE1C	1
by_gender	female	hugo_symbol	LCE1F	1
by_gender	female	hugo_symbol	LCK	1
by_gender	female	hugo_symbol	LCMT1	2
by_gender	female	hugo_symbol	LCMT2	1
by_gender	female	hugo_symbol	LCN8	1
by_gender	female	hugo_symbol	LCOR	2
by_gender	female	hugo_symbol	LCORL	1
by_gender	female	hugo_symbol	LCP1	3
by_gender	female	hugo_symbol	LCT	3
by_gender	female	hugo_symbol	LDAH	1
by_gender	female	hugo_symbol	LDB1	1
by_gender	female	hugo_symbol	LDB2	1
by_gender	female	hugo_symbol	LDB3	2
by_gender	female	hugo_symbol	LDHB	1
by_gender	female	hugo_symbol	LDLRAD1	1
by_gender	female	hugo_symbol	LDLRAD4	2
by_gender	female	hugo_symbol	LDLRAP1	1
by_gender	female	hugo_symbol	LDOC1	1
by_gender	female	hugo_symbol	LEF1	1
by_gender	female	hugo_symbol	LEFTY2	1
by_gender	female	hugo_symbol	LEMD1	1
by_gender	female	hugo_symbol	LEMD2	2
by_gender	female	hugo_symbol	LEMD3	1
by_gender	female	hugo_symbol	LENG8	3
by_gender	female	hugo_symbol	LEPR	1
by_gender	female	hugo_symbol	LFNG	1
by_gender	female	hugo_symbol	LGALS12	1
by_gender	female	hugo_symbol	LGALS4	1
by_gender	female	hugo_symbol	LGALS8	1
by_gender	female	hugo_symbol	LGALS9B	2
by_gender	female	hugo_symbol	LGI4	1
by_gender	female	hugo_symbol	LGR4	1
by_gender	female	hugo_symbol	LGR5	1
by_gender	female	hugo_symbol	LGSN	3
by_gender	female	hugo_symbol	LHCGR	1
by_gender	female	hugo_symbol	LHFPL3	1
by_gender	female	hugo_symbol	LHX1	2
by_gender	female	hugo_symbol	LHX3	2
by_gender	female	hugo_symbol	LHX8	1
by_gender	female	hugo_symbol	LIF	1
by_gender	female	hugo_symbol	LIFR	3
by_gender	female	hugo_symbol	LIG4	3
by_gender	female	hugo_symbol	LILRA2	1
by_gender	female	hugo_symbol	LILRA4	1
by_gender	female	hugo_symbol	LILRA5	1
by_gender	female	hugo_symbol	LILRA6	1
by_gender	female	hugo_symbol	LILRB2	1
by_gender	female	hugo_symbol	LILRB4	1
by_gender	female	hugo_symbol	LILRB5	1
by_gender	female	hugo_symbol	LIM2	1
by_gender	female	hugo_symbol	LIMA1	1
by_gender	female	hugo_symbol	LIMD1	2
by_gender	female	hugo_symbol	LIMK2	1
by_gender	female	hugo_symbol	LIMS2	1
by_gender	female	hugo_symbol	LIN54	1
by_gender	female	hugo_symbol	LIN7A	2
by_gender	female	hugo_symbol	LIN9	1
by_gender	female	hugo_symbol	LINC02877	1
by_gender	female	hugo_symbol	LINGO4	1
by_gender	female	hugo_symbol	LIPA	1
by_gender	female	hugo_symbol	LIPE	1
by_gender	female	hugo_symbol	LIPF	1
by_gender	female	hugo_symbol	LIPG	3
by_gender	female	hugo_symbol	LIPH	1
by_gender	female	hugo_symbol	LIPJ	1
by_gender	female	hugo_symbol	LLGL1	3
by_gender	female	hugo_symbol	LLGL2	2
by_gender	female	hugo_symbol	LMAN2	1
by_gender	female	hugo_symbol	LMBR1	2
by_gender	female	hugo_symbol	LMBRD2	1
by_gender	female	hugo_symbol	LMF2	1
by_gender	female	hugo_symbol	LMNA	1
by_gender	female	hugo_symbol	LMNTD1	2
by_gender	female	hugo_symbol	LMO7	3
by_gender	female	hugo_symbol	LMOD1	1
by_gender	female	hugo_symbol	LMOD3	1
by_gender	female	hugo_symbol	LMTK2	3
by_gender	female	hugo_symbol	LMTK3	2
by_gender	female	hugo_symbol	LMX1A	1
by_gender	female	hugo_symbol	LMX1B	2
by_gender	female	hugo_symbol	LNPEP	2
by_gender	female	hugo_symbol	LNPK	3
by_gender	female	hugo_symbol	LNX2	1
by_gender	female	hugo_symbol	LONP1	1
by_gender	female	hugo_symbol	LONP2	2
by_gender	female	hugo_symbol	LONRF2	1
by_gender	female	hugo_symbol	LONRF3	1
by_gender	female	hugo_symbol	LOXL1	1
by_gender	female	hugo_symbol	LOXL2	2
by_gender	female	hugo_symbol	LOXL4	1
by_gender	female	hugo_symbol	LPA	3
by_gender	female	hugo_symbol	LPAR1	3
by_gender	female	hugo_symbol	LPAR4	1
by_gender	female	hugo_symbol	LPAR5	1
by_gender	female	hugo_symbol	LPCAT3	2
by_gender	female	hugo_symbol	LPIN1	1
by_gender	female	hugo_symbol	LPIN2	1
by_gender	female	hugo_symbol	LPL	2
by_gender	female	hugo_symbol	LPO	5
by_gender	female	hugo_symbol	LPP	1
by_gender	female	hugo_symbol	LRATD1	2
by_gender	female	hugo_symbol	LRBA	3
by_gender	female	hugo_symbol	LRCH1	3
by_gender	female	hugo_symbol	LRCH3	3
by_gender	female	hugo_symbol	LRCH4	1
by_gender	female	hugo_symbol	LRFN1	2
by_gender	female	hugo_symbol	LRFN2	1
by_gender	female	hugo_symbol	LRFN5	1
by_gender	female	hugo_symbol	LRG1	1
by_gender	female	hugo_symbol	LRGUK	1
by_gender	female	hugo_symbol	LRIF1	2
by_gender	female	hugo_symbol	LRIG1	1
by_gender	female	hugo_symbol	LRIG2	3
by_gender	female	hugo_symbol	LRIG3	2
by_gender	female	hugo_symbol	LRIT1	2
by_gender	female	hugo_symbol	LRIT2	1
by_gender	female	hugo_symbol	LRIT3	3
by_gender	female	hugo_symbol	LRP1	8
by_gender	female	hugo_symbol	LRP10	1
by_gender	female	hugo_symbol	LRP12	1
by_gender	female	hugo_symbol	LRP1B	14
by_gender	female	hugo_symbol	LRP3	1
by_gender	female	hugo_symbol	LRP4	2
by_gender	female	hugo_symbol	LRP5	4
by_gender	female	hugo_symbol	LRP5L	2
by_gender	female	hugo_symbol	LRP6	3
by_gender	female	hugo_symbol	LRPAP1	1
by_gender	female	hugo_symbol	LRRC10	1
by_gender	female	hugo_symbol	LRRC14	3
by_gender	female	hugo_symbol	LRRC14B	1
by_gender	female	hugo_symbol	LRRC25	1
by_gender	female	hugo_symbol	LRRC27	3
by_gender	female	hugo_symbol	LRRC30	1
by_gender	female	hugo_symbol	LRRC37A	1
by_gender	female	hugo_symbol	LRRC37A3	1
by_gender	female	hugo_symbol	LRRC37B	2
by_gender	female	hugo_symbol	LRRC4	1
by_gender	female	hugo_symbol	LRRC42	1
by_gender	female	hugo_symbol	LRRC43	1
by_gender	female	hugo_symbol	LRRC46	1
by_gender	female	hugo_symbol	LRRC47	1
by_gender	female	hugo_symbol	LRRC49	1
by_gender	female	hugo_symbol	LRRC4B	1
by_gender	female	hugo_symbol	LRRC4C	1
by_gender	female	hugo_symbol	LRRC52	1
by_gender	female	hugo_symbol	LRRC55	2
by_gender	female	hugo_symbol	LRRC59	1
by_gender	female	hugo_symbol	LRRC6	2
by_gender	female	hugo_symbol	LRRC66	2
by_gender	female	hugo_symbol	LRRC7	3
by_gender	female	hugo_symbol	LRRC71	1
by_gender	female	hugo_symbol	LRRC75A	1
by_gender	female	hugo_symbol	LRRC8B	1
by_gender	female	hugo_symbol	LRRC8C	2
by_gender	female	hugo_symbol	LRRC8D	2
by_gender	female	hugo_symbol	LRRC8E	1
by_gender	female	hugo_symbol	LRRFIP1	1
by_gender	female	hugo_symbol	LRRFIP2	1
by_gender	female	hugo_symbol	LRRIQ1	3
by_gender	female	hugo_symbol	LRRIQ3	1
by_gender	female	hugo_symbol	LRRIQ4	2
by_gender	female	hugo_symbol	LRRK1	5
by_gender	female	hugo_symbol	LRRK2	5
by_gender	female	hugo_symbol	LRRN1	1
by_gender	female	hugo_symbol	LRRN2	4
by_gender	female	hugo_symbol	LRRN3	2
by_gender	female	hugo_symbol	LRRTM1	2
by_gender	female	hugo_symbol	LRRTM3	2
by_gender	female	hugo_symbol	LRRTM4	1
by_gender	female	hugo_symbol	LRSAM1	1
by_gender	female	hugo_symbol	LRWD1	3
by_gender	female	hugo_symbol	LSAMP	1
by_gender	female	hugo_symbol	LSM11	1
by_gender	female	hugo_symbol	LSM14A	2
by_gender	female	hugo_symbol	LSM14B	1
by_gender	female	hugo_symbol	LSM4	1
by_gender	female	hugo_symbol	LSM8	1
by_gender	female	hugo_symbol	LSP1	1
by_gender	female	hugo_symbol	LSR	1
by_gender	female	hugo_symbol	LSS	1
by_gender	female	hugo_symbol	LTA4H	2
by_gender	female	hugo_symbol	LTB4R2	2
by_gender	female	hugo_symbol	LTBP1	1
by_gender	female	hugo_symbol	LTBP2	2
by_gender	female	hugo_symbol	LTBP4	3
by_gender	female	hugo_symbol	LTF	1
by_gender	female	hugo_symbol	LTK	1
by_gender	female	hugo_symbol	LTN1	2
by_gender	female	hugo_symbol	LUC7L2	1
by_gender	female	hugo_symbol	LUM	1
by_gender	female	hugo_symbol	LURAP1L	1
by_gender	female	hugo_symbol	LUZP1	1
by_gender	female	hugo_symbol	LY6G6F-LY6G6D	1
by_gender	female	hugo_symbol	LY75	2
by_gender	female	hugo_symbol	LY75-CD302	1
by_gender	female	hugo_symbol	LY96	1
by_gender	female	hugo_symbol	LYG1	1
by_gender	female	hugo_symbol	LYPD1	1
by_gender	female	hugo_symbol	LYPLAL1	1
by_gender	female	hugo_symbol	LYRM4	1
by_gender	female	hugo_symbol	LYSMD3	1
by_gender	female	hugo_symbol	LYSMD4	1
by_gender	female	hugo_symbol	LYST	7
by_gender	female	hugo_symbol	LYVE1	1
by_gender	female	hugo_symbol	LZIC	1
by_gender	female	hugo_symbol	LZTS2	3
by_gender	female	hugo_symbol	LZTS3	1
by_gender	female	hugo_symbol	MAB21L1	2
by_gender	female	hugo_symbol	MAB21L2	1
by_gender	female	hugo_symbol	MACF1	11
by_gender	female	hugo_symbol	MACO1	1
by_gender	female	hugo_symbol	MACROD2	2
by_gender	female	hugo_symbol	MACROH2A1	1
by_gender	female	hugo_symbol	MACROH2A2	2
by_gender	female	hugo_symbol	MAD1L1	1
by_gender	female	hugo_symbol	MAD2L1	1
by_gender	female	hugo_symbol	MADD	1
by_gender	female	hugo_symbol	MAEA	1
by_gender	female	hugo_symbol	MAEL	1
by_gender	female	hugo_symbol	MAF	3
by_gender	female	hugo_symbol	MAFF	1
by_gender	female	hugo_symbol	MAGEA11	1
by_gender	female	hugo_symbol	MAGEA3	1
by_gender	female	hugo_symbol	MAGEA6	1
by_gender	female	hugo_symbol	MAGEA8	1
by_gender	female	hugo_symbol	MAGEB1	1
by_gender	female	hugo_symbol	MAGEB16	2
by_gender	female	hugo_symbol	MAGEB4	1
by_gender	female	hugo_symbol	MAGEB6	3
by_gender	female	hugo_symbol	MAGEB6B	1
by_gender	female	hugo_symbol	MAGEC1	5
by_gender	female	hugo_symbol	MAGED2	1
by_gender	female	hugo_symbol	MAGEE1	2
by_gender	female	hugo_symbol	MAGEL2	2
by_gender	female	hugo_symbol	MAGI1	1
by_gender	female	hugo_symbol	MAGI2	7
by_gender	female	hugo_symbol	MAGI3	1
by_gender	female	hugo_symbol	MAGIX	1
by_gender	female	hugo_symbol	MAGOHB	1
by_gender	female	hugo_symbol	MAGT1	2
by_gender	female	hugo_symbol	MALL	1
by_gender	female	hugo_symbol	MALSU1	1
by_gender	female	hugo_symbol	MALT1	1
by_gender	female	hugo_symbol	MAMDC2	2
by_gender	female	hugo_symbol	MAML1	2
by_gender	female	hugo_symbol	MAML2	1
by_gender	female	hugo_symbol	MAML3	1
by_gender	female	hugo_symbol	MAMLD1	1
by_gender	female	hugo_symbol	MAN1A2	1
by_gender	female	hugo_symbol	MAN1B1	1
by_gender	female	hugo_symbol	MAN2A1	3
by_gender	female	hugo_symbol	MAN2A2	1
by_gender	female	hugo_symbol	MANBA	1
by_gender	female	hugo_symbol	MANEAL	1
by_gender	female	hugo_symbol	MANSC1	1
by_gender	female	hugo_symbol	MAP10	4
by_gender	female	hugo_symbol	MAP11	2
by_gender	female	hugo_symbol	MAP1A	4
by_gender	female	hugo_symbol	MAP1B	5
by_gender	female	hugo_symbol	MAP1LC3A	1
by_gender	female	hugo_symbol	MAP1LC3C	1
by_gender	female	hugo_symbol	MAP2	1
by_gender	female	hugo_symbol	MAP2K4	2
by_gender	female	hugo_symbol	MAP2K6	1
by_gender	female	hugo_symbol	MAP2K7	1
by_gender	female	hugo_symbol	MAP3K1	3
by_gender	female	hugo_symbol	MAP3K10	1
by_gender	female	hugo_symbol	MAP3K12	1
by_gender	female	hugo_symbol	MAP3K13	1
by_gender	female	hugo_symbol	MAP3K15	1
by_gender	female	hugo_symbol	MAP3K19	2
by_gender	female	hugo_symbol	MAP3K2	2
by_gender	female	hugo_symbol	MAP3K21	4
by_gender	female	hugo_symbol	MAP3K4	1
by_gender	female	hugo_symbol	MAP3K7CL	1
by_gender	female	hugo_symbol	MAP3K9	2
by_gender	female	hugo_symbol	MAP4	1
by_gender	female	hugo_symbol	MAP4K1	2
by_gender	female	hugo_symbol	MAP4K2	3
by_gender	female	hugo_symbol	MAP4K3	1
by_gender	female	hugo_symbol	MAP6	1
by_gender	female	hugo_symbol	MAP7	3
by_gender	female	hugo_symbol	MAP7D2	1
by_gender	female	hugo_symbol	MAP7D3	3
by_gender	female	hugo_symbol	MAP9	1
by_gender	female	hugo_symbol	MAPK12	1
by_gender	female	hugo_symbol	MAPK13	1
by_gender	female	hugo_symbol	MAPK15	1
by_gender	female	hugo_symbol	MAPK4	1
by_gender	female	hugo_symbol	MAPK7	3
by_gender	female	hugo_symbol	MAPK8	1
by_gender	female	hugo_symbol	MAPK8IP1	1
by_gender	female	hugo_symbol	MAPK8IP2	1
by_gender	female	hugo_symbol	MAPK8IP3	3
by_gender	female	hugo_symbol	MAPK9	1
by_gender	female	hugo_symbol	MAPKAPK3	1
by_gender	female	hugo_symbol	MAPKAPK5	1
by_gender	female	hugo_symbol	MAPKBP1	1
by_gender	female	hugo_symbol	MAPRE1	2
by_gender	female	hugo_symbol	MAPRE2	2
by_gender	female	hugo_symbol	MAPT	1
by_gender	female	hugo_symbol	MARCHF1	1
by_gender	female	hugo_symbol	MARCHF10	1
by_gender	female	hugo_symbol	MARCHF11	1
by_gender	female	hugo_symbol	MARCHF2	2
by_gender	female	hugo_symbol	MARCHF9	1
by_gender	female	hugo_symbol	MARCO	1
by_gender	female	hugo_symbol	MARF1	2
by_gender	female	hugo_symbol	MARK1	2
by_gender	female	hugo_symbol	MARK2	2
by_gender	female	hugo_symbol	MARK3	3
by_gender	female	hugo_symbol	MARK4	2
by_gender	female	hugo_symbol	MARVELD3	1
by_gender	female	hugo_symbol	MAS1L	1
by_gender	female	hugo_symbol	MASP1	3
by_gender	female	hugo_symbol	MAST1	1
by_gender	female	hugo_symbol	MAST2	2
by_gender	female	hugo_symbol	MAST3	2
by_gender	female	hugo_symbol	MAST4	8
by_gender	female	hugo_symbol	MASTL	1
by_gender	female	hugo_symbol	MATK	1
by_gender	female	hugo_symbol	MATN1	1
by_gender	female	hugo_symbol	MATN2	1
by_gender	female	hugo_symbol	MATN4	1
by_gender	female	hugo_symbol	MAU2	2
by_gender	female	hugo_symbol	MAVS	1
by_gender	female	hugo_symbol	MBD1	2
by_gender	female	hugo_symbol	MBD2	1
by_gender	female	hugo_symbol	MBD3	1
by_gender	female	hugo_symbol	MBD3L1	1
by_gender	female	hugo_symbol	MBD5	1
by_gender	female	hugo_symbol	MBIP	1
by_gender	female	hugo_symbol	MBLAC2	1
by_gender	female	hugo_symbol	MBNL1	1
by_gender	female	hugo_symbol	MBOAT1	1
by_gender	female	hugo_symbol	MBP	1
by_gender	female	hugo_symbol	MBTD1	1
by_gender	female	hugo_symbol	MBTPS1	2
by_gender	female	hugo_symbol	MC3R	1
by_gender	female	hugo_symbol	MC5R	2
by_gender	female	hugo_symbol	MCAM	1
by_gender	female	hugo_symbol	MCAT	1
by_gender	female	hugo_symbol	MCC	1
by_gender	female	hugo_symbol	MCCC1	3
by_gender	female	hugo_symbol	MCCC2	2
by_gender	female	hugo_symbol	MCEE	1
by_gender	female	hugo_symbol	MCF2	3
by_gender	female	hugo_symbol	MCF2L	2
by_gender	female	hugo_symbol	MCHR1	1
by_gender	female	hugo_symbol	MCHR2	1
by_gender	female	hugo_symbol	MCM10	1
by_gender	female	hugo_symbol	MCM2	2
by_gender	female	hugo_symbol	MCM3	2
by_gender	female	hugo_symbol	MCM3AP	5
by_gender	female	hugo_symbol	MCM5	1
by_gender	female	hugo_symbol	MCM6	2
by_gender	female	hugo_symbol	MCM7	1
by_gender	female	hugo_symbol	MCM8	1
by_gender	female	hugo_symbol	MCMBP	1
by_gender	female	hugo_symbol	MCMDC2	2
by_gender	female	hugo_symbol	MCOLN1	3
by_gender	female	hugo_symbol	MCOLN2	1
by_gender	female	hugo_symbol	MCOLN3	1
by_gender	female	hugo_symbol	MCPH1	1
by_gender	female	hugo_symbol	MCTP2	2
by_gender	female	hugo_symbol	MDFIC	1
by_gender	female	hugo_symbol	MDGA1	1
by_gender	female	hugo_symbol	MDGA2	2
by_gender	female	hugo_symbol	MDH1B	1
by_gender	female	hugo_symbol	MDK	1
by_gender	female	hugo_symbol	MDM1	1
by_gender	female	hugo_symbol	MDM2	1
by_gender	female	hugo_symbol	MDN1	7
by_gender	female	hugo_symbol	MDP1	1
by_gender	female	hugo_symbol	MDS2	1
by_gender	female	hugo_symbol	ME1	1
by_gender	female	hugo_symbol	ME2	3
by_gender	female	hugo_symbol	MEAK7	1
by_gender	female	hugo_symbol	MECOM	6
by_gender	female	hugo_symbol	MECP2	1
by_gender	female	hugo_symbol	MECR	2
by_gender	female	hugo_symbol	MED1	1
by_gender	female	hugo_symbol	MED10	1
by_gender	female	hugo_symbol	MED12	1
by_gender	female	hugo_symbol	MED12L	5
by_gender	female	hugo_symbol	MED13L	2
by_gender	female	hugo_symbol	MED14	3
by_gender	female	hugo_symbol	MED15	1
by_gender	female	hugo_symbol	MED17	1
by_gender	female	hugo_symbol	MED23	3
by_gender	female	hugo_symbol	MED25	1
by_gender	female	hugo_symbol	MED26	1
by_gender	female	hugo_symbol	MED29	1
by_gender	female	hugo_symbol	MED31	1
by_gender	female	hugo_symbol	MEDAG	2
by_gender	female	hugo_symbol	MEF2A	2
by_gender	female	hugo_symbol	MEFV	2
by_gender	female	hugo_symbol	MEGF10	3
by_gender	female	hugo_symbol	MEGF11	2
by_gender	female	hugo_symbol	MEGF8	7
by_gender	female	hugo_symbol	MEGF9	1
by_gender	female	hugo_symbol	MEI1	1
by_gender	female	hugo_symbol	MEIS2	1
by_gender	female	hugo_symbol	MELK	3
by_gender	female	hugo_symbol	MEN1	3
by_gender	female	hugo_symbol	MEOX1	3
by_gender	female	hugo_symbol	MEP1A	3
by_gender	female	hugo_symbol	MEPCE	1
by_gender	female	hugo_symbol	MERTK	3
by_gender	female	hugo_symbol	MET	4
by_gender	female	hugo_symbol	METAP1	1
by_gender	female	hugo_symbol	METAP1D	1
by_gender	female	hugo_symbol	METTL14	2
by_gender	female	hugo_symbol	METTL15	3
by_gender	female	hugo_symbol	METTL17	1
by_gender	female	hugo_symbol	METTL21C	1
by_gender	female	hugo_symbol	METTL25	1
by_gender	female	hugo_symbol	METTL2A	1
by_gender	female	hugo_symbol	METTL3	1
by_gender	female	hugo_symbol	METTL4	1
by_gender	female	hugo_symbol	METTL6	1
by_gender	female	hugo_symbol	METTL7B	1
by_gender	female	hugo_symbol	MEX3A	1
by_gender	female	hugo_symbol	MEX3C	3
by_gender	female	hugo_symbol	MFAP2	1
by_gender	female	hugo_symbol	MFAP3L	1
by_gender	female	hugo_symbol	MFAP4	1
by_gender	female	hugo_symbol	MFF	1
by_gender	female	hugo_symbol	MFHAS1	1
by_gender	female	hugo_symbol	MFN1	3
by_gender	female	hugo_symbol	MFN2	1
by_gender	female	hugo_symbol	MFRP	1
by_gender	female	hugo_symbol	MFSD13A	1
by_gender	female	hugo_symbol	MFSD2B	2
by_gender	female	hugo_symbol	MFSD4B	1
by_gender	female	hugo_symbol	MFSD6L	1
by_gender	female	hugo_symbol	MFSD8	1
by_gender	female	hugo_symbol	MFSD9	1
by_gender	female	hugo_symbol	MGA	5
by_gender	female	hugo_symbol	MGAM	1
by_gender	female	hugo_symbol	MGAT1	1
by_gender	female	hugo_symbol	MGAT3	1
by_gender	female	hugo_symbol	MGAT4B	1
by_gender	female	hugo_symbol	MGAT5	1
by_gender	female	hugo_symbol	MGAT5B	1
by_gender	female	hugo_symbol	MGLL	1
by_gender	female	hugo_symbol	MGRN1	1
by_gender	female	hugo_symbol	MGST2	1
by_gender	female	hugo_symbol	MIA2	1
by_gender	female	hugo_symbol	MIB1	1
by_gender	female	hugo_symbol	MICAL1	1
by_gender	female	hugo_symbol	MICAL2	2
by_gender	female	hugo_symbol	MICAL3	2
by_gender	female	hugo_symbol	MICALL1	2
by_gender	female	hugo_symbol	MICALL2	1
by_gender	female	hugo_symbol	MID1	2
by_gender	female	hugo_symbol	MID1IP1	1
by_gender	female	hugo_symbol	MID2	1
by_gender	female	hugo_symbol	MIDEAS	1
by_gender	female	hugo_symbol	MIDN	1
by_gender	female	hugo_symbol	MIEN1	1
by_gender	female	hugo_symbol	MIER2	1
by_gender	female	hugo_symbol	MIER3	1
by_gender	female	hugo_symbol	MIGA2	1
by_gender	female	hugo_symbol	MINAR1	1
by_gender	female	hugo_symbol	MINDY2	1
by_gender	female	hugo_symbol	MINDY4	1
by_gender	female	hugo_symbol	MIP	1
by_gender	female	hugo_symbol	MIPOL1	1
by_gender	female	hugo_symbol	MIR1-1HG-AS1	1
by_gender	female	hugo_symbol	MIR1185-2	1
by_gender	female	hugo_symbol	MIR129-2	1
by_gender	female	hugo_symbol	MIR130B	1
by_gender	female	hugo_symbol	MIR29C	1
by_gender	female	hugo_symbol	MIR34A	1
by_gender	female	hugo_symbol	MIR365A	1
by_gender	female	hugo_symbol	MIR369	1
by_gender	female	hugo_symbol	MIR376A2	1
by_gender	female	hugo_symbol	MIR380	1
by_gender	female	hugo_symbol	MIR409	1
by_gender	female	hugo_symbol	MIR487A	1
by_gender	female	hugo_symbol	MIR508	1
by_gender	female	hugo_symbol	MIR509-1	1
by_gender	female	hugo_symbol	MIR513A1	1
by_gender	female	hugo_symbol	MIR548I2	1
by_gender	female	hugo_symbol	MIR551B	1
by_gender	female	hugo_symbol	MIR654	1
by_gender	female	hugo_symbol	MIR656	1
by_gender	female	hugo_symbol	MIR99AHG	1
by_gender	female	hugo_symbol	MIS18A	2
by_gender	female	hugo_symbol	MIS18BP1	3
by_gender	female	hugo_symbol	MISP	1
by_gender	female	hugo_symbol	MITD1	1
by_gender	female	hugo_symbol	MITF	4
by_gender	female	hugo_symbol	MIXL1	1
by_gender	female	hugo_symbol	MKI67	4
by_gender	female	hugo_symbol	MKLN1	1
by_gender	female	hugo_symbol	MKRN2	1
by_gender	female	hugo_symbol	MKRN3	2
by_gender	female	hugo_symbol	MLC1	1
by_gender	female	hugo_symbol	MLF2	1
by_gender	female	hugo_symbol	MLH1	1
by_gender	female	hugo_symbol	MLIP	2
by_gender	female	hugo_symbol	MLKL	2
by_gender	female	hugo_symbol	MLLT1	1
by_gender	female	hugo_symbol	MLLT10	3
by_gender	female	hugo_symbol	MLLT6	1
by_gender	female	hugo_symbol	MLNR	1
by_gender	female	hugo_symbol	MLPH	1
by_gender	female	hugo_symbol	MLXIP	2
by_gender	female	hugo_symbol	MLXIPL	2
by_gender	female	hugo_symbol	MME	2
by_gender	female	hugo_symbol	MMP1	1
by_gender	female	hugo_symbol	MMP10	1
by_gender	female	hugo_symbol	MMP14	1
by_gender	female	hugo_symbol	MMP15	1
by_gender	female	hugo_symbol	MMP16	1
by_gender	female	hugo_symbol	MMP17	1
by_gender	female	hugo_symbol	MMP2	2
by_gender	female	hugo_symbol	MMP21	1
by_gender	female	hugo_symbol	MMP24	1
by_gender	female	hugo_symbol	MMP26	1
by_gender	female	hugo_symbol	MMP28	1
by_gender	female	hugo_symbol	MMP3	2
by_gender	female	hugo_symbol	MMP7	1
by_gender	female	hugo_symbol	MMP8	1
by_gender	female	hugo_symbol	MMP9	1
by_gender	female	hugo_symbol	MMRN1	2
by_gender	female	hugo_symbol	MMS22L	1
by_gender	female	hugo_symbol	MMUT	2
by_gender	female	hugo_symbol	MN1	2
by_gender	female	hugo_symbol	MNDA	1
by_gender	female	hugo_symbol	MOB2	1
by_gender	female	hugo_symbol	MOB3A	2
by_gender	female	hugo_symbol	MOB4	1
by_gender	female	hugo_symbol	MOCS1	1
by_gender	female	hugo_symbol	MOCS2	1
by_gender	female	hugo_symbol	MOG	2
by_gender	female	hugo_symbol	MOGAT2	1
by_gender	female	hugo_symbol	MOGAT3	1
by_gender	female	hugo_symbol	MOGS	1
by_gender	female	hugo_symbol	MOK	2
by_gender	female	hugo_symbol	MON1A	1
by_gender	female	hugo_symbol	MON1B	1
by_gender	female	hugo_symbol	MON2	1
by_gender	female	hugo_symbol	MORC1	3
by_gender	female	hugo_symbol	MORC4	1
by_gender	female	hugo_symbol	MORN1	1
by_gender	female	hugo_symbol	MORN3	1
by_gender	female	hugo_symbol	MOSPD2	1
by_gender	female	hugo_symbol	MOSPD3	1
by_gender	female	hugo_symbol	MOV10	6
by_gender	female	hugo_symbol	MOV10L1	3
by_gender	female	hugo_symbol	MPDZ	2
by_gender	female	hugo_symbol	MPEG1	1
by_gender	female	hugo_symbol	MPO	2
by_gender	female	hugo_symbol	MPP2	1
by_gender	female	hugo_symbol	MPP4	1
by_gender	female	hugo_symbol	MPP6	1
by_gender	female	hugo_symbol	MPP7	1
by_gender	female	hugo_symbol	MPV17L2	1
by_gender	female	hugo_symbol	MR1	2
by_gender	female	hugo_symbol	MRAP2	1
by_gender	female	hugo_symbol	MRC1	6
by_gender	female	hugo_symbol	MRC2	2
by_gender	female	hugo_symbol	MRE11	1
by_gender	female	hugo_symbol	MRGPRD	1
by_gender	female	hugo_symbol	MRGPRX1	1
by_gender	female	hugo_symbol	MRGPRX3	1
by_gender	female	hugo_symbol	MRM1	1
by_gender	female	hugo_symbol	MROH1	3
by_gender	female	hugo_symbol	MROH2B	2
by_gender	female	hugo_symbol	MROH7	2
by_gender	female	hugo_symbol	MROH8	1
by_gender	female	hugo_symbol	MROH9	3
by_gender	female	hugo_symbol	MRPL1	1
by_gender	female	hugo_symbol	MRPL14	1
by_gender	female	hugo_symbol	MRPL15	1
by_gender	female	hugo_symbol	MRPL28	1
by_gender	female	hugo_symbol	MRPL3	1
by_gender	female	hugo_symbol	MRPL38	2
by_gender	female	hugo_symbol	MRPL47	2
by_gender	female	hugo_symbol	MRPL48	3
by_gender	female	hugo_symbol	MRPL54	1
by_gender	female	hugo_symbol	MRPS11	1
by_gender	female	hugo_symbol	MRPS15	1
by_gender	female	hugo_symbol	MRPS2	3
by_gender	female	hugo_symbol	MRPS23	1
by_gender	female	hugo_symbol	MRPS30	1
by_gender	female	hugo_symbol	MRPS31	1
by_gender	female	hugo_symbol	MRPS33	1
by_gender	female	hugo_symbol	MRPS34	1
by_gender	female	hugo_symbol	MRPS35	1
by_gender	female	hugo_symbol	MRPS36	2
by_gender	female	hugo_symbol	MRTFB	2
by_gender	female	hugo_symbol	MRTO4	1
by_gender	female	hugo_symbol	MS4A14	1
by_gender	female	hugo_symbol	MS4A15	1
by_gender	female	hugo_symbol	MS4A2	2
by_gender	female	hugo_symbol	MS4A6A	1
by_gender	female	hugo_symbol	MS4A6E	1
by_gender	female	hugo_symbol	MS4A7	1
by_gender	female	hugo_symbol	MSANTD3	2
by_gender	female	hugo_symbol	MSC	2
by_gender	female	hugo_symbol	MSGN1	2
by_gender	female	hugo_symbol	MSH2	1
by_gender	female	hugo_symbol	MSH3	2
by_gender	female	hugo_symbol	MSH4	1
by_gender	female	hugo_symbol	MSH6	3
by_gender	female	hugo_symbol	MSI1	1
by_gender	female	hugo_symbol	MSI2	1
by_gender	female	hugo_symbol	MSL1	2
by_gender	female	hugo_symbol	MSL2	1
by_gender	female	hugo_symbol	MSL3	1
by_gender	female	hugo_symbol	MSLNL	1
by_gender	female	hugo_symbol	MSMO1	1
by_gender	female	hugo_symbol	MSR1	1
by_gender	female	hugo_symbol	MSRA	1
by_gender	female	hugo_symbol	MSRB2	1
by_gender	female	hugo_symbol	MSRB3	2
by_gender	female	hugo_symbol	MST1	1
by_gender	female	hugo_symbol	MSTN	1
by_gender	female	hugo_symbol	MSTO1	2
by_gender	female	hugo_symbol	MT1B	1
by_gender	female	hugo_symbol	MT1H	1
by_gender	female	hugo_symbol	MT1M	2
by_gender	female	hugo_symbol	MTCH2	1
by_gender	female	hugo_symbol	MTF2	1
by_gender	female	hugo_symbol	MTFR1	1
by_gender	female	hugo_symbol	MTG1	1
by_gender	female	hugo_symbol	MTHFD1L	1
by_gender	female	hugo_symbol	MTHFD2	1
by_gender	female	hugo_symbol	MTHFD2L	1
by_gender	female	hugo_symbol	MTHFR	1
by_gender	female	hugo_symbol	MTM1	2
by_gender	female	hugo_symbol	MTMR12	1
by_gender	female	hugo_symbol	MTMR14	1
by_gender	female	hugo_symbol	MTMR4	4
by_gender	female	hugo_symbol	MTMR6	1
by_gender	female	hugo_symbol	MTNR1A	1
by_gender	female	hugo_symbol	MTO1	1
by_gender	female	hugo_symbol	MTOR	3
by_gender	female	hugo_symbol	MTPAP	2
by_gender	female	hugo_symbol	MTR	1
by_gender	female	hugo_symbol	MTREX	2
by_gender	female	hugo_symbol	MTRF1	1
by_gender	female	hugo_symbol	MTRR	1
by_gender	female	hugo_symbol	MTSS2	1
by_gender	female	hugo_symbol	MTUS2	3
by_gender	female	hugo_symbol	MUC1	1
by_gender	female	hugo_symbol	MUC15	1
by_gender	female	hugo_symbol	MUC16	30
by_gender	female	hugo_symbol	MUC17	4
by_gender	female	hugo_symbol	MUC2	3
by_gender	female	hugo_symbol	MUC21	1
by_gender	female	hugo_symbol	MUC4	6
by_gender	female	hugo_symbol	MUC5AC	2
by_gender	female	hugo_symbol	MUC5B	10
by_gender	female	hugo_symbol	MUC6	4
by_gender	female	hugo_symbol	MUCL3	1
by_gender	female	hugo_symbol	MUS81	3
by_gender	female	hugo_symbol	MUSK	3
by_gender	female	hugo_symbol	MVB12B	1
by_gender	female	hugo_symbol	MVP	1
by_gender	female	hugo_symbol	MX1	1
by_gender	female	hugo_symbol	MXRA5	5
by_gender	female	hugo_symbol	MXRA7	2
by_gender	female	hugo_symbol	MYADM	1
by_gender	female	hugo_symbol	MYB	2
by_gender	female	hugo_symbol	MYBBP1A	2
by_gender	female	hugo_symbol	MYBPC1	3
by_gender	female	hugo_symbol	MYBPC3	2
by_gender	female	hugo_symbol	MYCBP2	6
by_gender	female	hugo_symbol	MYCN	2
by_gender	female	hugo_symbol	MYEF2	1
by_gender	female	hugo_symbol	MYF5	1
by_gender	female	hugo_symbol	MYF6	1
by_gender	female	hugo_symbol	MYH1	4
by_gender	female	hugo_symbol	MYH10	3
by_gender	female	hugo_symbol	MYH11	5
by_gender	female	hugo_symbol	MYH13	1
by_gender	female	hugo_symbol	MYH14	5
by_gender	female	hugo_symbol	MYH15	5
by_gender	female	hugo_symbol	MYH2	2
by_gender	female	hugo_symbol	MYH3	1
by_gender	female	hugo_symbol	MYH4	3
by_gender	female	hugo_symbol	MYH6	4
by_gender	female	hugo_symbol	MYH7	2
by_gender	female	hugo_symbol	MYH7B	5
by_gender	female	hugo_symbol	MYH8	2
by_gender	female	hugo_symbol	MYH9	1
by_gender	female	hugo_symbol	MYL10	1
by_gender	female	hugo_symbol	MYLK	8
by_gender	female	hugo_symbol	MYLK2	3
by_gender	female	hugo_symbol	MYLK4	1
by_gender	female	hugo_symbol	MYLPF	1
by_gender	female	hugo_symbol	MYO10	4
by_gender	female	hugo_symbol	MYO15A	13
by_gender	female	hugo_symbol	MYO16	6
by_gender	female	hugo_symbol	MYO18A	3
by_gender	female	hugo_symbol	MYO18B	9
by_gender	female	hugo_symbol	MYO19	1
by_gender	female	hugo_symbol	MYO1A	2
by_gender	female	hugo_symbol	MYO1B	2
by_gender	female	hugo_symbol	MYO1D	1
by_gender	female	hugo_symbol	MYO1E	1
by_gender	female	hugo_symbol	MYO3A	4
by_gender	female	hugo_symbol	MYO3B	3
by_gender	female	hugo_symbol	MYO5A	1
by_gender	female	hugo_symbol	MYO5B	3
by_gender	female	hugo_symbol	MYO5C	1
by_gender	female	hugo_symbol	MYO6	1
by_gender	female	hugo_symbol	MYO7A	3
by_gender	female	hugo_symbol	MYO7B	1
by_gender	female	hugo_symbol	MYO9A	9
by_gender	female	hugo_symbol	MYO9B	1
by_gender	female	hugo_symbol	MYOF	1
by_gender	female	hugo_symbol	MYOG	1
by_gender	female	hugo_symbol	MYOM1	2
by_gender	female	hugo_symbol	MYOM2	1
by_gender	female	hugo_symbol	MYOM3	2
by_gender	female	hugo_symbol	MYORG	1
by_gender	female	hugo_symbol	MYOT	1
by_gender	female	hugo_symbol	MYOZ1	2
by_gender	female	hugo_symbol	MYOZ2	1
by_gender	female	hugo_symbol	MYOZ3	2
by_gender	female	hugo_symbol	MYPN	2
by_gender	female	hugo_symbol	MYPOP	1
by_gender	female	hugo_symbol	MYRF	2
by_gender	female	hugo_symbol	MYRIP	2
by_gender	female	hugo_symbol	MYT1	5
by_gender	female	hugo_symbol	MYT1L	2
by_gender	female	hugo_symbol	MZF1	1
by_gender	female	hugo_symbol	N4BP1	1
by_gender	female	hugo_symbol	N4BP2	5
by_gender	female	hugo_symbol	N4BP2L1	1
by_gender	female	hugo_symbol	N4BP2L2	2
by_gender	female	hugo_symbol	N4BP3	2
by_gender	female	hugo_symbol	NAA16	1
by_gender	female	hugo_symbol	NAA25	2
by_gender	female	hugo_symbol	NAA38	1
by_gender	female	hugo_symbol	NAA40	2
by_gender	female	hugo_symbol	NAA60	1
by_gender	female	hugo_symbol	NAALAD2	2
by_gender	female	hugo_symbol	NAALADL2	1
by_gender	female	hugo_symbol	NABP2	1
by_gender	female	hugo_symbol	NACA	6
by_gender	female	hugo_symbol	NACA2	1
by_gender	female	hugo_symbol	NACC1	1
by_gender	female	hugo_symbol	NACC2	1
by_gender	female	hugo_symbol	NADSYN1	1
by_gender	female	hugo_symbol	NAGK	1
by_gender	female	hugo_symbol	NAGLU	2
by_gender	female	hugo_symbol	NAGPA	1
by_gender	female	hugo_symbol	NAIF1	1
by_gender	female	hugo_symbol	NALCN	4
by_gender	female	hugo_symbol	NANOG	1
by_gender	female	hugo_symbol	NAP1L1	1
by_gender	female	hugo_symbol	NAP1L2	1
by_gender	female	hugo_symbol	NAPEPLD	1
by_gender	female	hugo_symbol	NAPSA	1
by_gender	female	hugo_symbol	NARS2	1
by_gender	female	hugo_symbol	NAT10	1
by_gender	female	hugo_symbol	NAT2	1
by_gender	female	hugo_symbol	NAT8L	1
by_gender	female	hugo_symbol	NAV1	2
by_gender	female	hugo_symbol	NAV2	5
by_gender	female	hugo_symbol	NAV3	4
by_gender	female	hugo_symbol	NAXE	1
by_gender	female	hugo_symbol	NBAS	2
by_gender	female	hugo_symbol	NBEA	4
by_gender	female	hugo_symbol	NBEAL1	1
by_gender	female	hugo_symbol	NBEAL2	2
by_gender	female	hugo_symbol	NBPF11	2
by_gender	female	hugo_symbol	NBPF20	1
by_gender	female	hugo_symbol	NBPF25P	2
by_gender	female	hugo_symbol	NBPF7	1
by_gender	female	hugo_symbol	NBPF9	2
by_gender	female	hugo_symbol	NCALD	1
by_gender	female	hugo_symbol	NCAM1	1
by_gender	female	hugo_symbol	NCAM2	4
by_gender	female	hugo_symbol	NCAN	2
by_gender	female	hugo_symbol	NCAPD2	2
by_gender	female	hugo_symbol	NCAPD3	3
by_gender	female	hugo_symbol	NCAPG	1
by_gender	female	hugo_symbol	NCAPG2	1
by_gender	female	hugo_symbol	NCAPH	2
by_gender	female	hugo_symbol	NCBP2	1
by_gender	female	hugo_symbol	NCBP3	2
by_gender	female	hugo_symbol	NCDN	1
by_gender	female	hugo_symbol	NCEH1	2
by_gender	female	hugo_symbol	NCF2	1
by_gender	female	hugo_symbol	NCK1	2
by_gender	female	hugo_symbol	NCK2	2
by_gender	female	hugo_symbol	NCKAP1	4
by_gender	female	hugo_symbol	NCKAP1L	3
by_gender	female	hugo_symbol	NCKAP5	1
by_gender	female	hugo_symbol	NCKIPSD	2
by_gender	female	hugo_symbol	NCOA2	1
by_gender	female	hugo_symbol	NCOA3	3
by_gender	female	hugo_symbol	NCOA4	1
by_gender	female	hugo_symbol	NCOA5	1
by_gender	female	hugo_symbol	NCOA6	1
by_gender	female	hugo_symbol	NCOR1	6
by_gender	female	hugo_symbol	NCOR2	2
by_gender	female	hugo_symbol	NCR1	1
by_gender	female	hugo_symbol	NDC1	2
by_gender	female	hugo_symbol	NDE1	1
by_gender	female	hugo_symbol	NDFIP1	2
by_gender	female	hugo_symbol	NDNF	1
by_gender	female	hugo_symbol	NDOR1	2
by_gender	female	hugo_symbol	NDP	1
by_gender	female	hugo_symbol	NDST1	2
by_gender	female	hugo_symbol	NDST3	4
by_gender	female	hugo_symbol	NDST4	2
by_gender	female	hugo_symbol	NDUFA10	3
by_gender	female	hugo_symbol	NDUFA11	1
by_gender	female	hugo_symbol	NDUFA6	1
by_gender	female	hugo_symbol	NDUFA7	1
by_gender	female	hugo_symbol	NDUFA8	1
by_gender	female	hugo_symbol	NDUFA9	1
by_gender	female	hugo_symbol	NDUFAF3	1
by_gender	female	hugo_symbol	NDUFAF7	1
by_gender	female	hugo_symbol	NDUFB1	1
by_gender	female	hugo_symbol	NDUFB8	1
by_gender	female	hugo_symbol	NDUFB9	1
by_gender	female	hugo_symbol	NDUFS1	1
by_gender	female	hugo_symbol	NDUFS6	1
by_gender	female	hugo_symbol	NDUFS7	1
by_gender	female	hugo_symbol	NDUFV1	1
by_gender	female	hugo_symbol	NDUFV3	1
by_gender	female	hugo_symbol	NEB	13
by_gender	female	hugo_symbol	NEBL	1
by_gender	female	hugo_symbol	NECAP2	1
by_gender	female	hugo_symbol	NECTIN1	1
by_gender	female	hugo_symbol	NECTIN2	1
by_gender	female	hugo_symbol	NEDD4	1
by_gender	female	hugo_symbol	NEDD4L	1
by_gender	female	hugo_symbol	NEDD8	1
by_gender	female	hugo_symbol	NEFH	1
by_gender	female	hugo_symbol	NEFM	1
by_gender	female	hugo_symbol	NEIL3	2
by_gender	female	hugo_symbol	NEK10	3
by_gender	female	hugo_symbol	NEK11	3
by_gender	female	hugo_symbol	NEK5	2
by_gender	female	hugo_symbol	NEK7	1
by_gender	female	hugo_symbol	NEK8	1
by_gender	female	hugo_symbol	NELFB	2
by_gender	female	hugo_symbol	NELFCD	2
by_gender	female	hugo_symbol	NELFE	2
by_gender	female	hugo_symbol	NELL2	2
by_gender	female	hugo_symbol	NEMF	2
by_gender	female	hugo_symbol	NEMP1	1
by_gender	female	hugo_symbol	NEO1	2
by_gender	female	hugo_symbol	NEPRO	2
by_gender	female	hugo_symbol	NES	2
by_gender	female	hugo_symbol	NETO1	2
by_gender	female	hugo_symbol	NEU4	1
by_gender	female	hugo_symbol	NEURL2	1
by_gender	female	hugo_symbol	NEURL3	1
by_gender	female	hugo_symbol	NEURL4	3
by_gender	female	hugo_symbol	NEUROD1	2
by_gender	female	hugo_symbol	NEUROG1	1
by_gender	female	hugo_symbol	NEXMIF	2
by_gender	female	hugo_symbol	NEXN	2
by_gender	female	hugo_symbol	NF1	2
by_gender	female	hugo_symbol	NFASC	2
by_gender	female	hugo_symbol	NFAT5	3
by_gender	female	hugo_symbol	NFATC1	3
by_gender	female	hugo_symbol	NFATC2	3
by_gender	female	hugo_symbol	NFATC3	2
by_gender	female	hugo_symbol	NFATC4	4
by_gender	female	hugo_symbol	NFE2L1	3
by_gender	female	hugo_symbol	NFIC	1
by_gender	female	hugo_symbol	NFIL3	1
by_gender	female	hugo_symbol	NFIX	1
by_gender	female	hugo_symbol	NFKBIA	1
by_gender	female	hugo_symbol	NFKBID	1
by_gender	female	hugo_symbol	NFKBIZ	3
by_gender	female	hugo_symbol	NGDN	1
by_gender	female	hugo_symbol	NGF	4
by_gender	female	hugo_symbol	NGLY1	1
by_gender	female	hugo_symbol	NGRN	2
by_gender	female	hugo_symbol	NHLRC1	1
by_gender	female	hugo_symbol	NHLRC2	1
by_gender	female	hugo_symbol	NHLRC3	1
by_gender	female	hugo_symbol	NHSL2	2
by_gender	female	hugo_symbol	NIBAN1	1
by_gender	female	hugo_symbol	NIBAN2	2
by_gender	female	hugo_symbol	NIBAN3	2
by_gender	female	hugo_symbol	NICN1	1
by_gender	female	hugo_symbol	NID1	1
by_gender	female	hugo_symbol	NID2	1
by_gender	female	hugo_symbol	NIM1K	1
by_gender	female	hugo_symbol	NIN	3
by_gender	female	hugo_symbol	NINL	3
by_gender	female	hugo_symbol	NIPA1	1
by_gender	female	hugo_symbol	NIPAL4	1
by_gender	female	hugo_symbol	NIPBL	6
by_gender	female	hugo_symbol	NIPSNAP2	1
by_gender	female	hugo_symbol	NIPSNAP3B	1
by_gender	female	hugo_symbol	NISCH	1
by_gender	female	hugo_symbol	NKAIN3	1
by_gender	female	hugo_symbol	NKAP	1
by_gender	female	hugo_symbol	NKAPL	1
by_gender	female	hugo_symbol	NKD1	2
by_gender	female	hugo_symbol	NKG7	2
by_gender	female	hugo_symbol	NKRF	1
by_gender	female	hugo_symbol	NKTR	2
by_gender	female	hugo_symbol	NKX2-1	1
by_gender	female	hugo_symbol	NKX2-4	1
by_gender	female	hugo_symbol	NKX2-5	1
by_gender	female	hugo_symbol	NKX6-2	1
by_gender	female	hugo_symbol	NLE1	1
by_gender	female	hugo_symbol	NLGN1	4
by_gender	female	hugo_symbol	NLGN2	2
by_gender	female	hugo_symbol	NLGN3	3
by_gender	female	hugo_symbol	NLGN4X	3
by_gender	female	hugo_symbol	NLK	1
by_gender	female	hugo_symbol	NLRC3	3
by_gender	female	hugo_symbol	NLRC4	3
by_gender	female	hugo_symbol	NLRC5	5
by_gender	female	hugo_symbol	NLRP1	1
by_gender	female	hugo_symbol	NLRP10	2
by_gender	female	hugo_symbol	NLRP11	2
by_gender	female	hugo_symbol	NLRP12	2
by_gender	female	hugo_symbol	NLRP13	1
by_gender	female	hugo_symbol	NLRP14	1
by_gender	female	hugo_symbol	NLRP2	1
by_gender	female	hugo_symbol	NLRP3	3
by_gender	female	hugo_symbol	NLRP4	1
by_gender	female	hugo_symbol	NLRP7	2
by_gender	female	hugo_symbol	NLRP8	4
by_gender	female	hugo_symbol	NLRP9	2
by_gender	female	hugo_symbol	NMD3	1
by_gender	female	hugo_symbol	NME1	1
by_gender	female	hugo_symbol	NME4	1
by_gender	female	hugo_symbol	NMRK1	1
by_gender	female	hugo_symbol	NMT2	1
by_gender	female	hugo_symbol	NMUR2	2
by_gender	female	hugo_symbol	NNT	5
by_gender	female	hugo_symbol	NOBOX	2
by_gender	female	hugo_symbol	NOC3L	2
by_gender	female	hugo_symbol	NOD1	3
by_gender	female	hugo_symbol	NOD2	2
by_gender	female	hugo_symbol	NOL10	1
by_gender	female	hugo_symbol	NOL4	2
by_gender	female	hugo_symbol	NOL8	2
by_gender	female	hugo_symbol	NOL9	1
by_gender	female	hugo_symbol	NOM1	1
by_gender	female	hugo_symbol	NOMO1	2
by_gender	female	hugo_symbol	NOMO2	1
by_gender	female	hugo_symbol	NONO	1
by_gender	female	hugo_symbol	NOP2	2
by_gender	female	hugo_symbol	NOP53	2
by_gender	female	hugo_symbol	NOP56	3
by_gender	female	hugo_symbol	NOP9	1
by_gender	female	hugo_symbol	NOS1	4
by_gender	female	hugo_symbol	NOS1AP	1
by_gender	female	hugo_symbol	NOS2	2
by_gender	female	hugo_symbol	NOS3	5
by_gender	female	hugo_symbol	NOSIP	1
by_gender	female	hugo_symbol	NOTCH1	4
by_gender	female	hugo_symbol	NOTCH2	2
by_gender	female	hugo_symbol	NOTCH3	4
by_gender	female	hugo_symbol	NOTCH4	5
by_gender	female	hugo_symbol	NOVA1	2
by_gender	female	hugo_symbol	NOX1	3
by_gender	female	hugo_symbol	NOX4	2
by_gender	female	hugo_symbol	NOX5	1
by_gender	female	hugo_symbol	NOXA1	1
by_gender	female	hugo_symbol	NPAP1	4
by_gender	female	hugo_symbol	NPAS1	1
by_gender	female	hugo_symbol	NPAS2	2
by_gender	female	hugo_symbol	NPAS3	2
by_gender	female	hugo_symbol	NPAT	3
by_gender	female	hugo_symbol	NPBWR1	1
by_gender	female	hugo_symbol	NPC1	3
by_gender	female	hugo_symbol	NPC1L1	4
by_gender	female	hugo_symbol	NPFFR2	1
by_gender	female	hugo_symbol	NPHP1	1
by_gender	female	hugo_symbol	NPHP3	1
by_gender	female	hugo_symbol	NPHP4	5
by_gender	female	hugo_symbol	NPHS1	2
by_gender	female	hugo_symbol	NPHS2	1
by_gender	female	hugo_symbol	NPM3	1
by_gender	female	hugo_symbol	NPR1	1
by_gender	female	hugo_symbol	NPR2	1
by_gender	female	hugo_symbol	NPRL2	1
by_gender	female	hugo_symbol	NPRL3	1
by_gender	female	hugo_symbol	NPTX1	1
by_gender	female	hugo_symbol	NPY	2
by_gender	female	hugo_symbol	NPY2R	2
by_gender	female	hugo_symbol	NQO2	2
by_gender	female	hugo_symbol	NR0B1	3
by_gender	female	hugo_symbol	NR1D2	1
by_gender	female	hugo_symbol	NR1H3	2
by_gender	female	hugo_symbol	NR1H4	2
by_gender	female	hugo_symbol	NR1I2	1
by_gender	female	hugo_symbol	NR1I3	1
by_gender	female	hugo_symbol	NR2C1	3
by_gender	female	hugo_symbol	NR2E1	1
by_gender	female	hugo_symbol	NR2E3	1
by_gender	female	hugo_symbol	NR2F1	1
by_gender	female	hugo_symbol	NR2F6	1
by_gender	female	hugo_symbol	NR3C1	2
by_gender	female	hugo_symbol	NR4A1	1
by_gender	female	hugo_symbol	NR4A2	2
by_gender	female	hugo_symbol	NR4A3	1
by_gender	female	hugo_symbol	NR6A1	1
by_gender	female	hugo_symbol	NRAP	3
by_gender	female	hugo_symbol	NRCAM	2
by_gender	female	hugo_symbol	NRDC	4
by_gender	female	hugo_symbol	NRDE2	1
by_gender	female	hugo_symbol	NRG1	6
by_gender	female	hugo_symbol	NRIP1	1
by_gender	female	hugo_symbol	NRIP3	1
by_gender	female	hugo_symbol	NRK	3
by_gender	female	hugo_symbol	NRN1	2
by_gender	female	hugo_symbol	NRN1L	1
by_gender	female	hugo_symbol	NRP1	3
by_gender	female	hugo_symbol	NRP2	4
by_gender	female	hugo_symbol	NRROS	3
by_gender	female	hugo_symbol	NRSN1	1
by_gender	female	hugo_symbol	NRXN1	3
by_gender	female	hugo_symbol	NRXN2	2
by_gender	female	hugo_symbol	NRXN3	4
by_gender	female	hugo_symbol	NSD1	3
by_gender	female	hugo_symbol	NSD2	1
by_gender	female	hugo_symbol	NSDHL	1
by_gender	female	hugo_symbol	NSFL1C	2
by_gender	female	hugo_symbol	NSMAF	1
by_gender	female	hugo_symbol	NSMCE3	1
by_gender	female	hugo_symbol	NSMCE4A	1
by_gender	female	hugo_symbol	NSUN2	1
by_gender	female	hugo_symbol	NSUN4	3
by_gender	female	hugo_symbol	NSUN5	1
by_gender	female	hugo_symbol	NSUN7	2
by_gender	female	hugo_symbol	NT5C1B	1
by_gender	female	hugo_symbol	NT5C3A	1
by_gender	female	hugo_symbol	NT5C3B	1
by_gender	female	hugo_symbol	NT5DC1	1
by_gender	female	hugo_symbol	NT5DC2	2
by_gender	female	hugo_symbol	NT5DC3	1
by_gender	female	hugo_symbol	NT5E	1
by_gender	female	hugo_symbol	NT5M	1
by_gender	female	hugo_symbol	NTF3	1
by_gender	female	hugo_symbol	NTHL1	1
by_gender	female	hugo_symbol	NTM	2
by_gender	female	hugo_symbol	NTMT1	2
by_gender	female	hugo_symbol	NTN3	3
by_gender	female	hugo_symbol	NTN4	1
by_gender	female	hugo_symbol	NTNG2	3
by_gender	female	hugo_symbol	NTRK1	3
by_gender	female	hugo_symbol	NTRK2	2
by_gender	female	hugo_symbol	NTRK3	4
by_gender	female	hugo_symbol	NTS	1
by_gender	female	hugo_symbol	NUAK1	1
by_gender	female	hugo_symbol	NUAK2	1
by_gender	female	hugo_symbol	NUB1	1
by_gender	female	hugo_symbol	NUDC	1
by_gender	female	hugo_symbol	NUDCD1	1
by_gender	female	hugo_symbol	NUDCD3	1
by_gender	female	hugo_symbol	NUDT14	1
by_gender	female	hugo_symbol	NUDT17	1
by_gender	female	hugo_symbol	NUDT19	1
by_gender	female	hugo_symbol	NUDT21	1
by_gender	female	hugo_symbol	NUDT8	1
by_gender	female	hugo_symbol	NUMA1	2
by_gender	female	hugo_symbol	NUMBL	1
by_gender	female	hugo_symbol	NUP153	2
by_gender	female	hugo_symbol	NUP155	1
by_gender	female	hugo_symbol	NUP160	3
by_gender	female	hugo_symbol	NUP188	3
by_gender	female	hugo_symbol	NUP205	3
by_gender	female	hugo_symbol	NUP210	2
by_gender	female	hugo_symbol	NUP210L	2
by_gender	female	hugo_symbol	NUP214	4
by_gender	female	hugo_symbol	NUP37	1
by_gender	female	hugo_symbol	NUP42	2
by_gender	female	hugo_symbol	NUP50	2
by_gender	female	hugo_symbol	NUP54	1
by_gender	female	hugo_symbol	NUP58	1
by_gender	female	hugo_symbol	NUP62	1
by_gender	female	hugo_symbol	NUP85	2
by_gender	female	hugo_symbol	NUP88	1
by_gender	female	hugo_symbol	NUP93	1
by_gender	female	hugo_symbol	NUP98	2
by_gender	female	hugo_symbol	NUS1	1
by_gender	female	hugo_symbol	NUTM1	4
by_gender	female	hugo_symbol	NUTM2F	1
by_gender	female	hugo_symbol	NVL	1
by_gender	female	hugo_symbol	NWD1	1
by_gender	female	hugo_symbol	NXNL1	1
by_gender	female	hugo_symbol	NXPE3	1
by_gender	female	hugo_symbol	NXPE4	1
by_gender	female	hugo_symbol	NXPH1	1
by_gender	female	hugo_symbol	NXT1	1
by_gender	female	hugo_symbol	NXT2	1
by_gender	female	hugo_symbol	NYAP2	2
by_gender	female	hugo_symbol	NYNRIN	6
by_gender	female	hugo_symbol	OAF	1
by_gender	female	hugo_symbol	OARD1	1
by_gender	female	hugo_symbol	OAS3	2
by_gender	female	hugo_symbol	OAT	2
by_gender	female	hugo_symbol	OBI1	1
by_gender	female	hugo_symbol	OBSCN	8
by_gender	female	hugo_symbol	OBSL1	1
by_gender	female	hugo_symbol	OCA2	1
by_gender	female	hugo_symbol	OCIAD1	2
by_gender	female	hugo_symbol	OCRL	1
by_gender	female	hugo_symbol	ODAM	1
by_gender	female	hugo_symbol	ODF1	2
by_gender	female	hugo_symbol	ODF2	2
by_gender	female	hugo_symbol	ODF4	1
by_gender	female	hugo_symbol	OGA	2
by_gender	female	hugo_symbol	OGDH	3
by_gender	female	hugo_symbol	OGDHL	1
by_gender	female	hugo_symbol	OGFOD2	2
by_gender	female	hugo_symbol	OGFR	1
by_gender	female	hugo_symbol	OGFRL1	1
by_gender	female	hugo_symbol	OGG1	2
by_gender	female	hugo_symbol	OGT	1
by_gender	female	hugo_symbol	OIT3	1
by_gender	female	hugo_symbol	OLFM1	1
by_gender	female	hugo_symbol	OLFM2	3
by_gender	female	hugo_symbol	OLFML2A	2
by_gender	female	hugo_symbol	OLIG3	2
by_gender	female	hugo_symbol	OMD	1
by_gender	female	hugo_symbol	OMP	1
by_gender	female	hugo_symbol	ONECUT2	1
by_gender	female	hugo_symbol	OPA1	1
by_gender	female	hugo_symbol	OPA3	1
by_gender	female	hugo_symbol	OPALIN	1
by_gender	female	hugo_symbol	OPLAH	3
by_gender	female	hugo_symbol	OPN1LW	2
by_gender	female	hugo_symbol	OPN1SW	1
by_gender	female	hugo_symbol	OPN3	1
by_gender	female	hugo_symbol	OPRD1	1
by_gender	female	hugo_symbol	OPRL1	1
by_gender	female	hugo_symbol	OPRM1	1
by_gender	female	hugo_symbol	OR10A6	1
by_gender	female	hugo_symbol	OR10C1	5
by_gender	female	hugo_symbol	OR10G2	1
by_gender	female	hugo_symbol	OR10G7	1
by_gender	female	hugo_symbol	OR10G9	2
by_gender	female	hugo_symbol	OR10H2	1
by_gender	female	hugo_symbol	OR10H3	1
by_gender	female	hugo_symbol	OR10J1	1
by_gender	female	hugo_symbol	OR10J3	2
by_gender	female	hugo_symbol	OR10J5	1
by_gender	female	hugo_symbol	OR10P1	1
by_gender	female	hugo_symbol	OR10Q1	2
by_gender	female	hugo_symbol	OR10R2	2
by_gender	female	hugo_symbol	OR10S1	2
by_gender	female	hugo_symbol	OR11G2	2
by_gender	female	hugo_symbol	OR11H12	1
by_gender	female	hugo_symbol	OR11H6	1
by_gender	female	hugo_symbol	OR11L1	2
by_gender	female	hugo_symbol	OR12D2	1
by_gender	female	hugo_symbol	OR13C4	1
by_gender	female	hugo_symbol	OR13C5	1
by_gender	female	hugo_symbol	OR13C9	1
by_gender	female	hugo_symbol	OR13F1	2
by_gender	female	hugo_symbol	OR13G1	3
by_gender	female	hugo_symbol	OR14C36	1
by_gender	female	hugo_symbol	OR14K1	4
by_gender	female	hugo_symbol	OR1C1	1
by_gender	female	hugo_symbol	OR1E1	2
by_gender	female	hugo_symbol	OR1K1	1
by_gender	female	hugo_symbol	OR1L1	1
by_gender	female	hugo_symbol	OR1L4	2
by_gender	female	hugo_symbol	OR1L6	2
by_gender	female	hugo_symbol	OR1L8	1
by_gender	female	hugo_symbol	OR1N2	1
by_gender	female	hugo_symbol	OR1Q1	1
by_gender	female	hugo_symbol	OR1S1	1
by_gender	female	hugo_symbol	OR2A14	1
by_gender	female	hugo_symbol	OR2A2	1
by_gender	female	hugo_symbol	OR2A25	1
by_gender	female	hugo_symbol	OR2AE1	1
by_gender	female	hugo_symbol	OR2AK2	1
by_gender	female	hugo_symbol	OR2B11	1
by_gender	female	hugo_symbol	OR2B2	2
by_gender	female	hugo_symbol	OR2B6	1
by_gender	female	hugo_symbol	OR2C1	1
by_gender	female	hugo_symbol	OR2C3	1
by_gender	female	hugo_symbol	OR2D2	1
by_gender	female	hugo_symbol	OR2F1	1
by_gender	female	hugo_symbol	OR2F2	1
by_gender	female	hugo_symbol	OR2G2	1
by_gender	female	hugo_symbol	OR2H2	2
by_gender	female	hugo_symbol	OR2J3	1
by_gender	female	hugo_symbol	OR2K2	2
by_gender	female	hugo_symbol	OR2L2	1
by_gender	female	hugo_symbol	OR2L8	1
by_gender	female	hugo_symbol	OR2M5	2
by_gender	female	hugo_symbol	OR2S2	1
by_gender	female	hugo_symbol	OR2T10	1
by_gender	female	hugo_symbol	OR2T11	1
by_gender	female	hugo_symbol	OR2T12	1
by_gender	female	hugo_symbol	OR2T27	1
by_gender	female	hugo_symbol	OR2T3	2
by_gender	female	hugo_symbol	OR2T34	2
by_gender	female	hugo_symbol	OR2T4	1
by_gender	female	hugo_symbol	OR2T8	3
by_gender	female	hugo_symbol	OR2W5	4
by_gender	female	hugo_symbol	OR2Z1	2
by_gender	female	hugo_symbol	OR3A3	1
by_gender	female	hugo_symbol	OR4A15	3
by_gender	female	hugo_symbol	OR4A5	1
by_gender	female	hugo_symbol	OR4C11	1
by_gender	female	hugo_symbol	OR4C3	1
by_gender	female	hugo_symbol	OR4C46	2
by_gender	female	hugo_symbol	OR4D2	1
by_gender	female	hugo_symbol	OR4D5	1
by_gender	female	hugo_symbol	OR4F4	1
by_gender	female	hugo_symbol	OR4K1	1
by_gender	female	hugo_symbol	OR4K14	1
by_gender	female	hugo_symbol	OR4K5	1
by_gender	female	hugo_symbol	OR4N2	1
by_gender	female	hugo_symbol	OR4P4	1
by_gender	female	hugo_symbol	OR4Q3	1
by_gender	female	hugo_symbol	OR4S2	1
by_gender	female	hugo_symbol	OR4X1	1
by_gender	female	hugo_symbol	OR4X2	3
by_gender	female	hugo_symbol	OR51A7	1
by_gender	female	hugo_symbol	OR51B2	1
by_gender	female	hugo_symbol	OR51B4	1
by_gender	female	hugo_symbol	OR51B5	1
by_gender	female	hugo_symbol	OR51D1	2
by_gender	female	hugo_symbol	OR51E1	2
by_gender	female	hugo_symbol	OR51E2	1
by_gender	female	hugo_symbol	OR51F1	1
by_gender	female	hugo_symbol	OR51G1	1
by_gender	female	hugo_symbol	OR51I1	1
by_gender	female	hugo_symbol	OR51I2	1
by_gender	female	hugo_symbol	OR51M1	2
by_gender	female	hugo_symbol	OR51Q1	1
by_gender	female	hugo_symbol	OR51T1	1
by_gender	female	hugo_symbol	OR51V1	2
by_gender	female	hugo_symbol	OR52A1	1
by_gender	female	hugo_symbol	OR52A4P	1
by_gender	female	hugo_symbol	OR52A5	1
by_gender	female	hugo_symbol	OR52B4	1
by_gender	female	hugo_symbol	OR52B6	1
by_gender	female	hugo_symbol	OR52D1	1
by_gender	female	hugo_symbol	OR52E8	1
by_gender	female	hugo_symbol	OR52H1	1
by_gender	female	hugo_symbol	OR52I1	1
by_gender	female	hugo_symbol	OR52I2	2
by_gender	female	hugo_symbol	OR52L1	1
by_gender	female	hugo_symbol	OR52N2	1
by_gender	female	hugo_symbol	OR52N5	3
by_gender	female	hugo_symbol	OR52R1	1
by_gender	female	hugo_symbol	OR56A3	1
by_gender	female	hugo_symbol	OR5A1	1
by_gender	female	hugo_symbol	OR5A2	1
by_gender	female	hugo_symbol	OR5AK2	1
by_gender	female	hugo_symbol	OR5AS1	2
by_gender	female	hugo_symbol	OR5B12	2
by_gender	female	hugo_symbol	OR5B3	1
by_gender	female	hugo_symbol	OR5C1	1
by_gender	female	hugo_symbol	OR5D13	1
by_gender	female	hugo_symbol	OR5D16	1
by_gender	female	hugo_symbol	OR5D18	1
by_gender	female	hugo_symbol	OR5F1	2
by_gender	female	hugo_symbol	OR5H1	2
by_gender	female	hugo_symbol	OR5H6	1
by_gender	female	hugo_symbol	OR5L2	1
by_gender	female	hugo_symbol	OR5M11	1
by_gender	female	hugo_symbol	OR5M3	2
by_gender	female	hugo_symbol	OR5P2	2
by_gender	female	hugo_symbol	OR5P3	2
by_gender	female	hugo_symbol	OR5R1	1
by_gender	female	hugo_symbol	OR5T3	1
by_gender	female	hugo_symbol	OR5W2	1
by_gender	female	hugo_symbol	OR6A2	2
by_gender	female	hugo_symbol	OR6C1	1
by_gender	female	hugo_symbol	OR6C3	1
by_gender	female	hugo_symbol	OR6C70	1
by_gender	female	hugo_symbol	OR6C74	1
by_gender	female	hugo_symbol	OR6K2	1
by_gender	female	hugo_symbol	OR6K6	1
by_gender	female	hugo_symbol	OR6N1	1
by_gender	female	hugo_symbol	OR6T1	1
by_gender	female	hugo_symbol	OR6X1	2
by_gender	female	hugo_symbol	OR6Y1	2
by_gender	female	hugo_symbol	OR7D2	1
by_gender	female	hugo_symbol	OR7D4	3
by_gender	female	hugo_symbol	OR7E24	2
by_gender	female	hugo_symbol	OR8B12	2
by_gender	female	hugo_symbol	OR8B8	1
by_gender	female	hugo_symbol	OR8D2	2
by_gender	female	hugo_symbol	OR8D4	1
by_gender	female	hugo_symbol	OR8H2	1
by_gender	female	hugo_symbol	OR8H3	2
by_gender	female	hugo_symbol	OR8J1	1
by_gender	female	hugo_symbol	OR8J3	1
by_gender	female	hugo_symbol	OR8K1	1
by_gender	female	hugo_symbol	OR8K5	2
by_gender	female	hugo_symbol	OR8U1	2
by_gender	female	hugo_symbol	ORC1	1
by_gender	female	hugo_symbol	ORC2	1
by_gender	female	hugo_symbol	ORC4	1
by_gender	female	hugo_symbol	ORC5	1
by_gender	female	hugo_symbol	OSBP2	1
by_gender	female	hugo_symbol	OSBPL10	1
by_gender	female	hugo_symbol	OSBPL11	2
by_gender	female	hugo_symbol	OSBPL1A	4
by_gender	female	hugo_symbol	OSBPL2	1
by_gender	female	hugo_symbol	OSBPL3	1
by_gender	female	hugo_symbol	OSBPL6	3
by_gender	female	hugo_symbol	OSBPL8	3
by_gender	female	hugo_symbol	OSBPL9	1
by_gender	female	hugo_symbol	OSCAR	1
by_gender	female	hugo_symbol	OSGEP	2
by_gender	female	hugo_symbol	OSGIN1	2
by_gender	female	hugo_symbol	OSGIN2	2
by_gender	female	hugo_symbol	OSMR	3
by_gender	female	hugo_symbol	OSR1	1
by_gender	female	hugo_symbol	OSTCP1	1
by_gender	female	hugo_symbol	OTOF	3
by_gender	female	hugo_symbol	OTOGL	1
by_gender	female	hugo_symbol	OTOP2	1
by_gender	female	hugo_symbol	OTOP3	2
by_gender	female	hugo_symbol	OTOR	1
by_gender	female	hugo_symbol	OTUD3	1
by_gender	female	hugo_symbol	OTUD4	1
by_gender	female	hugo_symbol	OTUD7A	1
by_gender	female	hugo_symbol	OTUD7B	4
by_gender	female	hugo_symbol	OTULINL	1
by_gender	female	hugo_symbol	OTX1	2
by_gender	female	hugo_symbol	OTX2	3
by_gender	female	hugo_symbol	OVCH1	3
by_gender	female	hugo_symbol	OVOL1	1
by_gender	female	hugo_symbol	OXCT1	1
by_gender	female	hugo_symbol	OXCT2	1
by_gender	female	hugo_symbol	OXTR	2
by_gender	female	hugo_symbol	P2RX2	1
by_gender	female	hugo_symbol	P2RX5	1
by_gender	female	hugo_symbol	P2RY1	1
by_gender	female	hugo_symbol	P2RY13	2
by_gender	female	hugo_symbol	P2RY14	1
by_gender	female	hugo_symbol	P2RY2	1
by_gender	female	hugo_symbol	P2RY8	2
by_gender	female	hugo_symbol	P3H1	2
by_gender	female	hugo_symbol	P3H2	1
by_gender	female	hugo_symbol	P3H3	1
by_gender	female	hugo_symbol	P4HA1	1
by_gender	female	hugo_symbol	P4HA2	1
by_gender	female	hugo_symbol	P4HA3	1
by_gender	female	hugo_symbol	P4HTM	1
by_gender	female	hugo_symbol	PAAF1	1
by_gender	female	hugo_symbol	PABPC3	3
by_gender	female	hugo_symbol	PABPC5	1
by_gender	female	hugo_symbol	PACC1	1
by_gender	female	hugo_symbol	PACRG	1
by_gender	female	hugo_symbol	PACRGL	1
by_gender	female	hugo_symbol	PACSIN1	1
by_gender	female	hugo_symbol	PACSIN3	1
by_gender	female	hugo_symbol	PADI4	1
by_gender	female	hugo_symbol	PADI6	1
by_gender	female	hugo_symbol	PAF1	1
by_gender	female	hugo_symbol	PAFAH1B1	1
by_gender	female	hugo_symbol	PAFAH2	1
by_gender	female	hugo_symbol	PAG1	2
by_gender	female	hugo_symbol	PAK2	2
by_gender	female	hugo_symbol	PAK4	1
by_gender	female	hugo_symbol	PAK5	1
by_gender	female	hugo_symbol	PALB2	2
by_gender	female	hugo_symbol	PALD1	1
by_gender	female	hugo_symbol	PALM	2
by_gender	female	hugo_symbol	PALM2AKAP2	5
by_gender	female	hugo_symbol	PALMD	1
by_gender	female	hugo_symbol	PAM	1
by_gender	female	hugo_symbol	PAMR1	1
by_gender	female	hugo_symbol	PAN2	2
by_gender	female	hugo_symbol	PAN3	1
by_gender	female	hugo_symbol	PANK3	1
by_gender	female	hugo_symbol	PANK4	1
by_gender	female	hugo_symbol	PANX2	1
by_gender	female	hugo_symbol	PAPOLA	2
by_gender	female	hugo_symbol	PAPOLB	1
by_gender	female	hugo_symbol	PAPPA	2
by_gender	female	hugo_symbol	PAPPA2	3
by_gender	female	hugo_symbol	PAPSS1	2
by_gender	female	hugo_symbol	PAPSS2	2
by_gender	female	hugo_symbol	PAQR3	1
by_gender	female	hugo_symbol	PAQR7	1
by_gender	female	hugo_symbol	PAQR8	1
by_gender	female	hugo_symbol	PAQR9	1
by_gender	female	hugo_symbol	PARD3	2
by_gender	female	hugo_symbol	PARD3B	3
by_gender	female	hugo_symbol	PARM1	1
by_gender	female	hugo_symbol	PARP1	2
by_gender	female	hugo_symbol	PARP10	1
by_gender	female	hugo_symbol	PARP11	1
by_gender	female	hugo_symbol	PARP12	1
by_gender	female	hugo_symbol	PARP14	4
by_gender	female	hugo_symbol	PARP15	1
by_gender	female	hugo_symbol	PARP16	2
by_gender	female	hugo_symbol	PARP2	1
by_gender	female	hugo_symbol	PARP6	2
by_gender	female	hugo_symbol	PARP8	2
by_gender	female	hugo_symbol	PARP9	2
by_gender	female	hugo_symbol	PARPBP	1
by_gender	female	hugo_symbol	PARS2	1
by_gender	female	hugo_symbol	PARVB	2
by_gender	female	hugo_symbol	PARVG	1
by_gender	female	hugo_symbol	PASD1	2
by_gender	female	hugo_symbol	PASK	2
by_gender	female	hugo_symbol	PATZ1	1
by_gender	female	hugo_symbol	PAX2	2
by_gender	female	hugo_symbol	PAX4	1
by_gender	female	hugo_symbol	PAX5	1
by_gender	female	hugo_symbol	PAX7	1
by_gender	female	hugo_symbol	PAX8	1
by_gender	female	hugo_symbol	PAX9	2
by_gender	female	hugo_symbol	PAXBP1	1
by_gender	female	hugo_symbol	PBRM1	4
by_gender	female	hugo_symbol	PBX1	1
by_gender	female	hugo_symbol	PBX3	1
by_gender	female	hugo_symbol	PBX4	1
by_gender	female	hugo_symbol	PC	2
by_gender	female	hugo_symbol	PCARE	1
by_gender	female	hugo_symbol	PCBP1	3
by_gender	female	hugo_symbol	PCBP2	2
by_gender	female	hugo_symbol	PCBP3	1
by_gender	female	hugo_symbol	PCDH1	1
by_gender	female	hugo_symbol	PCDH10	6
by_gender	female	hugo_symbol	PCDH11X	2
by_gender	female	hugo_symbol	PCDH12	3
by_gender	female	hugo_symbol	PCDH15	8
by_gender	female	hugo_symbol	PCDH17	2
by_gender	female	hugo_symbol	PCDH18	4
by_gender	female	hugo_symbol	PCDH19	3
by_gender	female	hugo_symbol	PCDH7	2
by_gender	female	hugo_symbol	PCDH8	2
by_gender	female	hugo_symbol	PCDH9	3
by_gender	female	hugo_symbol	PCDHA1	1
by_gender	female	hugo_symbol	PCDHA10	2
by_gender	female	hugo_symbol	PCDHA11	1
by_gender	female	hugo_symbol	PCDHA12	1
by_gender	female	hugo_symbol	PCDHA2	3
by_gender	female	hugo_symbol	PCDHA3	2
by_gender	female	hugo_symbol	PCDHA4	3
by_gender	female	hugo_symbol	PCDHA5	1
by_gender	female	hugo_symbol	PCDHA6	3
by_gender	female	hugo_symbol	PCDHA7	1
by_gender	female	hugo_symbol	PCDHA8	2
by_gender	female	hugo_symbol	PCDHA9	4
by_gender	female	hugo_symbol	PCDHAC1	2
by_gender	female	hugo_symbol	PCDHB1	1
by_gender	female	hugo_symbol	PCDHB10	3
by_gender	female	hugo_symbol	PCDHB11	2
by_gender	female	hugo_symbol	PCDHB12	2
by_gender	female	hugo_symbol	PCDHB13	2
by_gender	female	hugo_symbol	PCDHB14	6
by_gender	female	hugo_symbol	PCDHB15	2
by_gender	female	hugo_symbol	PCDHB3	5
by_gender	female	hugo_symbol	PCDHB4	2
by_gender	female	hugo_symbol	PCDHB5	2
by_gender	female	hugo_symbol	PCDHB6	2
by_gender	female	hugo_symbol	PCDHB7	4
by_gender	female	hugo_symbol	PCDHB8	4
by_gender	female	hugo_symbol	PCDHB9	1
by_gender	female	hugo_symbol	PCDHGA10	1
by_gender	female	hugo_symbol	PCDHGA11	1
by_gender	female	hugo_symbol	PCDHGA12	1
by_gender	female	hugo_symbol	PCDHGA2	2
by_gender	female	hugo_symbol	PCDHGA3	2
by_gender	female	hugo_symbol	PCDHGA6	3
by_gender	female	hugo_symbol	PCDHGA7	2
by_gender	female	hugo_symbol	PCDHGA8	2
by_gender	female	hugo_symbol	PCDHGA9	4
by_gender	female	hugo_symbol	PCDHGB1	2
by_gender	female	hugo_symbol	PCDHGB4	1
by_gender	female	hugo_symbol	PCDHGB6	3
by_gender	female	hugo_symbol	PCDHGB7	5
by_gender	female	hugo_symbol	PCDHGC3	1
by_gender	female	hugo_symbol	PCDHGC5	3
by_gender	female	hugo_symbol	PCED1A	1
by_gender	female	hugo_symbol	PCF11	1
by_gender	female	hugo_symbol	PCGF3	1
by_gender	female	hugo_symbol	PCGF5	1
by_gender	female	hugo_symbol	PCIF1	1
by_gender	female	hugo_symbol	PCK1	2
by_gender	female	hugo_symbol	PCK2	2
by_gender	female	hugo_symbol	PCLO	7
by_gender	female	hugo_symbol	PCM1	2
by_gender	female	hugo_symbol	PCMTD2	2
by_gender	female	hugo_symbol	PCNT	4
by_gender	female	hugo_symbol	PCNX1	2
by_gender	female	hugo_symbol	PCNX2	2
by_gender	female	hugo_symbol	PCNX4	2
by_gender	female	hugo_symbol	PCOLCE2	1
by_gender	female	hugo_symbol	PCSK1	2
by_gender	female	hugo_symbol	PCSK1N	1
by_gender	female	hugo_symbol	PCSK2	1
by_gender	female	hugo_symbol	PCSK4	3
by_gender	female	hugo_symbol	PCSK5	2
by_gender	female	hugo_symbol	PCSK6	1
by_gender	female	hugo_symbol	PCTP	1
by_gender	female	hugo_symbol	PCYOX1	1
by_gender	female	hugo_symbol	PCYOX1L	2
by_gender	female	hugo_symbol	PCYT1B	1
by_gender	female	hugo_symbol	PDCD1	1
by_gender	female	hugo_symbol	PDCD11	3
by_gender	female	hugo_symbol	PDCD4	1
by_gender	female	hugo_symbol	PDCD5	1
by_gender	female	hugo_symbol	PDCD6IP	1
by_gender	female	hugo_symbol	PDCL	1
by_gender	female	hugo_symbol	PDCL3	1
by_gender	female	hugo_symbol	PDE10A	3
by_gender	female	hugo_symbol	PDE1B	2
by_gender	female	hugo_symbol	PDE2A	1
by_gender	female	hugo_symbol	PDE3A	4
by_gender	female	hugo_symbol	PDE3B	1
by_gender	female	hugo_symbol	PDE4A	1
by_gender	female	hugo_symbol	PDE4D	4
by_gender	female	hugo_symbol	PDE4DIP	3
by_gender	female	hugo_symbol	PDE5A	2
by_gender	female	hugo_symbol	PDE6B	2
by_gender	female	hugo_symbol	PDE6C	1
by_gender	female	hugo_symbol	PDE7B	1
by_gender	female	hugo_symbol	PDE8A	2
by_gender	female	hugo_symbol	PDE8B	1
by_gender	female	hugo_symbol	PDE9A	1
by_gender	female	hugo_symbol	PDGFC	1
by_gender	female	hugo_symbol	PDGFRA	3
by_gender	female	hugo_symbol	PDGFRB	2
by_gender	female	hugo_symbol	PDHA1	1
by_gender	female	hugo_symbol	PDHA2	1
by_gender	female	hugo_symbol	PDIA2	1
by_gender	female	hugo_symbol	PDIA3	2
by_gender	female	hugo_symbol	PDIA4	1
by_gender	female	hugo_symbol	PDIA6	1
by_gender	female	hugo_symbol	PDILT	1
by_gender	female	hugo_symbol	PDK1	1
by_gender	female	hugo_symbol	PDK2	2
by_gender	female	hugo_symbol	PDLIM3	1
by_gender	female	hugo_symbol	PDLIM5	1
by_gender	female	hugo_symbol	PDP1	2
by_gender	female	hugo_symbol	PDPN	1
by_gender	female	hugo_symbol	PDPR	1
by_gender	female	hugo_symbol	PDS5A	2
by_gender	female	hugo_symbol	PDS5B	2
by_gender	female	hugo_symbol	PDX1	1
by_gender	female	hugo_symbol	PDXDC1	2
by_gender	female	hugo_symbol	PDXK	1
by_gender	female	hugo_symbol	PDYN	2
by_gender	female	hugo_symbol	PDZD2	3
by_gender	female	hugo_symbol	PDZD3	1
by_gender	female	hugo_symbol	PDZD4	1
by_gender	female	hugo_symbol	PDZD7	2
by_gender	female	hugo_symbol	PDZK1	1
by_gender	female	hugo_symbol	PDZRN3	4
by_gender	female	hugo_symbol	PDZRN4	3
by_gender	female	hugo_symbol	PEAK1	2
by_gender	female	hugo_symbol	PEAK3	1
by_gender	female	hugo_symbol	PEG10	1
by_gender	female	hugo_symbol	PEG3	9
by_gender	female	hugo_symbol	PELI3	1
by_gender	female	hugo_symbol	PENK	1
by_gender	female	hugo_symbol	PER1	1
by_gender	female	hugo_symbol	PER2	3
by_gender	female	hugo_symbol	PERP	1
by_gender	female	hugo_symbol	PES1	2
by_gender	female	hugo_symbol	PEX1	2
by_gender	female	hugo_symbol	PEX12	2
by_gender	female	hugo_symbol	PEX16	1
by_gender	female	hugo_symbol	PEX5	1
by_gender	female	hugo_symbol	PEX5L	3
by_gender	female	hugo_symbol	PEX6	1
by_gender	female	hugo_symbol	PEX7	2
by_gender	female	hugo_symbol	PFAS	4
by_gender	female	hugo_symbol	PFDN1	1
by_gender	female	hugo_symbol	PFKFB1	1
by_gender	female	hugo_symbol	PFKFB2	1
by_gender	female	hugo_symbol	PFKFB4	1
by_gender	female	hugo_symbol	PFKL	1
by_gender	female	hugo_symbol	PFKM	1
by_gender	female	hugo_symbol	PGAM1	1
by_gender	female	hugo_symbol	PGAM5	1
by_gender	female	hugo_symbol	PGAP6	1
by_gender	female	hugo_symbol	PGBD1	1
by_gender	female	hugo_symbol	PGBD2	1
by_gender	female	hugo_symbol	PGBD4	1
by_gender	female	hugo_symbol	PGBD5	1
by_gender	female	hugo_symbol	PGC	2
by_gender	female	hugo_symbol	PGD	1
by_gender	female	hugo_symbol	PGK1	2
by_gender	female	hugo_symbol	PGLS	1
by_gender	female	hugo_symbol	PGLYRP2	1
by_gender	female	hugo_symbol	PGLYRP4	2
by_gender	female	hugo_symbol	PGM1	1
by_gender	female	hugo_symbol	PGM2L1	2
by_gender	female	hugo_symbol	PGM3	1
by_gender	female	hugo_symbol	PGPEP1L	1
by_gender	female	hugo_symbol	PGR	3
by_gender	female	hugo_symbol	PHACTR1	3
by_gender	female	hugo_symbol	PHACTR2	1
by_gender	female	hugo_symbol	PHACTR3	1
by_gender	female	hugo_symbol	PHACTR4	1
by_gender	female	hugo_symbol	PHB	1
by_gender	female	hugo_symbol	PHC1	1
by_gender	female	hugo_symbol	PHC2	1
by_gender	female	hugo_symbol	PHC3	2
by_gender	female	hugo_symbol	PHEX	1
by_gender	female	hugo_symbol	PHF1	1
by_gender	female	hugo_symbol	PHF10	1
by_gender	female	hugo_symbol	PHF11	1
by_gender	female	hugo_symbol	PHF12	1
by_gender	female	hugo_symbol	PHF20L1	2
by_gender	female	hugo_symbol	PHF21A	1
by_gender	female	hugo_symbol	PHF24	2
by_gender	female	hugo_symbol	PHF3	3
by_gender	female	hugo_symbol	PHGDH	1
by_gender	female	hugo_symbol	PHIP	2
by_gender	female	hugo_symbol	PHKA2	2
by_gender	female	hugo_symbol	PHKB	1
by_gender	female	hugo_symbol	PHKG1	2
by_gender	female	hugo_symbol	PHLDB1	2
by_gender	female	hugo_symbol	PHLDB2	4
by_gender	female	hugo_symbol	PHLDB3	1
by_gender	female	hugo_symbol	PHLPP1	1
by_gender	female	hugo_symbol	PHLPP2	4
by_gender	female	hugo_symbol	PHPT1	1
by_gender	female	hugo_symbol	PHRF1	1
by_gender	female	hugo_symbol	PHTF1	1
by_gender	female	hugo_symbol	PHTF2	1
by_gender	female	hugo_symbol	PHYH	1
by_gender	female	hugo_symbol	PI15	1
by_gender	female	hugo_symbol	PI4K2A	2
by_gender	female	hugo_symbol	PI4KA	3
by_gender	female	hugo_symbol	PI4KB	1
by_gender	female	hugo_symbol	PIAS1	2
by_gender	female	hugo_symbol	PIAS2	1
by_gender	female	hugo_symbol	PIAS3	1
by_gender	female	hugo_symbol	PIAS4	1
by_gender	female	hugo_symbol	PICALM	1
by_gender	female	hugo_symbol	PIEZO2	2
by_gender	female	hugo_symbol	PIF1	1
by_gender	female	hugo_symbol	PIGB	1
by_gender	female	hugo_symbol	PIGG	2
by_gender	female	hugo_symbol	PIGL	2
by_gender	female	hugo_symbol	PIGO	1
by_gender	female	hugo_symbol	PIGQ	4
by_gender	female	hugo_symbol	PIGS	1
by_gender	female	hugo_symbol	PIGW	2
by_gender	female	hugo_symbol	PIH1D1	1
by_gender	female	hugo_symbol	PIH1D2	1
by_gender	female	hugo_symbol	PIK3AP1	1
by_gender	female	hugo_symbol	PIK3C2A	4
by_gender	female	hugo_symbol	PIK3C2B	7
by_gender	female	hugo_symbol	PIK3C3	2
by_gender	female	hugo_symbol	PIK3CA	1
by_gender	female	hugo_symbol	PIK3CD	1
by_gender	female	hugo_symbol	PIK3CG	2
by_gender	female	hugo_symbol	PIK3R1	1
by_gender	female	hugo_symbol	PIK3R2	1
by_gender	female	hugo_symbol	PIK3R3	1
by_gender	female	hugo_symbol	PIK3R4	3
by_gender	female	hugo_symbol	PIK3R5	2
by_gender	female	hugo_symbol	PIK3R6	3
by_gender	female	hugo_symbol	PILRA	1
by_gender	female	hugo_symbol	PIMREG	1
by_gender	female	hugo_symbol	PIP4K2C	1
by_gender	female	hugo_symbol	PIP4P2	1
by_gender	female	hugo_symbol	PIP5K1B	2
by_gender	female	hugo_symbol	PIP5K1C	1
by_gender	female	hugo_symbol	PIP5KL1	1
by_gender	female	hugo_symbol	PIR	1
by_gender	female	hugo_symbol	PITPNB	1
by_gender	female	hugo_symbol	PITPNM1	1
by_gender	female	hugo_symbol	PITPNM2	1
by_gender	female	hugo_symbol	PITPNM3	2
by_gender	female	hugo_symbol	PITRM1	1
by_gender	female	hugo_symbol	PIWIL1	1
by_gender	female	hugo_symbol	PIWIL2	3
by_gender	female	hugo_symbol	PIWIL3	1
by_gender	female	hugo_symbol	PIWIL4	1
by_gender	female	hugo_symbol	PJA1	3
by_gender	female	hugo_symbol	PKD1	8
by_gender	female	hugo_symbol	PKD1L1	5
by_gender	female	hugo_symbol	PKD1L2	3
by_gender	female	hugo_symbol	PKD2	1
by_gender	female	hugo_symbol	PKD2L1	2
by_gender	female	hugo_symbol	PKDREJ	5
by_gender	female	hugo_symbol	PKHD1	3
by_gender	female	hugo_symbol	PKHD1L1	7
by_gender	female	hugo_symbol	PKLR	1
by_gender	female	hugo_symbol	PKMYT1	2
by_gender	female	hugo_symbol	PKN1	2
by_gender	female	hugo_symbol	PKN3	1
by_gender	female	hugo_symbol	PKNOX1	1
by_gender	female	hugo_symbol	PKP1	1
by_gender	female	hugo_symbol	PKP2	2
by_gender	female	hugo_symbol	PKP3	2
by_gender	female	hugo_symbol	PKP4	1
by_gender	female	hugo_symbol	PLA2G3	1
by_gender	female	hugo_symbol	PLA2G4C	1
by_gender	female	hugo_symbol	PLA2G4D	3
by_gender	female	hugo_symbol	PLA2G4E	1
by_gender	female	hugo_symbol	PLA2G6	3
by_gender	female	hugo_symbol	PLA2G7	1
by_gender	female	hugo_symbol	PLA2R1	1
by_gender	female	hugo_symbol	PLAAT1	1
by_gender	female	hugo_symbol	PLAAT2	1
by_gender	female	hugo_symbol	PLAAT4	2
by_gender	female	hugo_symbol	PLAAT5	2
by_gender	female	hugo_symbol	PLAT	1
by_gender	female	hugo_symbol	PLAU	1
by_gender	female	hugo_symbol	PLCB1	1
by_gender	female	hugo_symbol	PLCB2	3
by_gender	female	hugo_symbol	PLCB3	2
by_gender	female	hugo_symbol	PLCB4	2
by_gender	female	hugo_symbol	PLCD4	1
by_gender	female	hugo_symbol	PLCE1	4
by_gender	female	hugo_symbol	PLCG1	1
by_gender	female	hugo_symbol	PLCG2	4
by_gender	female	hugo_symbol	PLCH1	1
by_gender	female	hugo_symbol	PLCL1	3
by_gender	female	hugo_symbol	PLCL2	1
by_gender	female	hugo_symbol	PLCXD1	1
by_gender	female	hugo_symbol	PLD2	2
by_gender	female	hugo_symbol	PLD5	3
by_gender	female	hugo_symbol	PLEC	12
by_gender	female	hugo_symbol	PLEKHA1	1
by_gender	female	hugo_symbol	PLEKHA4	2
by_gender	female	hugo_symbol	PLEKHA5	1
by_gender	female	hugo_symbol	PLEKHA7	3
by_gender	female	hugo_symbol	PLEKHA8	1
by_gender	female	hugo_symbol	PLEKHA8P1	1
by_gender	female	hugo_symbol	PLEKHB1	1
by_gender	female	hugo_symbol	PLEKHG1	4
by_gender	female	hugo_symbol	PLEKHG2	2
by_gender	female	hugo_symbol	PLEKHG4B	1
by_gender	female	hugo_symbol	PLEKHG6	1
by_gender	female	hugo_symbol	PLEKHH2	7
by_gender	female	hugo_symbol	PLEKHO2	1
by_gender	female	hugo_symbol	PLEKHS1	1
by_gender	female	hugo_symbol	PLIN3	4
by_gender	female	hugo_symbol	PLIN4	2
by_gender	female	hugo_symbol	PLIN5	1
by_gender	female	hugo_symbol	PLK2	1
by_gender	female	hugo_symbol	PLK4	1
by_gender	female	hugo_symbol	PLOD1	1
by_gender	female	hugo_symbol	PLPP2	1
by_gender	female	hugo_symbol	PLPP3	2
by_gender	female	hugo_symbol	PLPPR1	1
by_gender	female	hugo_symbol	PLPPR4	3
by_gender	female	hugo_symbol	PLPPR5	1
by_gender	female	hugo_symbol	PLRG1	1
by_gender	female	hugo_symbol	PLS1	2
by_gender	female	hugo_symbol	PLSCR2	1
by_gender	female	hugo_symbol	PLSCR4	1
by_gender	female	hugo_symbol	PLTP	1
by_gender	female	hugo_symbol	PLXDC1	4
by_gender	female	hugo_symbol	PLXDC2	1
by_gender	female	hugo_symbol	PLXNA1	4
by_gender	female	hugo_symbol	PLXNA2	7
by_gender	female	hugo_symbol	PLXNA3	5
by_gender	female	hugo_symbol	PLXNA4	5
by_gender	female	hugo_symbol	PLXNB1	3
by_gender	female	hugo_symbol	PLXNB2	4
by_gender	female	hugo_symbol	PLXNB3	4
by_gender	female	hugo_symbol	PLXNC1	1
by_gender	female	hugo_symbol	PLXND1	2
by_gender	female	hugo_symbol	PM20D1	1
by_gender	female	hugo_symbol	PM20D2	1
by_gender	female	hugo_symbol	PMEPA1	3
by_gender	female	hugo_symbol	PMF1	1
by_gender	female	hugo_symbol	PMFBP1	1
by_gender	female	hugo_symbol	PML	1
by_gender	female	hugo_symbol	PMM2	1
by_gender	female	hugo_symbol	PMPCA	1
by_gender	female	hugo_symbol	PMS1	2
by_gender	female	hugo_symbol	PMS2	4
by_gender	female	hugo_symbol	PNCK	1
by_gender	female	hugo_symbol	PNISR	3
by_gender	female	hugo_symbol	PNLDC1	1
by_gender	female	hugo_symbol	PNLIP	2
by_gender	female	hugo_symbol	PNLIPRP3	1
by_gender	female	hugo_symbol	PNMA2	1
by_gender	female	hugo_symbol	PNMA5	1
by_gender	female	hugo_symbol	PNMA8A	2
by_gender	female	hugo_symbol	PNMA8B	1
by_gender	female	hugo_symbol	PNPLA6	2
by_gender	female	hugo_symbol	PNPLA7	5
by_gender	female	hugo_symbol	PNPLA8	2
by_gender	female	hugo_symbol	PNPO	1
by_gender	female	hugo_symbol	PNPT1	2
by_gender	female	hugo_symbol	POC1A	1
by_gender	female	hugo_symbol	PODXL	1
by_gender	female	hugo_symbol	POGK	2
by_gender	female	hugo_symbol	POGLUT1	1
by_gender	female	hugo_symbol	POGLUT2	1
by_gender	female	hugo_symbol	POGZ	1
by_gender	female	hugo_symbol	POLA1	2
by_gender	female	hugo_symbol	POLA2	1
by_gender	female	hugo_symbol	POLD2	1
by_gender	female	hugo_symbol	POLDIP3	1
by_gender	female	hugo_symbol	POLE	5
by_gender	female	hugo_symbol	POLE2	1
by_gender	female	hugo_symbol	POLG	3
by_gender	female	hugo_symbol	POLH	1
by_gender	female	hugo_symbol	POLI	1
by_gender	female	hugo_symbol	POLK	2
by_gender	female	hugo_symbol	POLL	2
by_gender	female	hugo_symbol	POLM	1
by_gender	female	hugo_symbol	POLN	1
by_gender	female	hugo_symbol	POLQ	2
by_gender	female	hugo_symbol	POLR1A	2
by_gender	female	hugo_symbol	POLR1B	2
by_gender	female	hugo_symbol	POLR1F	2
by_gender	female	hugo_symbol	POLR2A	1
by_gender	female	hugo_symbol	POLR2B	1
by_gender	female	hugo_symbol	POLR2E	1
by_gender	female	hugo_symbol	POLR2J	1
by_gender	female	hugo_symbol	POLR3B	1
by_gender	female	hugo_symbol	POLR3E	2
by_gender	female	hugo_symbol	POLRMT	1
by_gender	female	hugo_symbol	POM121	6
by_gender	female	hugo_symbol	POM121C	2
by_gender	female	hugo_symbol	POM121L12	1
by_gender	female	hugo_symbol	POMGNT1	2
by_gender	female	hugo_symbol	POMGNT2	1
by_gender	female	hugo_symbol	POMK	1
by_gender	female	hugo_symbol	POMT2	1
by_gender	female	hugo_symbol	PON1	1
by_gender	female	hugo_symbol	PON2	1
by_gender	female	hugo_symbol	POP1	1
by_gender	female	hugo_symbol	POR	1
by_gender	female	hugo_symbol	POSTN	2
by_gender	female	hugo_symbol	POT1	2
by_gender	female	hugo_symbol	POTEE	1
by_gender	female	hugo_symbol	POTEF	1
by_gender	female	hugo_symbol	POTEH	2
by_gender	female	hugo_symbol	POTEM	1
by_gender	female	hugo_symbol	POU2F1	1
by_gender	female	hugo_symbol	POU3F2	1
by_gender	female	hugo_symbol	POU4F2	2
by_gender	female	hugo_symbol	POU6F1	1
by_gender	female	hugo_symbol	PPARA	1
by_gender	female	hugo_symbol	PPARD	1
by_gender	female	hugo_symbol	PPARGC1A	1
by_gender	female	hugo_symbol	PPARGC1B	2
by_gender	female	hugo_symbol	PPAT	2
by_gender	female	hugo_symbol	PPEF1	2
by_gender	female	hugo_symbol	PPEF2	1
by_gender	female	hugo_symbol	PPFIA1	2
by_gender	female	hugo_symbol	PPFIA2	4
by_gender	female	hugo_symbol	PPFIA3	1
by_gender	female	hugo_symbol	PPFIBP2	1
by_gender	female	hugo_symbol	PPIC	1
by_gender	female	hugo_symbol	PPIG	1
by_gender	female	hugo_symbol	PPIP5K1	1
by_gender	female	hugo_symbol	PPL	1
by_gender	female	hugo_symbol	PPM1E	1
by_gender	female	hugo_symbol	PPM1G	1
by_gender	female	hugo_symbol	PPM1H	1
by_gender	female	hugo_symbol	PPM1K	1
by_gender	female	hugo_symbol	PPOX	1
by_gender	female	hugo_symbol	PPP1CA	1
by_gender	female	hugo_symbol	PPP1R12C	2
by_gender	female	hugo_symbol	PPP1R13B	1
by_gender	female	hugo_symbol	PPP1R15A	2
by_gender	female	hugo_symbol	PPP1R15B	1
by_gender	female	hugo_symbol	PPP1R16A	2
by_gender	female	hugo_symbol	PPP1R16B	2
by_gender	female	hugo_symbol	PPP1R18	1
by_gender	female	hugo_symbol	PPP1R21	2
by_gender	female	hugo_symbol	PPP1R26	2
by_gender	female	hugo_symbol	PPP1R27	1
by_gender	female	hugo_symbol	PPP1R3A	1
by_gender	female	hugo_symbol	PPP1R3D	1
by_gender	female	hugo_symbol	PPP1R42	1
by_gender	female	hugo_symbol	PPP1R9A	1
by_gender	female	hugo_symbol	PPP1R9B	2
by_gender	female	hugo_symbol	PPP2R1A	1
by_gender	female	hugo_symbol	PPP2R1B	1
by_gender	female	hugo_symbol	PPP2R2A	2
by_gender	female	hugo_symbol	PPP2R3A	4
by_gender	female	hugo_symbol	PPP2R5A	1
by_gender	female	hugo_symbol	PPP2R5C	2
by_gender	female	hugo_symbol	PPP3CA	1
by_gender	female	hugo_symbol	PPP4R1	2
by_gender	female	hugo_symbol	PPP4R3A	2
by_gender	female	hugo_symbol	PPP4R3B	1
by_gender	female	hugo_symbol	PPP4R4	1
by_gender	female	hugo_symbol	PPP6C	1
by_gender	female	hugo_symbol	PPRC1	2
by_gender	female	hugo_symbol	PPT2	2
by_gender	female	hugo_symbol	PPWD1	1
by_gender	female	hugo_symbol	PRAG1	2
by_gender	female	hugo_symbol	PRAM1	3
by_gender	female	hugo_symbol	PRAMEF1	2
by_gender	female	hugo_symbol	PRAMEF10	1
by_gender	female	hugo_symbol	PRAMEF12	1
by_gender	female	hugo_symbol	PRAMEF19	1
by_gender	female	hugo_symbol	PRAMEF7	1
by_gender	female	hugo_symbol	PRB2	1
by_gender	female	hugo_symbol	PRC1	1
by_gender	female	hugo_symbol	PRCC	1
by_gender	female	hugo_symbol	PRCP	1
by_gender	female	hugo_symbol	PRDM1	2
by_gender	female	hugo_symbol	PRDM10	2
by_gender	female	hugo_symbol	PRDM11	1
by_gender	female	hugo_symbol	PRDM13	1
by_gender	female	hugo_symbol	PRDM14	2
by_gender	female	hugo_symbol	PRDM15	1
by_gender	female	hugo_symbol	PRDM2	3
by_gender	female	hugo_symbol	PRDM4	2
by_gender	female	hugo_symbol	PRDM5	2
by_gender	female	hugo_symbol	PRDM8	1
by_gender	female	hugo_symbol	PRDM9	3
by_gender	female	hugo_symbol	PRDX1	1
by_gender	female	hugo_symbol	PRELP	1
by_gender	female	hugo_symbol	PREPL	1
by_gender	female	hugo_symbol	PREX1	6
by_gender	female	hugo_symbol	PREX2	1
by_gender	female	hugo_symbol	PRF1	1
by_gender	female	hugo_symbol	PRG2	1
by_gender	female	hugo_symbol	PRG4	2
by_gender	female	hugo_symbol	PRICKLE1	1
by_gender	female	hugo_symbol	PRICKLE2	3
by_gender	female	hugo_symbol	PRICKLE4	1
by_gender	female	hugo_symbol	PRIM1	1
by_gender	female	hugo_symbol	PRIMPOL	3
by_gender	female	hugo_symbol	PRKAB2	2
by_gender	female	hugo_symbol	PRKACG	2
by_gender	female	hugo_symbol	PRKAG3	1
by_gender	female	hugo_symbol	PRKAR1A	1
by_gender	female	hugo_symbol	PRKAR1B	2
by_gender	female	hugo_symbol	PRKAR2B	1
by_gender	female	hugo_symbol	PRKCA	1
by_gender	female	hugo_symbol	PRKCB	2
by_gender	female	hugo_symbol	PRKCD	2
by_gender	female	hugo_symbol	PRKCE	1
by_gender	female	hugo_symbol	PRKCG	1
by_gender	female	hugo_symbol	PRKCH	1
by_gender	female	hugo_symbol	PRKCI	3
by_gender	female	hugo_symbol	PRKCQ	1
by_gender	female	hugo_symbol	PRKCSH	1
by_gender	female	hugo_symbol	PRKCZ	1
by_gender	female	hugo_symbol	PRKD2	3
by_gender	female	hugo_symbol	PRKD3	1
by_gender	female	hugo_symbol	PRKDC	4
by_gender	female	hugo_symbol	PRKG1	1
by_gender	female	hugo_symbol	PRKN	2
by_gender	female	hugo_symbol	PRL	1
by_gender	female	hugo_symbol	PRLR	2
by_gender	female	hugo_symbol	PRMT3	1
by_gender	female	hugo_symbol	PRMT5	1
by_gender	female	hugo_symbol	PRMT6	1
by_gender	female	hugo_symbol	PRMT7	1
by_gender	female	hugo_symbol	PRMT9	1
by_gender	female	hugo_symbol	PROC	1
by_gender	female	hugo_symbol	PROKR1	1
by_gender	female	hugo_symbol	PROKR2	1
by_gender	female	hugo_symbol	PROM2	1
by_gender	female	hugo_symbol	PROP1	1
by_gender	female	hugo_symbol	PRORP	1
by_gender	female	hugo_symbol	PROS1	2
by_gender	female	hugo_symbol	PROSER1	1
by_gender	female	hugo_symbol	PROSER3	1
by_gender	female	hugo_symbol	PROX1	4
by_gender	female	hugo_symbol	PRPF3	2
by_gender	female	hugo_symbol	PRPF39	1
by_gender	female	hugo_symbol	PRPF6	2
by_gender	female	hugo_symbol	PRPF8	2
by_gender	female	hugo_symbol	PRPH	1
by_gender	female	hugo_symbol	PRPS1	1
by_gender	female	hugo_symbol	PRPS1L1	1
by_gender	female	hugo_symbol	PRPSAP1	2
by_gender	female	hugo_symbol	PRR12	3
by_gender	female	hugo_symbol	PRR14	3
by_gender	female	hugo_symbol	PRR14L	1
by_gender	female	hugo_symbol	PRR16	2
by_gender	female	hugo_symbol	PRR22	1
by_gender	female	hugo_symbol	PRR27	3
by_gender	female	hugo_symbol	PRR5L	1
by_gender	female	hugo_symbol	PRRC1	1
by_gender	female	hugo_symbol	PRRC2A	3
by_gender	female	hugo_symbol	PRRC2B	1
by_gender	female	hugo_symbol	PRRC2C	1
by_gender	female	hugo_symbol	PRRT2	1
by_gender	female	hugo_symbol	PRRT3	2
by_gender	female	hugo_symbol	PRSS1	2
by_gender	female	hugo_symbol	PRSS12	4
by_gender	female	hugo_symbol	PRSS16	6
by_gender	female	hugo_symbol	PRSS21	1
by_gender	female	hugo_symbol	PRSS23	2
by_gender	female	hugo_symbol	PRSS35	2
by_gender	female	hugo_symbol	PRSS36	1
by_gender	female	hugo_symbol	PRSS45P	3
by_gender	female	hugo_symbol	PRSS54	2
by_gender	female	hugo_symbol	PRSS55	1
by_gender	female	hugo_symbol	PRTFDC1	1
by_gender	female	hugo_symbol	PRTG	4
by_gender	female	hugo_symbol	PRUNE2	7
by_gender	female	hugo_symbol	PRX	2
by_gender	female	hugo_symbol	PRXL2C	1
by_gender	female	hugo_symbol	PSAP	1
by_gender	female	hugo_symbol	PSD3	1
by_gender	female	hugo_symbol	PSD4	1
by_gender	female	hugo_symbol	PSEN1	1
by_gender	female	hugo_symbol	PSEN2	1
by_gender	female	hugo_symbol	PSG11	1
by_gender	female	hugo_symbol	PSG3	2
by_gender	female	hugo_symbol	PSG4	2
by_gender	female	hugo_symbol	PSG5	1
by_gender	female	hugo_symbol	PSG6	1
by_gender	female	hugo_symbol	PSG7	1
by_gender	female	hugo_symbol	PSG8	1
by_gender	female	hugo_symbol	PSMA1	2
by_gender	female	hugo_symbol	PSMA2	1
by_gender	female	hugo_symbol	PSMA5	1
by_gender	female	hugo_symbol	PSMB1	1
by_gender	female	hugo_symbol	PSMB5	1
by_gender	female	hugo_symbol	PSMC1	1
by_gender	female	hugo_symbol	PSMC4	2
by_gender	female	hugo_symbol	PSMD1	3
by_gender	female	hugo_symbol	PSMD11	1
by_gender	female	hugo_symbol	PSMD12	1
by_gender	female	hugo_symbol	PSMD3	1
by_gender	female	hugo_symbol	PSMD9	1
by_gender	female	hugo_symbol	PSME4	1
by_gender	female	hugo_symbol	PSMF1	1
by_gender	female	hugo_symbol	PSTK	1
by_gender	female	hugo_symbol	PSTPIP1	1
by_gender	female	hugo_symbol	PTAR1	1
by_gender	female	hugo_symbol	PTBP1	1
by_gender	female	hugo_symbol	PTBP2	1
by_gender	female	hugo_symbol	PTCD3	1
by_gender	female	hugo_symbol	PTCH1	2
by_gender	female	hugo_symbol	PTCH2	3
by_gender	female	hugo_symbol	PTCHD1	1
by_gender	female	hugo_symbol	PTCHD3	1
by_gender	female	hugo_symbol	PTCHD4	1
by_gender	female	hugo_symbol	PTDSS1	1
by_gender	female	hugo_symbol	PTF1A	1
by_gender	female	hugo_symbol	PTGDR	2
by_gender	female	hugo_symbol	PTGDS	2
by_gender	female	hugo_symbol	PTGES3L-AARSD1	1
by_gender	female	hugo_symbol	PTGR2	1
by_gender	female	hugo_symbol	PTGS1	1
by_gender	female	hugo_symbol	PTK2	1
by_gender	female	hugo_symbol	PTK7	1
by_gender	female	hugo_symbol	PTP4A1	1
by_gender	female	hugo_symbol	PTPDC1	4
by_gender	female	hugo_symbol	PTPN13	3
by_gender	female	hugo_symbol	PTPN14	1
by_gender	female	hugo_symbol	PTPN21	3
by_gender	female	hugo_symbol	PTPN22	1
by_gender	female	hugo_symbol	PTPN23	2
by_gender	female	hugo_symbol	PTPN4	2
by_gender	female	hugo_symbol	PTPN6	3
by_gender	female	hugo_symbol	PTPRA	1
by_gender	female	hugo_symbol	PTPRB	7
by_gender	female	hugo_symbol	PTPRC	2
by_gender	female	hugo_symbol	PTPRD	3
by_gender	female	hugo_symbol	PTPRE	1
by_gender	female	hugo_symbol	PTPRF	1
by_gender	female	hugo_symbol	PTPRG	3
by_gender	female	hugo_symbol	PTPRH	3
by_gender	female	hugo_symbol	PTPRJ	1
by_gender	female	hugo_symbol	PTPRK	1
by_gender	female	hugo_symbol	PTPRM	7
by_gender	female	hugo_symbol	PTPRN	3
by_gender	female	hugo_symbol	PTPRN2	1
by_gender	female	hugo_symbol	PTPRO	2
by_gender	female	hugo_symbol	PTPRS	4
by_gender	female	hugo_symbol	PTPRT	6
by_gender	female	hugo_symbol	PTPRU	3
by_gender	female	hugo_symbol	PTPRZ1	3
by_gender	female	hugo_symbol	PTX4	1
by_gender	female	hugo_symbol	PUM2	1
by_gender	female	hugo_symbol	PURA	1
by_gender	female	hugo_symbol	PUS1	1
by_gender	female	hugo_symbol	PUS3	1
by_gender	female	hugo_symbol	PUS7L	1
by_gender	female	hugo_symbol	PWP1	2
by_gender	female	hugo_symbol	PWWP2B	1
by_gender	female	hugo_symbol	PXDN	9
by_gender	female	hugo_symbol	PXDNL	3
by_gender	female	hugo_symbol	PXK	1
by_gender	female	hugo_symbol	PXN	1
by_gender	female	hugo_symbol	PYCR1	1
by_gender	female	hugo_symbol	PYGL	1
by_gender	female	hugo_symbol	PYGM	2
by_gender	female	hugo_symbol	PYGO2	1
by_gender	female	hugo_symbol	PYHIN1	3
by_gender	female	hugo_symbol	PYROXD1	1
by_gender	female	hugo_symbol	PZP	1
by_gender	female	hugo_symbol	QDPR	1
by_gender	female	hugo_symbol	QKI	1
by_gender	female	hugo_symbol	QPCT	1
by_gender	female	hugo_symbol	QRICH1	1
by_gender	female	hugo_symbol	QRICH2	3
by_gender	female	hugo_symbol	QSER1	1
by_gender	female	hugo_symbol	QSOX1	1
by_gender	female	hugo_symbol	QSOX2	1
by_gender	female	hugo_symbol	R3HDM1	1
by_gender	female	hugo_symbol	R3HDM4	1
by_gender	female	hugo_symbol	RAB11A	1
by_gender	female	hugo_symbol	RAB11FIP1	1
by_gender	female	hugo_symbol	RAB11FIP2	1
by_gender	female	hugo_symbol	RAB11FIP4	1
by_gender	female	hugo_symbol	RAB13	1
by_gender	female	hugo_symbol	RAB19	1
by_gender	female	hugo_symbol	RAB24	1
by_gender	female	hugo_symbol	RAB27A	1
by_gender	female	hugo_symbol	RAB28	2
by_gender	female	hugo_symbol	RAB29	1
by_gender	female	hugo_symbol	RAB2A	1
by_gender	female	hugo_symbol	RAB2B	1
by_gender	female	hugo_symbol	RAB32	1
by_gender	female	hugo_symbol	RAB33A	1
by_gender	female	hugo_symbol	RAB37	1
by_gender	female	hugo_symbol	RAB38	1
by_gender	female	hugo_symbol	RAB39A	1
by_gender	female	hugo_symbol	RAB3A	2
by_gender	female	hugo_symbol	RAB3D	1
by_gender	female	hugo_symbol	RAB3GAP1	1
by_gender	female	hugo_symbol	RAB3GAP2	1
by_gender	female	hugo_symbol	RAB3IP	3
by_gender	female	hugo_symbol	RAB40C	1
by_gender	female	hugo_symbol	RAB43	1
by_gender	female	hugo_symbol	RAB4B	1
by_gender	female	hugo_symbol	RAB6B	1
by_gender	female	hugo_symbol	RAB6C	1
by_gender	female	hugo_symbol	RAB8A	1
by_gender	female	hugo_symbol	RAB9A	1
by_gender	female	hugo_symbol	RABEP1	1
by_gender	female	hugo_symbol	RABEP2	1
by_gender	female	hugo_symbol	RABEPK	1
by_gender	female	hugo_symbol	RABGAP1	1
by_gender	female	hugo_symbol	RABGAP1L	3
by_gender	female	hugo_symbol	RABGEF1	1
by_gender	female	hugo_symbol	RABGGTB	1
by_gender	female	hugo_symbol	RABL2A	1
by_gender	female	hugo_symbol	RABL2B	1
by_gender	female	hugo_symbol	RAC2	1
by_gender	female	hugo_symbol	RACGAP1	2
by_gender	female	hugo_symbol	RAD21	4
by_gender	female	hugo_symbol	RAD23A	1
by_gender	female	hugo_symbol	RAD23B	1
by_gender	female	hugo_symbol	RAD51AP1	1
by_gender	female	hugo_symbol	RAD51AP2	2
by_gender	female	hugo_symbol	RAD51C	2
by_gender	female	hugo_symbol	RAD54L	2
by_gender	female	hugo_symbol	RAD9B	1
by_gender	female	hugo_symbol	RADIL	2
by_gender	female	hugo_symbol	RAET1L	1
by_gender	female	hugo_symbol	RAG1	1
by_gender	female	hugo_symbol	RAI1	3
by_gender	female	hugo_symbol	RAI14	2
by_gender	female	hugo_symbol	RALB	1
by_gender	female	hugo_symbol	RALBP1	2
by_gender	female	hugo_symbol	RALGAPA1	3
by_gender	female	hugo_symbol	RALGAPA2	3
by_gender	female	hugo_symbol	RALGAPB	1
by_gender	female	hugo_symbol	RALGDS	1
by_gender	female	hugo_symbol	RALGPS1	2
by_gender	female	hugo_symbol	RALGPS2	2
by_gender	female	hugo_symbol	RANBP1	1
by_gender	female	hugo_symbol	RANBP17	4
by_gender	female	hugo_symbol	RANBP2	7
by_gender	female	hugo_symbol	RANBP3	2
by_gender	female	hugo_symbol	RANBP3L	1
by_gender	female	hugo_symbol	RANGAP1	1
by_gender	female	hugo_symbol	RAP1B	2
by_gender	female	hugo_symbol	RAP1GAP	1
by_gender	female	hugo_symbol	RAP1GAP2	1
by_gender	female	hugo_symbol	RAP1GDS1	1
by_gender	female	hugo_symbol	RAP2B	2
by_gender	female	hugo_symbol	RAP2C	1
by_gender	female	hugo_symbol	RAPGEF2	3
by_gender	female	hugo_symbol	RAPGEF3	2
by_gender	female	hugo_symbol	RAPGEF4	2
by_gender	female	hugo_symbol	RAPGEF5	1
by_gender	female	hugo_symbol	RAPGEF6	3
by_gender	female	hugo_symbol	RAPH1	1
by_gender	female	hugo_symbol	RARB	1
by_gender	female	hugo_symbol	RARG	2
by_gender	female	hugo_symbol	RARS1	1
by_gender	female	hugo_symbol	RARS2	2
by_gender	female	hugo_symbol	RASA1	1
by_gender	female	hugo_symbol	RASA2	2
by_gender	female	hugo_symbol	RASA3	1
by_gender	female	hugo_symbol	RASAL1	2
by_gender	female	hugo_symbol	RASAL2	3
by_gender	female	hugo_symbol	RASD2	1
by_gender	female	hugo_symbol	RASEF	1
by_gender	female	hugo_symbol	RASGEF1A	1
by_gender	female	hugo_symbol	RASGEF1B	1
by_gender	female	hugo_symbol	RASGEF1C	1
by_gender	female	hugo_symbol	RASGRF1	1
by_gender	female	hugo_symbol	RASGRF2	1
by_gender	female	hugo_symbol	RASGRP1	2
by_gender	female	hugo_symbol	RASGRP2	1
by_gender	female	hugo_symbol	RASL11B	2
by_gender	female	hugo_symbol	RASSF2	1
by_gender	female	hugo_symbol	RASSF5	1
by_gender	female	hugo_symbol	RASSF6	2
by_gender	female	hugo_symbol	RASSF8	1
by_gender	female	hugo_symbol	RAVER1	1
by_gender	female	hugo_symbol	RAVER2	1
by_gender	female	hugo_symbol	RB1	2
by_gender	female	hugo_symbol	RB1CC1	4
by_gender	female	hugo_symbol	RBBP6	1
by_gender	female	hugo_symbol	RBBP7	1
by_gender	female	hugo_symbol	RBBP8	2
by_gender	female	hugo_symbol	RBBP9	1
by_gender	female	hugo_symbol	RBCK1	2
by_gender	female	hugo_symbol	RBFA	2
by_gender	female	hugo_symbol	RBFOX1	1
by_gender	female	hugo_symbol	RBIS	1
by_gender	female	hugo_symbol	RBKS	1
by_gender	female	hugo_symbol	RBL1	1
by_gender	female	hugo_symbol	RBL2	2
by_gender	female	hugo_symbol	RBM10	4
by_gender	female	hugo_symbol	RBM11	1
by_gender	female	hugo_symbol	RBM15	2
by_gender	female	hugo_symbol	RBM17	1
by_gender	female	hugo_symbol	RBM19	1
by_gender	female	hugo_symbol	RBM24	1
by_gender	female	hugo_symbol	RBM25	1
by_gender	female	hugo_symbol	RBM26	1
by_gender	female	hugo_symbol	RBM27	1
by_gender	female	hugo_symbol	RBM28	3
by_gender	female	hugo_symbol	RBM33	1
by_gender	female	hugo_symbol	RBM38	1
by_gender	female	hugo_symbol	RBM39	1
by_gender	female	hugo_symbol	RBM42	1
by_gender	female	hugo_symbol	RBM44	1
by_gender	female	hugo_symbol	RBM45	1
by_gender	female	hugo_symbol	RBM46	2
by_gender	female	hugo_symbol	RBM47	1
by_gender	female	hugo_symbol	RBM48	1
by_gender	female	hugo_symbol	RBM4B	1
by_gender	female	hugo_symbol	RBM6	1
by_gender	female	hugo_symbol	RBM7	2
by_gender	female	hugo_symbol	RBM8A	1
by_gender	female	hugo_symbol	RBMS1	2
by_gender	female	hugo_symbol	RBMS3	1
by_gender	female	hugo_symbol	RBMX2	1
by_gender	female	hugo_symbol	RBMXL2	1
by_gender	female	hugo_symbol	RBP2	1
by_gender	female	hugo_symbol	RBPJ	2
by_gender	female	hugo_symbol	RBSN	2
by_gender	female	hugo_symbol	RC3H2	4
by_gender	female	hugo_symbol	RCBTB1	1
by_gender	female	hugo_symbol	RCC1	2
by_gender	female	hugo_symbol	RCC2	2
by_gender	female	hugo_symbol	RCE1	1
by_gender	female	hugo_symbol	RCOR1	1
by_gender	female	hugo_symbol	RCSD1	1
by_gender	female	hugo_symbol	RDH10	3
by_gender	female	hugo_symbol	RDH11	1
by_gender	female	hugo_symbol	RDH16	1
by_gender	female	hugo_symbol	RDH8	1
by_gender	female	hugo_symbol	RDX	4
by_gender	female	hugo_symbol	RECK	1
by_gender	female	hugo_symbol	RECQL	1
by_gender	female	hugo_symbol	REEP1	1
by_gender	female	hugo_symbol	REG3A	1
by_gender	female	hugo_symbol	REG3G	1
by_gender	female	hugo_symbol	REL	1
by_gender	female	hugo_symbol	RELA	1
by_gender	female	hugo_symbol	RELCH	2
by_gender	female	hugo_symbol	RELN	6
by_gender	female	hugo_symbol	REM1	1
by_gender	female	hugo_symbol	REM2	1
by_gender	female	hugo_symbol	REN	1
by_gender	female	hugo_symbol	RENBP	1
by_gender	female	hugo_symbol	REPIN1	2
by_gender	female	hugo_symbol	REPS1	3
by_gender	female	hugo_symbol	RERE	3
by_gender	female	hugo_symbol	RERG	1
by_gender	female	hugo_symbol	RERGL	1
by_gender	female	hugo_symbol	REST	5
by_gender	female	hugo_symbol	RET	6
by_gender	female	hugo_symbol	RETSAT	3
by_gender	female	hugo_symbol	REV1	1
by_gender	female	hugo_symbol	REV3L	4
by_gender	female	hugo_symbol	REXO1	1
by_gender	female	hugo_symbol	REXO2	1
by_gender	female	hugo_symbol	REXO5	2
by_gender	female	hugo_symbol	RFC1	3
by_gender	female	hugo_symbol	RFFL	2
by_gender	female	hugo_symbol	RFK	1
by_gender	female	hugo_symbol	RFLNA	3
by_gender	female	hugo_symbol	RFPL4B	1
by_gender	female	hugo_symbol	RFTN1	1
by_gender	female	hugo_symbol	RFTN2	1
by_gender	female	hugo_symbol	RFWD3	1
by_gender	female	hugo_symbol	RFX1	1
by_gender	female	hugo_symbol	RFX5	1
by_gender	female	hugo_symbol	RFX6	5
by_gender	female	hugo_symbol	RFX7	2
by_gender	female	hugo_symbol	RGL1	1
by_gender	female	hugo_symbol	RGMB	1
by_gender	female	hugo_symbol	RGP1	1
by_gender	female	hugo_symbol	RGR	1
by_gender	female	hugo_symbol	RGS1	1
by_gender	female	hugo_symbol	RGS10	1
by_gender	female	hugo_symbol	RGS12	4
by_gender	female	hugo_symbol	RGS17	1
by_gender	female	hugo_symbol	RGS22	1
by_gender	female	hugo_symbol	RGS7	2
by_gender	female	hugo_symbol	RGS8	1
by_gender	female	hugo_symbol	RGS9	1
by_gender	female	hugo_symbol	RHBDF1	2
by_gender	female	hugo_symbol	RHBDL3	1
by_gender	female	hugo_symbol	RHBG	1
by_gender	female	hugo_symbol	RHCE	2
by_gender	female	hugo_symbol	RHD	1
by_gender	female	hugo_symbol	RHOA	1
by_gender	female	hugo_symbol	RHOBTB1	2
by_gender	female	hugo_symbol	RHOBTB2	1
by_gender	female	hugo_symbol	RHOBTB3	2
by_gender	female	hugo_symbol	RHOC	1
by_gender	female	hugo_symbol	RHOD	1
by_gender	female	hugo_symbol	RHOH	1
by_gender	female	hugo_symbol	RHOT2	2
by_gender	female	hugo_symbol	RHOV	1
by_gender	female	hugo_symbol	RIBC1	1
by_gender	female	hugo_symbol	RIC1	3
by_gender	female	hugo_symbol	RIC8B	1
by_gender	female	hugo_symbol	RICTOR	5
by_gender	female	hugo_symbol	RIF1	2
by_gender	female	hugo_symbol	RILPL1	2
by_gender	female	hugo_symbol	RIMBP2	1
by_gender	female	hugo_symbol	RIMBP3	1
by_gender	female	hugo_symbol	RIMKLA	1
by_gender	female	hugo_symbol	RIMKLB	1
by_gender	female	hugo_symbol	RIMS1	2
by_gender	female	hugo_symbol	RIMS2	3
by_gender	female	hugo_symbol	RIMS4	3
by_gender	female	hugo_symbol	RIN1	1
by_gender	female	hugo_symbol	RIN3	1
by_gender	female	hugo_symbol	RING1	1
by_gender	female	hugo_symbol	RINL	1
by_gender	female	hugo_symbol	RINT1	5
by_gender	female	hugo_symbol	RIOK1	1
by_gender	female	hugo_symbol	RIOK3	1
by_gender	female	hugo_symbol	RIPK3	2
by_gender	female	hugo_symbol	RIPK4	3
by_gender	female	hugo_symbol	RIPOR1	3
by_gender	female	hugo_symbol	RIPOR3	1
by_gender	female	hugo_symbol	RIPPLY2	2
by_gender	female	hugo_symbol	RLBP1	1
by_gender	female	hugo_symbol	RLF	1
by_gender	female	hugo_symbol	RLN2	1
by_gender	female	hugo_symbol	RMC1	2
by_gender	female	hugo_symbol	RMDN1	1
by_gender	female	hugo_symbol	RMDN2	2
by_gender	female	hugo_symbol	RMDN3	1
by_gender	female	hugo_symbol	RMND1	1
by_gender	female	hugo_symbol	RMND5A	1
by_gender	female	hugo_symbol	RN7SL484P	4
by_gender	female	hugo_symbol	RNASE11	1
by_gender	female	hugo_symbol	RNASE13	1
by_gender	female	hugo_symbol	RNASEH2A	1
by_gender	female	hugo_symbol	RNASEH2B	1
by_gender	female	hugo_symbol	RNASEL	1
by_gender	female	hugo_symbol	RNASET2	1
by_gender	female	hugo_symbol	RND1	1
by_gender	female	hugo_symbol	RND3	2
by_gender	female	hugo_symbol	RNF10	1
by_gender	female	hugo_symbol	RNF103	2
by_gender	female	hugo_symbol	RNF111	1
by_gender	female	hugo_symbol	RNF114	1
by_gender	female	hugo_symbol	RNF115	1
by_gender	female	hugo_symbol	RNF123	7
by_gender	female	hugo_symbol	RNF128	2
by_gender	female	hugo_symbol	RNF13	1
by_gender	female	hugo_symbol	RNF146	1
by_gender	female	hugo_symbol	RNF148	1
by_gender	female	hugo_symbol	RNF152	2
by_gender	female	hugo_symbol	RNF157	1
by_gender	female	hugo_symbol	RNF168	1
by_gender	female	hugo_symbol	RNF169	1
by_gender	female	hugo_symbol	RNF17	2
by_gender	female	hugo_symbol	RNF19A	1
by_gender	female	hugo_symbol	RNF19B	1
by_gender	female	hugo_symbol	RNF20	1
by_gender	female	hugo_symbol	RNF208	1
by_gender	female	hugo_symbol	RNF213	5
by_gender	female	hugo_symbol	RNF214	1
by_gender	female	hugo_symbol	RNF215	1
by_gender	female	hugo_symbol	RNF217-AS1	1
by_gender	female	hugo_symbol	RNF220	2
by_gender	female	hugo_symbol	RNF24	1
by_gender	female	hugo_symbol	RNF31	1
by_gender	female	hugo_symbol	RNF39	1
by_gender	female	hugo_symbol	RNF40	1
by_gender	female	hugo_symbol	RNF43	5
by_gender	female	hugo_symbol	RNF44	1
by_gender	female	hugo_symbol	RNF6	1
by_gender	female	hugo_symbol	RNF8	2
by_gender	female	hugo_symbol	RNFT1	1
by_gender	female	hugo_symbol	RNPEP	1
by_gender	female	hugo_symbol	RNU7-174P	1
by_gender	female	hugo_symbol	ROBO1	5
by_gender	female	hugo_symbol	ROBO2	2
by_gender	female	hugo_symbol	ROBO3	2
by_gender	female	hugo_symbol	ROBO4	2
by_gender	female	hugo_symbol	ROCK1	1
by_gender	female	hugo_symbol	ROCK2	1
by_gender	female	hugo_symbol	ROMO1	1
by_gender	female	hugo_symbol	ROR1	1
by_gender	female	hugo_symbol	RORA	1
by_gender	female	hugo_symbol	ROS1	4
by_gender	female	hugo_symbol	RP1	3
by_gender	female	hugo_symbol	RP1L1	2
by_gender	female	hugo_symbol	RPA1	1
by_gender	female	hugo_symbol	RPA2	1
by_gender	female	hugo_symbol	RPA3	1
by_gender	female	hugo_symbol	RPAP1	1
by_gender	female	hugo_symbol	RPAP2	1
by_gender	female	hugo_symbol	RPAP3	1
by_gender	female	hugo_symbol	RPE	2
by_gender	female	hugo_symbol	RPGRIP1	1
by_gender	female	hugo_symbol	RPGRIP1L	1
by_gender	female	hugo_symbol	RPH3A	1
by_gender	female	hugo_symbol	RPL10L	1
by_gender	female	hugo_symbol	RPL14	1
by_gender	female	hugo_symbol	RPL18A	1
by_gender	female	hugo_symbol	RPL26P30	1
by_gender	female	hugo_symbol	RPL28	1
by_gender	female	hugo_symbol	RPL32	1
by_gender	female	hugo_symbol	RPL34	1
by_gender	female	hugo_symbol	RPL35	1
by_gender	female	hugo_symbol	RPL3L	1
by_gender	female	hugo_symbol	RPL4	2
by_gender	female	hugo_symbol	RPL7A	1
by_gender	female	hugo_symbol	RPLP2	1
by_gender	female	hugo_symbol	RPP14	1
by_gender	female	hugo_symbol	RPP30	2
by_gender	female	hugo_symbol	RPRD2	2
by_gender	female	hugo_symbol	RPS11	2
by_gender	female	hugo_symbol	RPS2	1
by_gender	female	hugo_symbol	RPS28	1
by_gender	female	hugo_symbol	RPS6KA2	1
by_gender	female	hugo_symbol	RPS6KA4	3
by_gender	female	hugo_symbol	RPS6KA5	1
by_gender	female	hugo_symbol	RPS6KA6	2
by_gender	female	hugo_symbol	RPS6KB2	1
by_gender	female	hugo_symbol	RPS6KC1	1
by_gender	female	hugo_symbol	RPSA	1
by_gender	female	hugo_symbol	RPTN	1
by_gender	female	hugo_symbol	RPTOR	3
by_gender	female	hugo_symbol	RRAD	1
by_gender	female	hugo_symbol	RRAGA	1
by_gender	female	hugo_symbol	RRAGB	1
by_gender	female	hugo_symbol	RRAGD	2
by_gender	female	hugo_symbol	RRBP1	1
by_gender	female	hugo_symbol	RREB1	4
by_gender	female	hugo_symbol	RRH	1
by_gender	female	hugo_symbol	RRM1	1
by_gender	female	hugo_symbol	RRM2	1
by_gender	female	hugo_symbol	RRM2B	1
by_gender	female	hugo_symbol	RRP8	2
by_gender	female	hugo_symbol	RS1	2
by_gender	female	hugo_symbol	RSBN1	1
by_gender	female	hugo_symbol	RSC1A1	1
by_gender	female	hugo_symbol	RSL1D1	1
by_gender	female	hugo_symbol	RSL24D1	1
by_gender	female	hugo_symbol	RSPH10B	1
by_gender	female	hugo_symbol	RSPH4A	2
by_gender	female	hugo_symbol	RSPO1	1
by_gender	female	hugo_symbol	RSPO3	1
by_gender	female	hugo_symbol	RSPO4	1
by_gender	female	hugo_symbol	RTEL1	1
by_gender	female	hugo_symbol	RTL10	2
by_gender	female	hugo_symbol	RTL3	1
by_gender	female	hugo_symbol	RTL5	2
by_gender	female	hugo_symbol	RTL6	1
by_gender	female	hugo_symbol	RTL9	2
by_gender	female	hugo_symbol	RTN1	1
by_gender	female	hugo_symbol	RTN2	3
by_gender	female	hugo_symbol	RTN3	4
by_gender	female	hugo_symbol	RTN4	1
by_gender	female	hugo_symbol	RTN4R	1
by_gender	female	hugo_symbol	RTP5	2
by_gender	female	hugo_symbol	RTTN	1
by_gender	female	hugo_symbol	RUBCN	3
by_gender	female	hugo_symbol	RUBCNL	2
by_gender	female	hugo_symbol	RUFY1	1
by_gender	female	hugo_symbol	RUFY3	2
by_gender	female	hugo_symbol	RUNX1T1	1
by_gender	female	hugo_symbol	RUNX2	1
by_gender	female	hugo_symbol	RUNX3	1
by_gender	female	hugo_symbol	RUSC1	1
by_gender	female	hugo_symbol	RUSC2	3
by_gender	female	hugo_symbol	RUSF1	1
by_gender	female	hugo_symbol	RUVBL2	2
by_gender	female	hugo_symbol	RXFP1	1
by_gender	female	hugo_symbol	RYBP	1
by_gender	female	hugo_symbol	RYR1	9
by_gender	female	hugo_symbol	RYR2	6
by_gender	female	hugo_symbol	RYR3	15
by_gender	female	hugo_symbol	S100A11	1
by_gender	female	hugo_symbol	S1PR1	1
by_gender	female	hugo_symbol	S1PR5	1
by_gender	female	hugo_symbol	SACS	12
by_gender	female	hugo_symbol	SAFB	1
by_gender	female	hugo_symbol	SALL1	1
by_gender	female	hugo_symbol	SALL4	4
by_gender	female	hugo_symbol	SAMD11	1
by_gender	female	hugo_symbol	SAMD14	1
by_gender	female	hugo_symbol	SAMD15	1
by_gender	female	hugo_symbol	SAMD3	1
by_gender	female	hugo_symbol	SAMD7	1
by_gender	female	hugo_symbol	SAMD8	2
by_gender	female	hugo_symbol	SAMD9	6
by_gender	female	hugo_symbol	SAMD9L	4
by_gender	female	hugo_symbol	SAMHD1	3
by_gender	female	hugo_symbol	SAMM50	1
by_gender	female	hugo_symbol	SAP130	1
by_gender	female	hugo_symbol	SAP18	1
by_gender	female	hugo_symbol	SAR1B	1
by_gender	female	hugo_symbol	SARAF	1
by_gender	female	hugo_symbol	SASH1	2
by_gender	female	hugo_symbol	SAT2	1
by_gender	female	hugo_symbol	SATB1	3
by_gender	female	hugo_symbol	SATB2	1
by_gender	female	hugo_symbol	SBF1	2
by_gender	female	hugo_symbol	SBF2	1
by_gender	female	hugo_symbol	SBK1	1
by_gender	female	hugo_symbol	SBNO2	2
by_gender	female	hugo_symbol	SBSPON	1
by_gender	female	hugo_symbol	SCAF11	2
by_gender	female	hugo_symbol	SCAF4	1
by_gender	female	hugo_symbol	SCAI	1
by_gender	female	hugo_symbol	SCAMP5	1
by_gender	female	hugo_symbol	SCAP	2
by_gender	female	hugo_symbol	SCAPER	1
by_gender	female	hugo_symbol	SCARA3	1
by_gender	female	hugo_symbol	SCARB1	1
by_gender	female	hugo_symbol	SCARB2	1
by_gender	female	hugo_symbol	SCARF1	1
by_gender	female	hugo_symbol	SCCPDH	1
by_gender	female	hugo_symbol	SCD	1
by_gender	female	hugo_symbol	SCD5	1
by_gender	female	hugo_symbol	SCFD1	1
by_gender	female	hugo_symbol	SCFD2	3
by_gender	female	hugo_symbol	SCG2	2
by_gender	female	hugo_symbol	SCG3	1
by_gender	female	hugo_symbol	SCGN	1
by_gender	female	hugo_symbol	SCIN	1
by_gender	female	hugo_symbol	SCLY	2
by_gender	female	hugo_symbol	SCN10A	8
by_gender	female	hugo_symbol	SCN11A	2
by_gender	female	hugo_symbol	SCN1A	3
by_gender	female	hugo_symbol	SCN2A	3
by_gender	female	hugo_symbol	SCN3A	1
by_gender	female	hugo_symbol	SCN4A	3
by_gender	female	hugo_symbol	SCN4B	1
by_gender	female	hugo_symbol	SCN5A	4
by_gender	female	hugo_symbol	SCN7A	1
by_gender	female	hugo_symbol	SCN8A	1
by_gender	female	hugo_symbol	SCN9A	3
by_gender	female	hugo_symbol	SCNN1A	1
by_gender	female	hugo_symbol	SCNN1B	1
by_gender	female	hugo_symbol	SCNN1D	3
by_gender	female	hugo_symbol	SCNN1G	1
by_gender	female	hugo_symbol	SCO1	1
by_gender	female	hugo_symbol	SCP2	1
by_gender	female	hugo_symbol	SCRIB	2
by_gender	female	hugo_symbol	SCRN1	4
by_gender	female	hugo_symbol	SCUBE1	1
by_gender	female	hugo_symbol	SCYL1	1
by_gender	female	hugo_symbol	SCYL3	1
by_gender	female	hugo_symbol	SDC3	1
by_gender	female	hugo_symbol	SDC4	2
by_gender	female	hugo_symbol	SDCBP	1
by_gender	female	hugo_symbol	SDCCAG8	1
by_gender	female	hugo_symbol	SDE2	1
by_gender	female	hugo_symbol	SDF4	2
by_gender	female	hugo_symbol	SDHA	2
by_gender	female	hugo_symbol	SDK1	3
by_gender	female	hugo_symbol	SDK2	1
by_gender	female	hugo_symbol	SDR16C5	2
by_gender	female	hugo_symbol	SDR42E1	1
by_gender	female	hugo_symbol	SEC13	2
by_gender	female	hugo_symbol	SEC14L3	1
by_gender	female	hugo_symbol	SEC14L4	1
by_gender	female	hugo_symbol	SEC14L5	2
by_gender	female	hugo_symbol	SEC16A	2
by_gender	female	hugo_symbol	SEC16B	2
by_gender	female	hugo_symbol	SEC23A	1
by_gender	female	hugo_symbol	SEC23IP	3
by_gender	female	hugo_symbol	SEC24A	2
by_gender	female	hugo_symbol	SEC24B	1
by_gender	female	hugo_symbol	SEC24C	4
by_gender	female	hugo_symbol	SEC31A	1
by_gender	female	hugo_symbol	SEC31B	1
by_gender	female	hugo_symbol	SEC61A1	1
by_gender	female	hugo_symbol	SEC61A2	2
by_gender	female	hugo_symbol	SEC61G	1
by_gender	female	hugo_symbol	SECISBP2L	2
by_gender	female	hugo_symbol	SEH1L	1
by_gender	female	hugo_symbol	SEL1L	1
by_gender	female	hugo_symbol	SEL1L2	4
by_gender	female	hugo_symbol	SEL1L3	2
by_gender	female	hugo_symbol	SELE	1
by_gender	female	hugo_symbol	SELENOF	1
by_gender	female	hugo_symbol	SELENOO	1
by_gender	female	hugo_symbol	SELENOP	2
by_gender	female	hugo_symbol	SELENOS	1
by_gender	female	hugo_symbol	SELP	3
by_gender	female	hugo_symbol	SEMA3A	1
by_gender	female	hugo_symbol	SEMA3B	1
by_gender	female	hugo_symbol	SEMA3C	1
by_gender	female	hugo_symbol	SEMA3D	3
by_gender	female	hugo_symbol	SEMA3E	1
by_gender	female	hugo_symbol	SEMA3F	1
by_gender	female	hugo_symbol	SEMA3G	1
by_gender	female	hugo_symbol	SEMA4A	1
by_gender	female	hugo_symbol	SEMA4B	1
by_gender	female	hugo_symbol	SEMA4C	2
by_gender	female	hugo_symbol	SEMA4G	2
by_gender	female	hugo_symbol	SEMA5A	2
by_gender	female	hugo_symbol	SEMA5B	3
by_gender	female	hugo_symbol	SEMA6A	2
by_gender	female	hugo_symbol	SEMA6C	2
by_gender	female	hugo_symbol	SEMA7A	1
by_gender	female	hugo_symbol	SEMG2	1
by_gender	female	hugo_symbol	SENP2	1
by_gender	female	hugo_symbol	SENP6	2
by_gender	female	hugo_symbol	SENP7	3
by_gender	female	hugo_symbol	SENP8	2
by_gender	female	hugo_symbol	SEPTIN1	1
by_gender	female	hugo_symbol	SEPTIN10	1
by_gender	female	hugo_symbol	SEPTIN2	1
by_gender	female	hugo_symbol	SEPTIN5	2
by_gender	female	hugo_symbol	SEPTIN8	1
by_gender	female	hugo_symbol	SEPTIN9	1
by_gender	female	hugo_symbol	SERAC1	3
by_gender	female	hugo_symbol	SERPINA1	1
by_gender	female	hugo_symbol	SERPINA10	1
by_gender	female	hugo_symbol	SERPINA12	1
by_gender	female	hugo_symbol	SERPINA13P	1
by_gender	female	hugo_symbol	SERPINA5	1
by_gender	female	hugo_symbol	SERPINA7	2
by_gender	female	hugo_symbol	SERPINA9	1
by_gender	female	hugo_symbol	SERPINB10	2
by_gender	female	hugo_symbol	SERPINB11	1
by_gender	female	hugo_symbol	SERPINB12	1
by_gender	female	hugo_symbol	SERPINB13	2
by_gender	female	hugo_symbol	SERPINB4	1
by_gender	female	hugo_symbol	SERPINB5	1
by_gender	female	hugo_symbol	SERPINB7	1
by_gender	female	hugo_symbol	SERPINB9	1
by_gender	female	hugo_symbol	SERPINC1	2
by_gender	female	hugo_symbol	SERPINE2	2
by_gender	female	hugo_symbol	SERPING1	1
by_gender	female	hugo_symbol	SERPINI2	1
by_gender	female	hugo_symbol	SERTAD1	1
by_gender	female	hugo_symbol	SERTAD2	1
by_gender	female	hugo_symbol	SERTAD3	1
by_gender	female	hugo_symbol	SESN2	1
by_gender	female	hugo_symbol	SESN3	2
by_gender	female	hugo_symbol	SET	1
by_gender	female	hugo_symbol	SETBP1	2
by_gender	female	hugo_symbol	SETD1A	1
by_gender	female	hugo_symbol	SETD2	1
by_gender	female	hugo_symbol	SETD5	3
by_gender	female	hugo_symbol	SETDB1	2
by_gender	female	hugo_symbol	SETX	2
by_gender	female	hugo_symbol	SEZ6	1
by_gender	female	hugo_symbol	SEZ6L2	2
by_gender	female	hugo_symbol	SF1	3
by_gender	female	hugo_symbol	SF3A2	1
by_gender	female	hugo_symbol	SF3B3	2
by_gender	female	hugo_symbol	SF3B5	1
by_gender	female	hugo_symbol	SFI1	2
by_gender	female	hugo_symbol	SFMBT1	1
by_gender	female	hugo_symbol	SFMBT2	2
by_gender	female	hugo_symbol	SFRP1	1
by_gender	female	hugo_symbol	SFRP4	1
by_gender	female	hugo_symbol	SFT2D2	2
by_gender	female	hugo_symbol	SFTPC	2
by_gender	female	hugo_symbol	SFTPD	1
by_gender	female	hugo_symbol	SFXN1	1
by_gender	female	hugo_symbol	SGCA	1
by_gender	female	hugo_symbol	SGCD	1
by_gender	female	hugo_symbol	SGCE	2
by_gender	female	hugo_symbol	SGCZ	1
by_gender	female	hugo_symbol	SGIP1	1
by_gender	female	hugo_symbol	SGK1	1
by_gender	female	hugo_symbol	SGK2	1
by_gender	female	hugo_symbol	SGK3	1
by_gender	female	hugo_symbol	SGMS1	1
by_gender	female	hugo_symbol	SGPP1	1
by_gender	female	hugo_symbol	SGSH	1
by_gender	female	hugo_symbol	SGSM1	2
by_gender	female	hugo_symbol	SGSM2	1
by_gender	female	hugo_symbol	SGSM3	2
by_gender	female	hugo_symbol	SH2B1	3
by_gender	female	hugo_symbol	SH2D1A	1
by_gender	female	hugo_symbol	SH2D2A	1
by_gender	female	hugo_symbol	SH2D3A	1
by_gender	female	hugo_symbol	SH2D3C	4
by_gender	female	hugo_symbol	SH2D4A	1
by_gender	female	hugo_symbol	SH2D5	1
by_gender	female	hugo_symbol	SH3BGRL3	1
by_gender	female	hugo_symbol	SH3BP4	1
by_gender	female	hugo_symbol	SH3D19	2
by_gender	female	hugo_symbol	SH3D21	1
by_gender	female	hugo_symbol	SH3GL1	1
by_gender	female	hugo_symbol	SH3GL3	2
by_gender	female	hugo_symbol	SH3PXD2A	3
by_gender	female	hugo_symbol	SH3RF1	2
by_gender	female	hugo_symbol	SH3TC1	7
by_gender	female	hugo_symbol	SH3TC2	2
by_gender	female	hugo_symbol	SHANK1	2
by_gender	female	hugo_symbol	SHANK2	3
by_gender	female	hugo_symbol	SHB	1
by_gender	female	hugo_symbol	SHC2	1
by_gender	female	hugo_symbol	SHC4	1
by_gender	female	hugo_symbol	SHCBP1L	1
by_gender	female	hugo_symbol	SHD	2
by_gender	female	hugo_symbol	SHISA3	2
by_gender	female	hugo_symbol	SHISAL1	1
by_gender	female	hugo_symbol	SHLD1	1
by_gender	female	hugo_symbol	SHLD2	1
by_gender	female	hugo_symbol	SHMT1	1
by_gender	female	hugo_symbol	SHMT2	3
by_gender	female	hugo_symbol	SHOC1	2
by_gender	female	hugo_symbol	SHOC2	2
by_gender	female	hugo_symbol	SHOX2	1
by_gender	female	hugo_symbol	SHPK	1
by_gender	female	hugo_symbol	SHPRH	3
by_gender	female	hugo_symbol	SHQ1	1
by_gender	female	hugo_symbol	SHROOM2	2
by_gender	female	hugo_symbol	SHROOM3	4
by_gender	female	hugo_symbol	SHROOM4	3
by_gender	female	hugo_symbol	SHTN1	1
by_gender	female	hugo_symbol	SI	3
by_gender	female	hugo_symbol	SIAH2	2
by_gender	female	hugo_symbol	SIAH3	1
by_gender	female	hugo_symbol	SIDT2	1
by_gender	female	hugo_symbol	SIGIRR	1
by_gender	female	hugo_symbol	SIGLEC1	5
by_gender	female	hugo_symbol	SIGLEC10	1
by_gender	female	hugo_symbol	SIGLEC15	1
by_gender	female	hugo_symbol	SIGLEC5	1
by_gender	female	hugo_symbol	SIGLEC6	1
by_gender	female	hugo_symbol	SIGLEC7	1
by_gender	female	hugo_symbol	SIGLEC8	3
by_gender	female	hugo_symbol	SIK2	1
by_gender	female	hugo_symbol	SIL1	1
by_gender	female	hugo_symbol	SIM1	1
by_gender	female	hugo_symbol	SIMC1	1
by_gender	female	hugo_symbol	SIN3A	3
by_gender	female	hugo_symbol	SIPA1	3
by_gender	female	hugo_symbol	SIPA1L1	5
by_gender	female	hugo_symbol	SIPA1L2	3
by_gender	female	hugo_symbol	SIPA1L3	4
by_gender	female	hugo_symbol	SIRPA	1
by_gender	female	hugo_symbol	SIRPB1	1
by_gender	female	hugo_symbol	SIRPG	1
by_gender	female	hugo_symbol	SIRT1	1
by_gender	female	hugo_symbol	SIX1	1
by_gender	female	hugo_symbol	SIX4	2
by_gender	female	hugo_symbol	SKA1	1
by_gender	female	hugo_symbol	SKA3	1
by_gender	female	hugo_symbol	SKI	1
by_gender	female	hugo_symbol	SKIV2L	4
by_gender	female	hugo_symbol	SKP1	1
by_gender	female	hugo_symbol	SLA	1
by_gender	female	hugo_symbol	SLC10A1	2
by_gender	female	hugo_symbol	SLC10A3	1
by_gender	female	hugo_symbol	SLC10A4	1
by_gender	female	hugo_symbol	SLC10A5	1
by_gender	female	hugo_symbol	SLC10A6	1
by_gender	female	hugo_symbol	SLC12A1	1
by_gender	female	hugo_symbol	SLC12A3	2
by_gender	female	hugo_symbol	SLC12A4	1
by_gender	female	hugo_symbol	SLC12A5	1
by_gender	female	hugo_symbol	SLC12A6	4
by_gender	female	hugo_symbol	SLC12A7	2
by_gender	female	hugo_symbol	SLC13A1	1
by_gender	female	hugo_symbol	SLC13A4	2
by_gender	female	hugo_symbol	SLC13A5	1
by_gender	female	hugo_symbol	SLC15A4	1
by_gender	female	hugo_symbol	SLC16A12	1
by_gender	female	hugo_symbol	SLC16A13	2
by_gender	female	hugo_symbol	SLC16A5	1
by_gender	female	hugo_symbol	SLC17A1	1
by_gender	female	hugo_symbol	SLC17A2	2
by_gender	female	hugo_symbol	SLC17A3	1
by_gender	female	hugo_symbol	SLC17A5	1
by_gender	female	hugo_symbol	SLC17A7	2
by_gender	female	hugo_symbol	SLC17A8	2
by_gender	female	hugo_symbol	SLC17A9	2
by_gender	female	hugo_symbol	SLC18A2	1
by_gender	female	hugo_symbol	SLC18A3	1
by_gender	female	hugo_symbol	SLC19A1	1
by_gender	female	hugo_symbol	SLC1A1	2
by_gender	female	hugo_symbol	SLC1A2	1
by_gender	female	hugo_symbol	SLC1A3	1
by_gender	female	hugo_symbol	SLC1A6	2
by_gender	female	hugo_symbol	SLC20A1	1
by_gender	female	hugo_symbol	SLC22A11	1
by_gender	female	hugo_symbol	SLC22A12	1
by_gender	female	hugo_symbol	SLC22A13	1
by_gender	female	hugo_symbol	SLC22A15	1
by_gender	female	hugo_symbol	SLC22A17	1
by_gender	female	hugo_symbol	SLC22A2	1
by_gender	female	hugo_symbol	SLC22A23	2
by_gender	female	hugo_symbol	SLC22A3	1
by_gender	female	hugo_symbol	SLC22A4	1
by_gender	female	hugo_symbol	SLC22A5	2
by_gender	female	hugo_symbol	SLC22A6	1
by_gender	female	hugo_symbol	SLC22A7	2
by_gender	female	hugo_symbol	SLC24A1	2
by_gender	female	hugo_symbol	SLC24A4	2
by_gender	female	hugo_symbol	SLC24A5	1
by_gender	female	hugo_symbol	SLC25A1	1
by_gender	female	hugo_symbol	SLC25A12	1
by_gender	female	hugo_symbol	SLC25A17	1
by_gender	female	hugo_symbol	SLC25A2	2
by_gender	female	hugo_symbol	SLC25A21	1
by_gender	female	hugo_symbol	SLC25A24	1
by_gender	female	hugo_symbol	SLC25A25	1
by_gender	female	hugo_symbol	SLC25A26	1
by_gender	female	hugo_symbol	SLC25A29	1
by_gender	female	hugo_symbol	SLC25A30	1
by_gender	female	hugo_symbol	SLC25A36	1
by_gender	female	hugo_symbol	SLC25A41	1
by_gender	female	hugo_symbol	SLC25A42	1
by_gender	female	hugo_symbol	SLC25A44	1
by_gender	female	hugo_symbol	SLC25A46	1
by_gender	female	hugo_symbol	SLC25A47	1
by_gender	female	hugo_symbol	SLC25A48	2
by_gender	female	hugo_symbol	SLC26A11	1
by_gender	female	hugo_symbol	SLC26A3	2
by_gender	female	hugo_symbol	SLC26A4	2
by_gender	female	hugo_symbol	SLC26A5	2
by_gender	female	hugo_symbol	SLC26A6	3
by_gender	female	hugo_symbol	SLC26A7	2
by_gender	female	hugo_symbol	SLC26A8	2
by_gender	female	hugo_symbol	SLC26A9	1
by_gender	female	hugo_symbol	SLC27A1	2
by_gender	female	hugo_symbol	SLC27A4	1
by_gender	female	hugo_symbol	SLC27A5	2
by_gender	female	hugo_symbol	SLC28A1	1
by_gender	female	hugo_symbol	SLC28A3	1
by_gender	female	hugo_symbol	SLC29A2	1
by_gender	female	hugo_symbol	SLC29A3	1
by_gender	female	hugo_symbol	SLC2A1	3
by_gender	female	hugo_symbol	SLC2A10	2
by_gender	female	hugo_symbol	SLC2A13	1
by_gender	female	hugo_symbol	SLC2A14	1
by_gender	female	hugo_symbol	SLC2A2	1
by_gender	female	hugo_symbol	SLC2A4RG	1
by_gender	female	hugo_symbol	SLC2A6	2
by_gender	female	hugo_symbol	SLC2A9	2
by_gender	female	hugo_symbol	SLC30A10	1
by_gender	female	hugo_symbol	SLC30A3	2
by_gender	female	hugo_symbol	SLC30A8	1
by_gender	female	hugo_symbol	SLC34A1	3
by_gender	female	hugo_symbol	SLC34A2	3
by_gender	female	hugo_symbol	SLC34A3	2
by_gender	female	hugo_symbol	SLC35A2	2
by_gender	female	hugo_symbol	SLC35A3	2
by_gender	female	hugo_symbol	SLC35A4	2
by_gender	female	hugo_symbol	SLC35A5	1
by_gender	female	hugo_symbol	SLC35B4	1
by_gender	female	hugo_symbol	SLC35C1	1
by_gender	female	hugo_symbol	SLC35E4	1
by_gender	female	hugo_symbol	SLC35F4	1
by_gender	female	hugo_symbol	SLC35F5	2
by_gender	female	hugo_symbol	SLC35F6	2
by_gender	female	hugo_symbol	SLC35G3	2
by_gender	female	hugo_symbol	SLC35G5	1
by_gender	female	hugo_symbol	SLC36A1	1
by_gender	female	hugo_symbol	SLC36A3	1
by_gender	female	hugo_symbol	SLC36A4	1
by_gender	female	hugo_symbol	SLC38A10	1
by_gender	female	hugo_symbol	SLC38A4	1
by_gender	female	hugo_symbol	SLC38A5	1
by_gender	female	hugo_symbol	SLC38A8	2
by_gender	female	hugo_symbol	SLC39A12	1
by_gender	female	hugo_symbol	SLC39A13	1
by_gender	female	hugo_symbol	SLC39A4	3
by_gender	female	hugo_symbol	SLC39A7	1
by_gender	female	hugo_symbol	SLC39A9	1
by_gender	female	hugo_symbol	SLC3A1	3
by_gender	female	hugo_symbol	SLC3A2	1
by_gender	female	hugo_symbol	SLC40A1	1
by_gender	female	hugo_symbol	SLC41A1	2
by_gender	female	hugo_symbol	SLC41A3	3
by_gender	female	hugo_symbol	SLC43A2	2
by_gender	female	hugo_symbol	SLC44A1	1
by_gender	female	hugo_symbol	SLC44A5	3
by_gender	female	hugo_symbol	SLC45A2	2
by_gender	female	hugo_symbol	SLC45A3	1
by_gender	female	hugo_symbol	SLC45A4	3
by_gender	female	hugo_symbol	SLC47A1	1
by_gender	female	hugo_symbol	SLC47A2	1
by_gender	female	hugo_symbol	SLC49A3	1
by_gender	female	hugo_symbol	SLC4A1	1
by_gender	female	hugo_symbol	SLC4A3	2
by_gender	female	hugo_symbol	SLC4A5	3
by_gender	female	hugo_symbol	SLC50A1	1
by_gender	female	hugo_symbol	SLC52A1	2
by_gender	female	hugo_symbol	SLC52A2	3
by_gender	female	hugo_symbol	SLC5A1	1
by_gender	female	hugo_symbol	SLC5A10	1
by_gender	female	hugo_symbol	SLC5A11	1
by_gender	female	hugo_symbol	SLC5A12	1
by_gender	female	hugo_symbol	SLC5A2	2
by_gender	female	hugo_symbol	SLC5A3	1
by_gender	female	hugo_symbol	SLC5A6	1
by_gender	female	hugo_symbol	SLC5A7	3
by_gender	female	hugo_symbol	SLC5A8	3
by_gender	female	hugo_symbol	SLC5A9	2
by_gender	female	hugo_symbol	SLC66A2	1
by_gender	female	hugo_symbol	SLC6A1	1
by_gender	female	hugo_symbol	SLC6A11	3
by_gender	female	hugo_symbol	SLC6A15	1
by_gender	female	hugo_symbol	SLC6A16	1
by_gender	female	hugo_symbol	SLC6A17	1
by_gender	female	hugo_symbol	SLC6A18	2
by_gender	female	hugo_symbol	SLC6A19	1
by_gender	female	hugo_symbol	SLC6A2	2
by_gender	female	hugo_symbol	SLC6A20	2
by_gender	female	hugo_symbol	SLC6A3	2
by_gender	female	hugo_symbol	SLC6A5	1
by_gender	female	hugo_symbol	SLC6A6	1
by_gender	female	hugo_symbol	SLC7A1	1
by_gender	female	hugo_symbol	SLC7A10	1
by_gender	female	hugo_symbol	SLC7A11	1
by_gender	female	hugo_symbol	SLC7A2	3
by_gender	female	hugo_symbol	SLC7A3	2
by_gender	female	hugo_symbol	SLC7A4	1
by_gender	female	hugo_symbol	SLC7A5	2
by_gender	female	hugo_symbol	SLC7A8	1
by_gender	female	hugo_symbol	SLC7A9	1
by_gender	female	hugo_symbol	SLC8A2	1
by_gender	female	hugo_symbol	SLC8A3	1
by_gender	female	hugo_symbol	SLC9A3R1	1
by_gender	female	hugo_symbol	SLC9A3R2	1
by_gender	female	hugo_symbol	SLC9A4	1
by_gender	female	hugo_symbol	SLC9A5	2
by_gender	female	hugo_symbol	SLC9A6	2
by_gender	female	hugo_symbol	SLC9A7	1
by_gender	female	hugo_symbol	SLC9B2	2
by_gender	female	hugo_symbol	SLC9C1	2
by_gender	female	hugo_symbol	SLC9C2	2
by_gender	female	hugo_symbol	SLCO1A2	1
by_gender	female	hugo_symbol	SLCO1B1	2
by_gender	female	hugo_symbol	SLCO1B3	4
by_gender	female	hugo_symbol	SLCO1B3-SLCO1B7	1
by_gender	female	hugo_symbol	SLCO1C1	1
by_gender	female	hugo_symbol	SLCO2A1	2
by_gender	female	hugo_symbol	SLCO2B1	1
by_gender	female	hugo_symbol	SLCO3A1	1
by_gender	female	hugo_symbol	SLCO4C1	2
by_gender	female	hugo_symbol	SLCO5A1	2
by_gender	female	hugo_symbol	SLCO6A1	2
by_gender	female	hugo_symbol	SLF2	1
by_gender	female	hugo_symbol	SLFN5	1
by_gender	female	hugo_symbol	SLIT1	4
by_gender	female	hugo_symbol	SLIT2	2
by_gender	female	hugo_symbol	SLIT3	3
by_gender	female	hugo_symbol	SLITRK1	2
by_gender	female	hugo_symbol	SLITRK2	1
by_gender	female	hugo_symbol	SLITRK3	1
by_gender	female	hugo_symbol	SLITRK4	2
by_gender	female	hugo_symbol	SLITRK5	2
by_gender	female	hugo_symbol	SLK	2
by_gender	female	hugo_symbol	SLU7	2
by_gender	female	hugo_symbol	SLX4	2
by_gender	female	hugo_symbol	SMAD4	17
by_gender	female	hugo_symbol	SMAD7	1
by_gender	female	hugo_symbol	SMAD9	1
by_gender	female	hugo_symbol	SMARCA1	1
by_gender	female	hugo_symbol	SMARCA2	1
by_gender	female	hugo_symbol	SMARCA4	3
by_gender	female	hugo_symbol	SMARCAD1	2
by_gender	female	hugo_symbol	SMARCAL1	4
by_gender	female	hugo_symbol	SMARCB1	1
by_gender	female	hugo_symbol	SMARCC1	1
by_gender	female	hugo_symbol	SMARCC2	3
by_gender	female	hugo_symbol	SMARCD1	1
by_gender	female	hugo_symbol	SMARCD2	2
by_gender	female	hugo_symbol	SMARCD3	1
by_gender	female	hugo_symbol	SMC1A	1
by_gender	female	hugo_symbol	SMC1B	1
by_gender	female	hugo_symbol	SMC2	2
by_gender	female	hugo_symbol	SMC3	2
by_gender	female	hugo_symbol	SMC4	1
by_gender	female	hugo_symbol	SMC5	2
by_gender	female	hugo_symbol	SMCHD1	1
by_gender	female	hugo_symbol	SMG1	2
by_gender	female	hugo_symbol	SMG5	3
by_gender	female	hugo_symbol	SMG6	3
by_gender	female	hugo_symbol	SMG7	1
by_gender	female	hugo_symbol	SMG8	1
by_gender	female	hugo_symbol	SMIM21	1
by_gender	female	hugo_symbol	SMIM8	1
by_gender	female	hugo_symbol	SMO	2
by_gender	female	hugo_symbol	SMOC1	1
by_gender	female	hugo_symbol	SMOX	1
by_gender	female	hugo_symbol	SMPD3	1
by_gender	female	hugo_symbol	SMPD4	1
by_gender	female	hugo_symbol	SMPDL3A	1
by_gender	female	hugo_symbol	SMPX	1
by_gender	female	hugo_symbol	SMTN	5
by_gender	female	hugo_symbol	SMUG1	1
by_gender	female	hugo_symbol	SMYD1	2
by_gender	female	hugo_symbol	SMYD2	1
by_gender	female	hugo_symbol	SMYD5	3
by_gender	female	hugo_symbol	SNAI3	2
by_gender	female	hugo_symbol	SNAP23	1
by_gender	female	hugo_symbol	SNAP29	3
by_gender	female	hugo_symbol	SNAP47	1
by_gender	female	hugo_symbol	SNAP91	1
by_gender	female	hugo_symbol	SNAPC1	1
by_gender	female	hugo_symbol	SNAPC2	1
by_gender	female	hugo_symbol	SNAPC3	1
by_gender	female	hugo_symbol	SNAPC4	2
by_gender	female	hugo_symbol	SNCAIP	4
by_gender	female	hugo_symbol	SNCB	1
by_gender	female	hugo_symbol	SND1	2
by_gender	female	hugo_symbol	SNED1	1
by_gender	female	hugo_symbol	SNIP1	1
by_gender	female	hugo_symbol	SNORA22	1
by_gender	female	hugo_symbol	SNORD109B	1
by_gender	female	hugo_symbol	SNORD115-14	1
by_gender	female	hugo_symbol	SNORD115-16	1
by_gender	female	hugo_symbol	SNORD115-17	1
by_gender	female	hugo_symbol	SNORD115-30	1
by_gender	female	hugo_symbol	SNORD116-11	1
by_gender	female	hugo_symbol	SNORD88C	1
by_gender	female	hugo_symbol	SNPH	1
by_gender	female	hugo_symbol	SNRK	2
by_gender	female	hugo_symbol	SNRNP200	1
by_gender	female	hugo_symbol	SNRNP27	1
by_gender	female	hugo_symbol	SNRNP35	1
by_gender	female	hugo_symbol	SNRNP48	1
by_gender	female	hugo_symbol	SNRPE	1
by_gender	female	hugo_symbol	SNRPN	2
by_gender	female	hugo_symbol	SNTA1	1
by_gender	female	hugo_symbol	SNTB1	1
by_gender	female	hugo_symbol	SNTG2	1
by_gender	female	hugo_symbol	SNW1	1
by_gender	female	hugo_symbol	SNX1	1
by_gender	female	hugo_symbol	SNX10	2
by_gender	female	hugo_symbol	SNX13	4
by_gender	female	hugo_symbol	SNX14	3
by_gender	female	hugo_symbol	SNX17	1
by_gender	female	hugo_symbol	SNX18	2
by_gender	female	hugo_symbol	SNX21	1
by_gender	female	hugo_symbol	SNX25	1
by_gender	female	hugo_symbol	SNX29	1
by_gender	female	hugo_symbol	SNX31	2
by_gender	female	hugo_symbol	SNX32	1
by_gender	female	hugo_symbol	SNX33	1
by_gender	female	hugo_symbol	SNX5	2
by_gender	female	hugo_symbol	SNX7	1
by_gender	female	hugo_symbol	SNX9	1
by_gender	female	hugo_symbol	SOBP	1
by_gender	female	hugo_symbol	SOCS4	1
by_gender	female	hugo_symbol	SOCS6	1
by_gender	female	hugo_symbol	SOD1	1
by_gender	female	hugo_symbol	SOGA1	2
by_gender	female	hugo_symbol	SOGA3	4
by_gender	female	hugo_symbol	SOHLH1	1
by_gender	female	hugo_symbol	SON	1
by_gender	female	hugo_symbol	SORBS2	1
by_gender	female	hugo_symbol	SORCS2	1
by_gender	female	hugo_symbol	SORCS3	3
by_gender	female	hugo_symbol	SORL1	3
by_gender	female	hugo_symbol	SORT1	1
by_gender	female	hugo_symbol	SOS1	2
by_gender	female	hugo_symbol	SOWAHB	2
by_gender	female	hugo_symbol	SOX11	2
by_gender	female	hugo_symbol	SOX13	1
by_gender	female	hugo_symbol	SOX2	1
by_gender	female	hugo_symbol	SOX30	1
by_gender	female	hugo_symbol	SOX5	1
by_gender	female	hugo_symbol	SOX6	2
by_gender	female	hugo_symbol	SOX7	1
by_gender	female	hugo_symbol	SOX8	2
by_gender	female	hugo_symbol	SP1	1
by_gender	female	hugo_symbol	SP100	3
by_gender	female	hugo_symbol	SP140	1
by_gender	female	hugo_symbol	SP140L	2
by_gender	female	hugo_symbol	SP2	2
by_gender	female	hugo_symbol	SP4	2
by_gender	female	hugo_symbol	SP7	1
by_gender	female	hugo_symbol	SPACA1	2
by_gender	female	hugo_symbol	SPACA3	2
by_gender	female	hugo_symbol	SPAG1	2
by_gender	female	hugo_symbol	SPAG11B	1
by_gender	female	hugo_symbol	SPAG16	1
by_gender	female	hugo_symbol	SPAG17	1
by_gender	female	hugo_symbol	SPAG5	1
by_gender	female	hugo_symbol	SPAG6	1
by_gender	female	hugo_symbol	SPAG8	1
by_gender	female	hugo_symbol	SPAG9	1
by_gender	female	hugo_symbol	SPARCL1	3
by_gender	female	hugo_symbol	SPART	3
by_gender	female	hugo_symbol	SPATA13	1
by_gender	female	hugo_symbol	SPATA17	2
by_gender	female	hugo_symbol	SPATA18	1
by_gender	female	hugo_symbol	SPATA21	1
by_gender	female	hugo_symbol	SPATA22	3
by_gender	female	hugo_symbol	SPATA2L	1
by_gender	female	hugo_symbol	SPATA31A1	3
by_gender	female	hugo_symbol	SPATA31A3	2
by_gender	female	hugo_symbol	SPATA31D1	2
by_gender	female	hugo_symbol	SPATA31E1	1
by_gender	female	hugo_symbol	SPATA33	2
by_gender	female	hugo_symbol	SPATA46	1
by_gender	female	hugo_symbol	SPATA5	3
by_gender	female	hugo_symbol	SPATA6L	1
by_gender	female	hugo_symbol	SPATA9	1
by_gender	female	hugo_symbol	SPATS2	2
by_gender	female	hugo_symbol	SPC25	1
by_gender	female	hugo_symbol	SPDYA	1
by_gender	female	hugo_symbol	SPDYE3	1
by_gender	female	hugo_symbol	SPECC1	2
by_gender	female	hugo_symbol	SPECC1L	1
by_gender	female	hugo_symbol	SPEF2	3
by_gender	female	hugo_symbol	SPEG	1
by_gender	female	hugo_symbol	SPEM1	1
by_gender	female	hugo_symbol	SPEM2	1
by_gender	female	hugo_symbol	SPEN	5
by_gender	female	hugo_symbol	SPESP1	2
by_gender	female	hugo_symbol	SPG7	2
by_gender	female	hugo_symbol	SPHK1	1
by_gender	female	hugo_symbol	SPHKAP	6
by_gender	female	hugo_symbol	SPI1	1
by_gender	female	hugo_symbol	SPIN1	1
by_gender	female	hugo_symbol	SPINDOC	1
by_gender	female	hugo_symbol	SPINK5	1
by_gender	female	hugo_symbol	SPNS1	1
by_gender	female	hugo_symbol	SPNS2	1
by_gender	female	hugo_symbol	SPOCD1	3
by_gender	female	hugo_symbol	SPOCK3	1
by_gender	female	hugo_symbol	SPOP	1
by_gender	female	hugo_symbol	SPOUT1	1
by_gender	female	hugo_symbol	SPP1	1
by_gender	female	hugo_symbol	SPP2	1
by_gender	female	hugo_symbol	SPPL3	1
by_gender	female	hugo_symbol	SPRED1	1
by_gender	female	hugo_symbol	SPRED2	1
by_gender	female	hugo_symbol	SPRING1	1
by_gender	female	hugo_symbol	SPRR2A	1
by_gender	female	hugo_symbol	SPRR2E	1
by_gender	female	hugo_symbol	SPRR2G	1
by_gender	female	hugo_symbol	SPRTN	1
by_gender	female	hugo_symbol	SPRYD3	1
by_gender	female	hugo_symbol	SPSB3	2
by_gender	female	hugo_symbol	SPTA1	10
by_gender	female	hugo_symbol	SPTAN1	3
by_gender	female	hugo_symbol	SPTB	1
by_gender	female	hugo_symbol	SPTBN1	3
by_gender	female	hugo_symbol	SPTBN2	6
by_gender	female	hugo_symbol	SPTBN4	4
by_gender	female	hugo_symbol	SPTBN5	2
by_gender	female	hugo_symbol	SPTLC1	2
by_gender	female	hugo_symbol	SPTLC3	1
by_gender	female	hugo_symbol	SPZ1	1
by_gender	female	hugo_symbol	SQLE	1
by_gender	female	hugo_symbol	SQSTM1	3
by_gender	female	hugo_symbol	SRBD1	1
by_gender	female	hugo_symbol	SRC	2
by_gender	female	hugo_symbol	SRCAP	2
by_gender	female	hugo_symbol	SRCIN1	2
by_gender	female	hugo_symbol	SRD5A3	1
by_gender	female	hugo_symbol	SREBF2	1
by_gender	female	hugo_symbol	SREK1IP1	1
by_gender	female	hugo_symbol	SRFBP1	1
by_gender	female	hugo_symbol	SRGAP1	1
by_gender	female	hugo_symbol	SRGAP3	1
by_gender	female	hugo_symbol	SRL	1
by_gender	female	hugo_symbol	SRMS	3
by_gender	female	hugo_symbol	SRP54	1
by_gender	female	hugo_symbol	SRP68	3
by_gender	female	hugo_symbol	SRP72	1
by_gender	female	hugo_symbol	SRPK1	1
by_gender	female	hugo_symbol	SRPRA	1
by_gender	female	hugo_symbol	SRR	3
by_gender	female	hugo_symbol	SRRM1	2
by_gender	female	hugo_symbol	SRRM2	3
by_gender	female	hugo_symbol	SRRM4	2
by_gender	female	hugo_symbol	SRRM5	1
by_gender	female	hugo_symbol	SRRT	1
by_gender	female	hugo_symbol	SRSF1	1
by_gender	female	hugo_symbol	SRSF11	1
by_gender	female	hugo_symbol	SRSF4	1
by_gender	female	hugo_symbol	SRSF6	5
by_gender	female	hugo_symbol	SRSF7	1
by_gender	female	hugo_symbol	SS18	1
by_gender	female	hugo_symbol	SSBP2	1
by_gender	female	hugo_symbol	SSBP4	2
by_gender	female	hugo_symbol	SSH1	2
by_gender	female	hugo_symbol	SSMEM1	2
by_gender	female	hugo_symbol	SSPN	1
by_gender	female	hugo_symbol	SSPOP	8
by_gender	female	hugo_symbol	SSRP1	2
by_gender	female	hugo_symbol	SST	1
by_gender	female	hugo_symbol	SSTR1	2
by_gender	female	hugo_symbol	SSTR4	3
by_gender	female	hugo_symbol	SSTR5	3
by_gender	female	hugo_symbol	SSX2IP	1
by_gender	female	hugo_symbol	SSX7	1
by_gender	female	hugo_symbol	ST13	1
by_gender	female	hugo_symbol	ST18	4
by_gender	female	hugo_symbol	ST3GAL1	1
by_gender	female	hugo_symbol	ST3GAL2	1
by_gender	female	hugo_symbol	ST3GAL4	1
by_gender	female	hugo_symbol	ST3GAL5	1
by_gender	female	hugo_symbol	ST6GAL1	1
by_gender	female	hugo_symbol	ST6GALNAC4	1
by_gender	female	hugo_symbol	ST6GALNAC6	2
by_gender	female	hugo_symbol	ST7L	1
by_gender	female	hugo_symbol	ST8SIA1	2
by_gender	female	hugo_symbol	ST8SIA4	2
by_gender	female	hugo_symbol	ST8SIA5	1
by_gender	female	hugo_symbol	ST8SIA6	1
by_gender	female	hugo_symbol	STAB1	10
by_gender	female	hugo_symbol	STAB2	3
by_gender	female	hugo_symbol	STAC2	1
by_gender	female	hugo_symbol	STAG1	2
by_gender	female	hugo_symbol	STAG2	2
by_gender	female	hugo_symbol	STAG3	2
by_gender	female	hugo_symbol	STAG3L2	1
by_gender	female	hugo_symbol	STAM	2
by_gender	female	hugo_symbol	STAM2	1
by_gender	female	hugo_symbol	STAMBPL1	1
by_gender	female	hugo_symbol	STAP1	1
by_gender	female	hugo_symbol	STAR	3
by_gender	female	hugo_symbol	STARD3NL	1
by_gender	female	hugo_symbol	STARD4	1
by_gender	female	hugo_symbol	STARD6	1
by_gender	female	hugo_symbol	STARD8	1
by_gender	female	hugo_symbol	STAT1	1
by_gender	female	hugo_symbol	STAT2	2
by_gender	female	hugo_symbol	STAT3	1
by_gender	female	hugo_symbol	STAT5A	1
by_gender	female	hugo_symbol	STAT6	1
by_gender	female	hugo_symbol	STAU1	2
by_gender	female	hugo_symbol	STC1	1
by_gender	female	hugo_symbol	STEAP2	1
by_gender	female	hugo_symbol	STEAP3	1
by_gender	female	hugo_symbol	STEAP4	1
by_gender	female	hugo_symbol	STH	1
by_gender	female	hugo_symbol	STIL	2
by_gender	female	hugo_symbol	STIMATE	1
by_gender	female	hugo_symbol	STIP1	1
by_gender	female	hugo_symbol	STK10	2
by_gender	female	hugo_symbol	STK11	2
by_gender	female	hugo_symbol	STK11IP	1
by_gender	female	hugo_symbol	STK25	1
by_gender	female	hugo_symbol	STK31	4
by_gender	female	hugo_symbol	STK32A	1
by_gender	female	hugo_symbol	STK33	1
by_gender	female	hugo_symbol	STK36	1
by_gender	female	hugo_symbol	STK38L	1
by_gender	female	hugo_symbol	STK40	1
by_gender	female	hugo_symbol	STMN1	1
by_gender	female	hugo_symbol	STMP1	1
by_gender	female	hugo_symbol	STN1	1
by_gender	female	hugo_symbol	STOML2	1
by_gender	female	hugo_symbol	STOML3	1
by_gender	female	hugo_symbol	STON1	2
by_gender	female	hugo_symbol	STON2	1
by_gender	female	hugo_symbol	STOX1	1
by_gender	female	hugo_symbol	STOX2	1
by_gender	female	hugo_symbol	STPG2	1
by_gender	female	hugo_symbol	STPG3	1
by_gender	female	hugo_symbol	STRC	1
by_gender	female	hugo_symbol	STRIP1	2
by_gender	female	hugo_symbol	STRIP2	1
by_gender	female	hugo_symbol	STRN	1
by_gender	female	hugo_symbol	STRN3	1
by_gender	female	hugo_symbol	STRN4	4
by_gender	female	hugo_symbol	STS	1
by_gender	female	hugo_symbol	STX11	1
by_gender	female	hugo_symbol	STX3	1
by_gender	female	hugo_symbol	STX4	2
by_gender	female	hugo_symbol	STXBP1	2
by_gender	female	hugo_symbol	STXBP5	7
by_gender	female	hugo_symbol	STXBP5L	6
by_gender	female	hugo_symbol	STXBP6	1
by_gender	female	hugo_symbol	STYK1	1
by_gender	female	hugo_symbol	STYXL2	3
by_gender	female	hugo_symbol	SUCLA2	1
by_gender	female	hugo_symbol	SUCLG1	1
by_gender	female	hugo_symbol	SUCO	2
by_gender	female	hugo_symbol	SUDS3	1
by_gender	female	hugo_symbol	SUFU	1
by_gender	female	hugo_symbol	SUGCT	1
by_gender	female	hugo_symbol	SUGP1	2
by_gender	female	hugo_symbol	SUGP2	3
by_gender	female	hugo_symbol	SUGT1	1
by_gender	female	hugo_symbol	SULF1	2
by_gender	female	hugo_symbol	SULT1A2	1
by_gender	female	hugo_symbol	SULT1C4	1
by_gender	female	hugo_symbol	SULT2B1	1
by_gender	female	hugo_symbol	SULT4A1	1
by_gender	female	hugo_symbol	SULT6B1	1
by_gender	female	hugo_symbol	SUN1	3
by_gender	female	hugo_symbol	SUPT16H	1
by_gender	female	hugo_symbol	SUPT20HL2	1
by_gender	female	hugo_symbol	SUPT5H	2
by_gender	female	hugo_symbol	SUPT6H	3
by_gender	female	hugo_symbol	SUPV3L1	2
by_gender	female	hugo_symbol	SUSD1	2
by_gender	female	hugo_symbol	SUSD4	3
by_gender	female	hugo_symbol	SUV39H2	2
by_gender	female	hugo_symbol	SV2C	3
by_gender	female	hugo_symbol	SVEP1	5
by_gender	female	hugo_symbol	SVIL	2
by_gender	female	hugo_symbol	SVOP	1
by_gender	female	hugo_symbol	SWAP70	2
by_gender	female	hugo_symbol	SWI5	1
by_gender	female	hugo_symbol	SWT1	2
by_gender	female	hugo_symbol	SYCP2	2
by_gender	female	hugo_symbol	SYDE1	1
by_gender	female	hugo_symbol	SYF2	1
by_gender	female	hugo_symbol	SYK	2
by_gender	female	hugo_symbol	SYMPK	4
by_gender	female	hugo_symbol	SYN2	1
by_gender	female	hugo_symbol	SYN3	3
by_gender	female	hugo_symbol	SYNCRIP	2
by_gender	female	hugo_symbol	SYNDIG1	1
by_gender	female	hugo_symbol	SYNE1	21
by_gender	female	hugo_symbol	SYNE2	11
by_gender	female	hugo_symbol	SYNGAP1	2
by_gender	female	hugo_symbol	SYNGR1	1
by_gender	female	hugo_symbol	SYNGR3	1
by_gender	female	hugo_symbol	SYNJ2	2
by_gender	female	hugo_symbol	SYNM	1
by_gender	female	hugo_symbol	SYNPO2	3
by_gender	female	hugo_symbol	SYNPO2L	1
by_gender	female	hugo_symbol	SYNRG	2
by_gender	female	hugo_symbol	SYT1	1
by_gender	female	hugo_symbol	SYT10	1
by_gender	female	hugo_symbol	SYT12	1
by_gender	female	hugo_symbol	SYT13	2
by_gender	female	hugo_symbol	SYT14	1
by_gender	female	hugo_symbol	SYT15	1
by_gender	female	hugo_symbol	SYT17	1
by_gender	female	hugo_symbol	SYT2	1
by_gender	female	hugo_symbol	SYT3	2
by_gender	female	hugo_symbol	SYT4	1
by_gender	female	hugo_symbol	SYT5	2
by_gender	female	hugo_symbol	SYT7	3
by_gender	female	hugo_symbol	SYT9	1
by_gender	female	hugo_symbol	SYTL1	2
by_gender	female	hugo_symbol	SYTL2	1
by_gender	female	hugo_symbol	SYTL4	2
by_gender	female	hugo_symbol	SYTL5	2
by_gender	female	hugo_symbol	SZT2	2
by_gender	female	hugo_symbol	TAAR1	1
by_gender	female	hugo_symbol	TAAR2	1
by_gender	female	hugo_symbol	TAAR5	1
by_gender	female	hugo_symbol	TAAR6	1
by_gender	female	hugo_symbol	TAAR8	2
by_gender	female	hugo_symbol	TAB2	1
by_gender	female	hugo_symbol	TAB3	1
by_gender	female	hugo_symbol	TACC1	1
by_gender	female	hugo_symbol	TACC2	3
by_gender	female	hugo_symbol	TACR1	2
by_gender	female	hugo_symbol	TACR3	2
by_gender	female	hugo_symbol	TADA2A	1
by_gender	female	hugo_symbol	TAF1	3
by_gender	female	hugo_symbol	TAF15	2
by_gender	female	hugo_symbol	TAF1A	1
by_gender	female	hugo_symbol	TAF1B	2
by_gender	female	hugo_symbol	TAF1C	1
by_gender	female	hugo_symbol	TAF1D	1
by_gender	female	hugo_symbol	TAF1L	2
by_gender	female	hugo_symbol	TAF2	1
by_gender	female	hugo_symbol	TAF4	1
by_gender	female	hugo_symbol	TAF4B	1
by_gender	female	hugo_symbol	TAF5L	2
by_gender	female	hugo_symbol	TAF6L	3
by_gender	female	hugo_symbol	TAFA5	1
by_gender	female	hugo_symbol	TAGAP	3
by_gender	female	hugo_symbol	TAL2	1
by_gender	female	hugo_symbol	TANC1	5
by_gender	female	hugo_symbol	TANC2	2
by_gender	female	hugo_symbol	TAOK1	2
by_gender	female	hugo_symbol	TAOK2	4
by_gender	female	hugo_symbol	TAP1	1
by_gender	female	hugo_symbol	TAPBPL	1
by_gender	female	hugo_symbol	TARBP2	1
by_gender	female	hugo_symbol	TARS1	1
by_gender	female	hugo_symbol	TARS3	2
by_gender	female	hugo_symbol	TAS1R1	1
by_gender	female	hugo_symbol	TAS1R2	3
by_gender	female	hugo_symbol	TAS1R3	1
by_gender	female	hugo_symbol	TAS2R1	1
by_gender	female	hugo_symbol	TAS2R10	1
by_gender	female	hugo_symbol	TAS2R16	2
by_gender	female	hugo_symbol	TAS2R3	1
by_gender	female	hugo_symbol	TAS2R38	3
by_gender	female	hugo_symbol	TAS2R41	1
by_gender	female	hugo_symbol	TAS2R42	1
by_gender	female	hugo_symbol	TAS2R50	1
by_gender	female	hugo_symbol	TAS2R60	1
by_gender	female	hugo_symbol	TAS2R9	1
by_gender	female	hugo_symbol	TASOR	1
by_gender	female	hugo_symbol	TASOR2	6
by_gender	female	hugo_symbol	TATDN2	2
by_gender	female	hugo_symbol	TAX1BP1	1
by_gender	female	hugo_symbol	TAZ	1
by_gender	female	hugo_symbol	TBC1D10A	1
by_gender	female	hugo_symbol	TBC1D10B	1
by_gender	female	hugo_symbol	TBC1D12	1
by_gender	female	hugo_symbol	TBC1D14	1
by_gender	female	hugo_symbol	TBC1D15	1
by_gender	female	hugo_symbol	TBC1D17	1
by_gender	female	hugo_symbol	TBC1D2	1
by_gender	female	hugo_symbol	TBC1D22A	1
by_gender	female	hugo_symbol	TBC1D24	1
by_gender	female	hugo_symbol	TBC1D29P	1
by_gender	female	hugo_symbol	TBC1D2B	2
by_gender	female	hugo_symbol	TBC1D31	1
by_gender	female	hugo_symbol	TBC1D32	1
by_gender	female	hugo_symbol	TBC1D5	1
by_gender	female	hugo_symbol	TBC1D8	3
by_gender	female	hugo_symbol	TBC1D9	2
by_gender	female	hugo_symbol	TBC1D9B	3
by_gender	female	hugo_symbol	TBCC	1
by_gender	female	hugo_symbol	TBCD	1
by_gender	female	hugo_symbol	TBCK	2
by_gender	female	hugo_symbol	TBL2	1
by_gender	female	hugo_symbol	TBP	1
by_gender	female	hugo_symbol	TBR1	1
by_gender	female	hugo_symbol	TBRG4	1
by_gender	female	hugo_symbol	TBX1	1
by_gender	female	hugo_symbol	TBX10	1
by_gender	female	hugo_symbol	TBX15	2
by_gender	female	hugo_symbol	TBX20	1
by_gender	female	hugo_symbol	TBX22	1
by_gender	female	hugo_symbol	TBX3	1
by_gender	female	hugo_symbol	TBX4	1
by_gender	female	hugo_symbol	TBX6	1
by_gender	female	hugo_symbol	TBXA2R	1
by_gender	female	hugo_symbol	TBXAS1	1
by_gender	female	hugo_symbol	TC2N	1
by_gender	female	hugo_symbol	TCEA2	1
by_gender	female	hugo_symbol	TCEAL2	1
by_gender	female	hugo_symbol	TCERG1	5
by_gender	female	hugo_symbol	TCERG1L	2
by_gender	female	hugo_symbol	TCF19	1
by_gender	female	hugo_symbol	TCF20	2
by_gender	female	hugo_symbol	TCF25	3
by_gender	female	hugo_symbol	TCF3	1
by_gender	female	hugo_symbol	TCF4	4
by_gender	female	hugo_symbol	TCF7	1
by_gender	female	hugo_symbol	TCF7L1	1
by_gender	female	hugo_symbol	TCF7L2	1
by_gender	female	hugo_symbol	TCHH	3
by_gender	female	hugo_symbol	TCHHL1	1
by_gender	female	hugo_symbol	TCIRG1	1
by_gender	female	hugo_symbol	TCN1	2
by_gender	female	hugo_symbol	TCN2	3
by_gender	female	hugo_symbol	TCP1	1
by_gender	female	hugo_symbol	TCP10L3	1
by_gender	female	hugo_symbol	TCTE1	1
by_gender	female	hugo_symbol	TCTEX1D1	2
by_gender	female	hugo_symbol	TCTN1	1
by_gender	female	hugo_symbol	TDG	1
by_gender	female	hugo_symbol	TDO2	1
by_gender	female	hugo_symbol	TDP2	1
by_gender	female	hugo_symbol	TDRD1	1
by_gender	female	hugo_symbol	TDRD10	1
by_gender	female	hugo_symbol	TDRD5	2
by_gender	female	hugo_symbol	TDRD6	1
by_gender	female	hugo_symbol	TDRD9	1
by_gender	female	hugo_symbol	TEAD2	2
by_gender	female	hugo_symbol	TEAD3	1
by_gender	female	hugo_symbol	TEAD4	2
by_gender	female	hugo_symbol	TEC	2
by_gender	female	hugo_symbol	TECPR2	1
by_gender	female	hugo_symbol	TECR	1
by_gender	female	hugo_symbol	TECTA	5
by_gender	female	hugo_symbol	TECTB	3
by_gender	female	hugo_symbol	TEFM	1
by_gender	female	hugo_symbol	TEK	2
by_gender	female	hugo_symbol	TEKT1	1
by_gender	female	hugo_symbol	TEKT2	1
by_gender	female	hugo_symbol	TEKT4	2
by_gender	female	hugo_symbol	TEKT5	1
by_gender	female	hugo_symbol	TELO2	1
by_gender	female	hugo_symbol	TENM1	4
by_gender	female	hugo_symbol	TENM2	4
by_gender	female	hugo_symbol	TENM3	6
by_gender	female	hugo_symbol	TENM4	4
by_gender	female	hugo_symbol	TENT5B	1
by_gender	female	hugo_symbol	TEP1	3
by_gender	female	hugo_symbol	TERF2IP	1
by_gender	female	hugo_symbol	TERT	4
by_gender	female	hugo_symbol	TESC	2
by_gender	female	hugo_symbol	TESMIN	1
by_gender	female	hugo_symbol	TET1	5
by_gender	female	hugo_symbol	TET2	1
by_gender	female	hugo_symbol	TET3	3
by_gender	female	hugo_symbol	TEX10	1
by_gender	female	hugo_symbol	TEX11	2
by_gender	female	hugo_symbol	TEX13A	1
by_gender	female	hugo_symbol	TEX13B	1
by_gender	female	hugo_symbol	TEX14	1
by_gender	female	hugo_symbol	TEX15	5
by_gender	female	hugo_symbol	TEX2	4
by_gender	female	hugo_symbol	TEX29	1
by_gender	female	hugo_symbol	TEX35	1
by_gender	female	hugo_symbol	TEX43	1
by_gender	female	hugo_symbol	TEX44	1
by_gender	female	hugo_symbol	TEX45	1
by_gender	female	hugo_symbol	TFAP2B	1
by_gender	female	hugo_symbol	TFAP2C	1
by_gender	female	hugo_symbol	TFAP2E	1
by_gender	female	hugo_symbol	TFB2M	2
by_gender	female	hugo_symbol	TFCP2	2
by_gender	female	hugo_symbol	TFCP2L1	1
by_gender	female	hugo_symbol	TFEC	2
by_gender	female	hugo_symbol	TFG	2
by_gender	female	hugo_symbol	TFIP11	1
by_gender	female	hugo_symbol	TFPI	2
by_gender	female	hugo_symbol	TG	2
by_gender	female	hugo_symbol	TGFB1	1
by_gender	female	hugo_symbol	TGFBI	1
by_gender	female	hugo_symbol	TGFBR1	1
by_gender	female	hugo_symbol	TGFBR2	6
by_gender	female	hugo_symbol	TGFBRAP1	1
by_gender	female	hugo_symbol	TGIF2LX	1
by_gender	female	hugo_symbol	TGM1	1
by_gender	female	hugo_symbol	TGM4	1
by_gender	female	hugo_symbol	TGM5	1
by_gender	female	hugo_symbol	TGM6	2
by_gender	female	hugo_symbol	TGM7	3
by_gender	female	hugo_symbol	THADA	3
by_gender	female	hugo_symbol	THAP12	1
by_gender	female	hugo_symbol	THAP2	1
by_gender	female	hugo_symbol	THAP3	2
by_gender	female	hugo_symbol	THAP4	1
by_gender	female	hugo_symbol	THAP7	1
by_gender	female	hugo_symbol	THAP9	2
by_gender	female	hugo_symbol	THBD	2
by_gender	female	hugo_symbol	THBS2	4
by_gender	female	hugo_symbol	THBS3	1
by_gender	female	hugo_symbol	THBS4	2
by_gender	female	hugo_symbol	THEG	2
by_gender	female	hugo_symbol	THEMIS	3
by_gender	female	hugo_symbol	THG1L	1
by_gender	female	hugo_symbol	THNSL2	1
by_gender	female	hugo_symbol	THOC1	1
by_gender	female	hugo_symbol	THOC2	1
by_gender	female	hugo_symbol	THOC5	3
by_gender	female	hugo_symbol	THOC6	1
by_gender	female	hugo_symbol	THOC7	1
by_gender	female	hugo_symbol	THOP1	1
by_gender	female	hugo_symbol	THPO	1
by_gender	female	hugo_symbol	THRAP3	1
by_gender	female	hugo_symbol	THRB	1
by_gender	female	hugo_symbol	THSD1	1
by_gender	female	hugo_symbol	THSD4	1
by_gender	female	hugo_symbol	THSD7A	4
by_gender	female	hugo_symbol	THSD7B	2
by_gender	female	hugo_symbol	TIAF1	1
by_gender	female	hugo_symbol	TIAL1	1
by_gender	female	hugo_symbol	TIAM1	3
by_gender	female	hugo_symbol	TICAM1	1
by_gender	female	hugo_symbol	TICRR	1
by_gender	female	hugo_symbol	TIE1	3
by_gender	female	hugo_symbol	TIGD2	1
by_gender	female	hugo_symbol	TIGD5	2
by_gender	female	hugo_symbol	TIGD6	2
by_gender	female	hugo_symbol	TIGIT	1
by_gender	female	hugo_symbol	TIMD4	1
by_gender	female	hugo_symbol	TIMELESS	2
by_gender	female	hugo_symbol	TIMM10B	1
by_gender	female	hugo_symbol	TIMM22	1
by_gender	female	hugo_symbol	TIMM44	1
by_gender	female	hugo_symbol	TIMM50	2
by_gender	female	hugo_symbol	TINAG	3
by_gender	female	hugo_symbol	TINF2	1
by_gender	female	hugo_symbol	TIPARP	1
by_gender	female	hugo_symbol	TIPIN	1
by_gender	female	hugo_symbol	TIPRL	1
by_gender	female	hugo_symbol	TJP1	4
by_gender	female	hugo_symbol	TJP2	2
by_gender	female	hugo_symbol	TJP3	1
by_gender	female	hugo_symbol	TKT	1
by_gender	female	hugo_symbol	TLDC2	1
by_gender	female	hugo_symbol	TLE1	1
by_gender	female	hugo_symbol	TLE2	1
by_gender	female	hugo_symbol	TLE3	2
by_gender	female	hugo_symbol	TLE4	3
by_gender	female	hugo_symbol	TLE6	2
by_gender	female	hugo_symbol	TLK2	2
by_gender	female	hugo_symbol	TLL2	1
by_gender	female	hugo_symbol	TLN1	7
by_gender	female	hugo_symbol	TLN2	2
by_gender	female	hugo_symbol	TLNRD1	1
by_gender	female	hugo_symbol	TLR1	2
by_gender	female	hugo_symbol	TLR2	1
by_gender	female	hugo_symbol	TLR3	2
by_gender	female	hugo_symbol	TLR5	3
by_gender	female	hugo_symbol	TLR6	1
by_gender	female	hugo_symbol	TLR8	1
by_gender	female	hugo_symbol	TLR9	2
by_gender	female	hugo_symbol	TLX2	1
by_gender	female	hugo_symbol	TM4SF18	1
by_gender	female	hugo_symbol	TM7SF3	2
by_gender	female	hugo_symbol	TM9SF2	1
by_gender	female	hugo_symbol	TM9SF3	2
by_gender	female	hugo_symbol	TMA16	1
by_gender	female	hugo_symbol	TMBIM1	1
by_gender	female	hugo_symbol	TMBIM4	1
by_gender	female	hugo_symbol	TMC2	2
by_gender	female	hugo_symbol	TMC3	1
by_gender	female	hugo_symbol	TMC4	1
by_gender	female	hugo_symbol	TMC6	2
by_gender	female	hugo_symbol	TMC7	1
by_gender	female	hugo_symbol	TMC8	1
by_gender	female	hugo_symbol	TMCC1	2
by_gender	female	hugo_symbol	TMCC3	1
by_gender	female	hugo_symbol	TMCO1	1
by_gender	female	hugo_symbol	TMCO2	1
by_gender	female	hugo_symbol	TMCO4	2
by_gender	female	hugo_symbol	TMED10	1
by_gender	female	hugo_symbol	TMED7	1
by_gender	female	hugo_symbol	TMED7-TICAM2	1
by_gender	female	hugo_symbol	TMED8	1
by_gender	female	hugo_symbol	TMEFF1	1
by_gender	female	hugo_symbol	TMEM104	1
by_gender	female	hugo_symbol	TMEM106C	1
by_gender	female	hugo_symbol	TMEM121	1
by_gender	female	hugo_symbol	TMEM121B	1
by_gender	female	hugo_symbol	TMEM128	1
by_gender	female	hugo_symbol	TMEM131	5
by_gender	female	hugo_symbol	TMEM131L	2
by_gender	female	hugo_symbol	TMEM132A	2
by_gender	female	hugo_symbol	TMEM132B	3
by_gender	female	hugo_symbol	TMEM132D	1
by_gender	female	hugo_symbol	TMEM132E	4
by_gender	female	hugo_symbol	TMEM140	1
by_gender	female	hugo_symbol	TMEM150A	1
by_gender	female	hugo_symbol	TMEM150B	1
by_gender	female	hugo_symbol	TMEM150C	1
by_gender	female	hugo_symbol	TMEM159	1
by_gender	female	hugo_symbol	TMEM161B	1
by_gender	female	hugo_symbol	TMEM164	1
by_gender	female	hugo_symbol	TMEM165	1
by_gender	female	hugo_symbol	TMEM168	2
by_gender	female	hugo_symbol	TMEM170A	1
by_gender	female	hugo_symbol	TMEM171	1
by_gender	female	hugo_symbol	TMEM174	1
by_gender	female	hugo_symbol	TMEM175	3
by_gender	female	hugo_symbol	TMEM177	1
by_gender	female	hugo_symbol	TMEM179	1
by_gender	female	hugo_symbol	TMEM179B	1
by_gender	female	hugo_symbol	TMEM182	3
by_gender	female	hugo_symbol	TMEM183B	1
by_gender	female	hugo_symbol	TMEM184A	2
by_gender	female	hugo_symbol	TMEM185A	1
by_gender	female	hugo_symbol	TMEM187	2
by_gender	female	hugo_symbol	TMEM19	1
by_gender	female	hugo_symbol	TMEM192	1
by_gender	female	hugo_symbol	TMEM196	1
by_gender	female	hugo_symbol	TMEM198	3
by_gender	female	hugo_symbol	TMEM200A	2
by_gender	female	hugo_symbol	TMEM200B	1
by_gender	female	hugo_symbol	TMEM200C	1
by_gender	female	hugo_symbol	TMEM208	1
by_gender	female	hugo_symbol	TMEM214	2
by_gender	female	hugo_symbol	TMEM215	1
by_gender	female	hugo_symbol	TMEM225	3
by_gender	female	hugo_symbol	TMEM236	1
by_gender	female	hugo_symbol	TMEM237	1
by_gender	female	hugo_symbol	TMEM255A	1
by_gender	female	hugo_symbol	TMEM259	1
by_gender	female	hugo_symbol	TMEM266	1
by_gender	female	hugo_symbol	TMEM267	1
by_gender	female	hugo_symbol	TMEM268	1
by_gender	female	hugo_symbol	TMEM270	1
by_gender	female	hugo_symbol	TMEM38A	1
by_gender	female	hugo_symbol	TMEM39A	2
by_gender	female	hugo_symbol	TMEM39B	1
by_gender	female	hugo_symbol	TMEM41A	1
by_gender	female	hugo_symbol	TMEM45A	1
by_gender	female	hugo_symbol	TMEM51	1
by_gender	female	hugo_symbol	TMEM52	1
by_gender	female	hugo_symbol	TMEM52B	1
by_gender	female	hugo_symbol	TMEM53	1
by_gender	female	hugo_symbol	TMEM54	1
by_gender	female	hugo_symbol	TMEM59	1
by_gender	female	hugo_symbol	TMEM63B	1
by_gender	female	hugo_symbol	TMEM64	1
by_gender	female	hugo_symbol	TMEM86A	2
by_gender	female	hugo_symbol	TMEM87A	1
by_gender	female	hugo_symbol	TMEM91	1
by_gender	female	hugo_symbol	TMEM94	3
by_gender	female	hugo_symbol	TMEM95	3
by_gender	female	hugo_symbol	TMEM97	1
by_gender	female	hugo_symbol	TMEM98	2
by_gender	female	hugo_symbol	TMF1	1
by_gender	female	hugo_symbol	TMIGD2	1
by_gender	female	hugo_symbol	TMPO	2
by_gender	female	hugo_symbol	TMPRSS11D	1
by_gender	female	hugo_symbol	TMPRSS11E	2
by_gender	female	hugo_symbol	TMPRSS11F	2
by_gender	female	hugo_symbol	TMPRSS15	1
by_gender	female	hugo_symbol	TMPRSS3	2
by_gender	female	hugo_symbol	TMPRSS4	1
by_gender	female	hugo_symbol	TMPRSS6	3
by_gender	female	hugo_symbol	TMPRSS7	1
by_gender	female	hugo_symbol	TMPRSS9	3
by_gender	female	hugo_symbol	TMSB10	1
by_gender	female	hugo_symbol	TMTC1	3
by_gender	female	hugo_symbol	TMTC2	1
by_gender	female	hugo_symbol	TMTC3	1
by_gender	female	hugo_symbol	TMTC4	2
by_gender	female	hugo_symbol	TMUB2	1
by_gender	female	hugo_symbol	TMX2	1
by_gender	female	hugo_symbol	TMX4	2
by_gender	female	hugo_symbol	TNC	8
by_gender	female	hugo_symbol	TNFAIP3	1
by_gender	female	hugo_symbol	TNFAIP8L2	1
by_gender	female	hugo_symbol	TNFAIP8L3	1
by_gender	female	hugo_symbol	TNFRSF10A	1
by_gender	female	hugo_symbol	TNFRSF10B	2
by_gender	female	hugo_symbol	TNFRSF11A	2
by_gender	female	hugo_symbol	TNFRSF11B	1
by_gender	female	hugo_symbol	TNFRSF12A	1
by_gender	female	hugo_symbol	TNFRSF13B	1
by_gender	female	hugo_symbol	TNFRSF19	2
by_gender	female	hugo_symbol	TNFRSF1A	1
by_gender	female	hugo_symbol	TNFRSF1B	1
by_gender	female	hugo_symbol	TNFSF12-TNFSF13	1
by_gender	female	hugo_symbol	TNFSF14	1
by_gender	female	hugo_symbol	TNFSF8	3
by_gender	female	hugo_symbol	TNIK	3
by_gender	female	hugo_symbol	TNIP2	1
by_gender	female	hugo_symbol	TNIP3	2
by_gender	female	hugo_symbol	TNK1	1
by_gender	female	hugo_symbol	TNKS	4
by_gender	female	hugo_symbol	TNKS1BP1	2
by_gender	female	hugo_symbol	TNKS2	1
by_gender	female	hugo_symbol	TNN	2
by_gender	female	hugo_symbol	TNNC1	2
by_gender	female	hugo_symbol	TNNC2	1
by_gender	female	hugo_symbol	TNNI1	1
by_gender	female	hugo_symbol	TNNI3	1
by_gender	female	hugo_symbol	TNNT2	2
by_gender	female	hugo_symbol	TNNT3	1
by_gender	female	hugo_symbol	TNP2	1
by_gender	female	hugo_symbol	TNR	4
by_gender	female	hugo_symbol	TNRC18	3
by_gender	female	hugo_symbol	TNRC6C	2
by_gender	female	hugo_symbol	TNS1	3
by_gender	female	hugo_symbol	TNS2	1
by_gender	female	hugo_symbol	TNS3	4
by_gender	female	hugo_symbol	TNXB	4
by_gender	female	hugo_symbol	TOE1	1
by_gender	female	hugo_symbol	TOGARAM1	4
by_gender	female	hugo_symbol	TOGARAM2	1
by_gender	female	hugo_symbol	TOM1L1	1
by_gender	female	hugo_symbol	TOMM34	1
by_gender	female	hugo_symbol	TOMM70	1
by_gender	female	hugo_symbol	TONSL	1
by_gender	female	hugo_symbol	TOP2B	3
by_gender	female	hugo_symbol	TOP3A	3
by_gender	female	hugo_symbol	TOPBP1	4
by_gender	female	hugo_symbol	TOPORS	3
by_gender	female	hugo_symbol	TOR1AIP2	1
by_gender	female	hugo_symbol	TOX2	2
by_gender	female	hugo_symbol	TOX3	1
by_gender	female	hugo_symbol	TOX4	1
by_gender	female	hugo_symbol	TP53	41
by_gender	female	hugo_symbol	TP53BP1	3
by_gender	female	hugo_symbol	TP53BP2	1
by_gender	female	hugo_symbol	TP53I13	1
by_gender	female	hugo_symbol	TP53TG5	1
by_gender	female	hugo_symbol	TP63	1
by_gender	female	hugo_symbol	TP73-AS1	1
by_gender	female	hugo_symbol	TPCN1	1
by_gender	female	hugo_symbol	TPCN2	1
by_gender	female	hugo_symbol	TPD52	1
by_gender	female	hugo_symbol	TPD52L2	1
by_gender	female	hugo_symbol	TPGS2	1
by_gender	female	hugo_symbol	TPH1	2
by_gender	female	hugo_symbol	TPH2	2
by_gender	female	hugo_symbol	TPI1	2
by_gender	female	hugo_symbol	TPK1	1
by_gender	female	hugo_symbol	TPM2	1
by_gender	female	hugo_symbol	TPO	6
by_gender	female	hugo_symbol	TPP1	2
by_gender	female	hugo_symbol	TPP2	2
by_gender	female	hugo_symbol	TPPP	1
by_gender	female	hugo_symbol	TPR	1
by_gender	female	hugo_symbol	TPRA1	1
by_gender	female	hugo_symbol	TPRG1	1
by_gender	female	hugo_symbol	TPSAB1	1
by_gender	female	hugo_symbol	TPSD1	1
by_gender	female	hugo_symbol	TPTE	1
by_gender	female	hugo_symbol	TPTE2	1
by_gender	female	hugo_symbol	TPX2	2
by_gender	female	hugo_symbol	TRA2A	1
by_gender	female	hugo_symbol	TRADD	1
by_gender	female	hugo_symbol	TRAF2	1
by_gender	female	hugo_symbol	TRAF3	1
by_gender	female	hugo_symbol	TRAF3IP1	2
by_gender	female	hugo_symbol	TRAF5	1
by_gender	female	hugo_symbol	TRAF7	1
by_gender	female	hugo_symbol	TRAFD1	1
by_gender	female	hugo_symbol	TRAIP	1
by_gender	female	hugo_symbol	TRAK1	3
by_gender	female	hugo_symbol	TRAK2	3
by_gender	female	hugo_symbol	TRAM1	1
by_gender	female	hugo_symbol	TRAM1L1	1
by_gender	female	hugo_symbol	TRANK1	5
by_gender	female	hugo_symbol	TRAP1	3
by_gender	female	hugo_symbol	TRAPPC10	2
by_gender	female	hugo_symbol	TRAPPC11	1
by_gender	female	hugo_symbol	TRAPPC2L	1
by_gender	female	hugo_symbol	TRAPPC5	1
by_gender	female	hugo_symbol	TRAPPC8	1
by_gender	female	hugo_symbol	TRAPPC9	1
by_gender	female	hugo_symbol	TRAV12-3	1
by_gender	female	hugo_symbol	TRAV13-1	1
by_gender	female	hugo_symbol	TRAV16	1
by_gender	female	hugo_symbol	TRAV18	1
by_gender	female	hugo_symbol	TRAV27	2
by_gender	female	hugo_symbol	TRAV4	1
by_gender	female	hugo_symbol	TRBC2	1
by_gender	female	hugo_symbol	TRDMT1	1
by_gender	female	hugo_symbol	TREML2	1
by_gender	female	hugo_symbol	TREML4	1
by_gender	female	hugo_symbol	TRERF1	2
by_gender	female	hugo_symbol	TRH	1
by_gender	female	hugo_symbol	TRHDE	2
by_gender	female	hugo_symbol	TRHR	1
by_gender	female	hugo_symbol	TRIB2	1
by_gender	female	hugo_symbol	TRIB3	1
by_gender	female	hugo_symbol	TRIM14	2
by_gender	female	hugo_symbol	TRIM17	1
by_gender	female	hugo_symbol	TRIM2	3
by_gender	female	hugo_symbol	TRIM24	1
by_gender	female	hugo_symbol	TRIM26	2
by_gender	female	hugo_symbol	TRIM3	1
by_gender	female	hugo_symbol	TRIM32	2
by_gender	female	hugo_symbol	TRIM33	1
by_gender	female	hugo_symbol	TRIM35	1
by_gender	female	hugo_symbol	TRIM36	5
by_gender	female	hugo_symbol	TRIM37	2
by_gender	female	hugo_symbol	TRIM38	1
by_gender	female	hugo_symbol	TRIM39	1
by_gender	female	hugo_symbol	TRIM4	1
by_gender	female	hugo_symbol	TRIM41	1
by_gender	female	hugo_symbol	TRIM42	1
by_gender	female	hugo_symbol	TRIM45	1
by_gender	female	hugo_symbol	TRIM46	2
by_gender	female	hugo_symbol	TRIM47	1
by_gender	female	hugo_symbol	TRIM49	2
by_gender	female	hugo_symbol	TRIM5	1
by_gender	female	hugo_symbol	TRIM50	1
by_gender	female	hugo_symbol	TRIM51	2
by_gender	female	hugo_symbol	TRIM52	1
by_gender	female	hugo_symbol	TRIM54	1
by_gender	female	hugo_symbol	TRIM55	1
by_gender	female	hugo_symbol	TRIM58	1
by_gender	female	hugo_symbol	TRIM60	1
by_gender	female	hugo_symbol	TRIM68	1
by_gender	female	hugo_symbol	TRIM69	1
by_gender	female	hugo_symbol	TRIM73	1
by_gender	female	hugo_symbol	TRIM75P	2
by_gender	female	hugo_symbol	TRIM8	1
by_gender	female	hugo_symbol	TRIML2	1
by_gender	female	hugo_symbol	TRIO	7
by_gender	female	hugo_symbol	TRIP10	1
by_gender	female	hugo_symbol	TRIP11	3
by_gender	female	hugo_symbol	TRIP12	2
by_gender	female	hugo_symbol	TRIP6	2
by_gender	female	hugo_symbol	TRIR	1
by_gender	female	hugo_symbol	TRMT10A	1
by_gender	female	hugo_symbol	TRMT10B	1
by_gender	female	hugo_symbol	TRMT10C	1
by_gender	female	hugo_symbol	TRMT2A	1
by_gender	female	hugo_symbol	TRMT5	1
by_gender	female	hugo_symbol	TRMT6	1
by_gender	female	hugo_symbol	TRMT61A	1
by_gender	female	hugo_symbol	TRMT61B	2
by_gender	female	hugo_symbol	TRNAU1AP	1
by_gender	female	hugo_symbol	TRO	3
by_gender	female	hugo_symbol	TROAP	1
by_gender	female	hugo_symbol	TRPA1	1
by_gender	female	hugo_symbol	TRPC1	2
by_gender	female	hugo_symbol	TRPC4	2
by_gender	female	hugo_symbol	TRPC5	2
by_gender	female	hugo_symbol	TRPC6	5
by_gender	female	hugo_symbol	TRPC7	4
by_gender	female	hugo_symbol	TRPM1	3
by_gender	female	hugo_symbol	TRPM2	2
by_gender	female	hugo_symbol	TRPM3	6
by_gender	female	hugo_symbol	TRPM4	2
by_gender	female	hugo_symbol	TRPM5	1
by_gender	female	hugo_symbol	TRPM6	6
by_gender	female	hugo_symbol	TRPM7	1
by_gender	female	hugo_symbol	TRPS1	4
by_gender	female	hugo_symbol	TRPV1	2
by_gender	female	hugo_symbol	TRPV2	5
by_gender	female	hugo_symbol	TRPV3	1
by_gender	female	hugo_symbol	TRPV4	2
by_gender	female	hugo_symbol	TRPV6	4
by_gender	female	hugo_symbol	TRRAP	6
by_gender	female	hugo_symbol	TRUB2	1
by_gender	female	hugo_symbol	TSC1	1
by_gender	female	hugo_symbol	TSC2	5
by_gender	female	hugo_symbol	TSC22D1	1
by_gender	female	hugo_symbol	TSC22D3	1
by_gender	female	hugo_symbol	TSEN2	1
by_gender	female	hugo_symbol	TSEN54	2
by_gender	female	hugo_symbol	TSGA10	2
by_gender	female	hugo_symbol	TSHR	3
by_gender	female	hugo_symbol	TSHZ1	3
by_gender	female	hugo_symbol	TSHZ2	3
by_gender	female	hugo_symbol	TSHZ3	2
by_gender	female	hugo_symbol	TSKS	2
by_gender	female	hugo_symbol	TSLP	1
by_gender	female	hugo_symbol	TSN	1
by_gender	female	hugo_symbol	TSPAN10	1
by_gender	female	hugo_symbol	TSPAN11	1
by_gender	female	hugo_symbol	TSPAN13	1
by_gender	female	hugo_symbol	TSPAN17	1
by_gender	female	hugo_symbol	TSPAN18	1
by_gender	female	hugo_symbol	TSPAN4	1
by_gender	female	hugo_symbol	TSPAN5	1
by_gender	female	hugo_symbol	TSPAN9	1
by_gender	female	hugo_symbol	TSPEAR	1
by_gender	female	hugo_symbol	TSPOAP1	3
by_gender	female	hugo_symbol	TSPYL5	1
by_gender	female	hugo_symbol	TSSK1B	1
by_gender	female	hugo_symbol	TSSK2	1
by_gender	female	hugo_symbol	TSSK6	2
by_gender	female	hugo_symbol	TSTD2	1
by_gender	female	hugo_symbol	TTBK1	1
by_gender	female	hugo_symbol	TTBK2	5
by_gender	female	hugo_symbol	TTC14	1
by_gender	female	hugo_symbol	TTC16	2
by_gender	female	hugo_symbol	TTC17	2
by_gender	female	hugo_symbol	TTC21A	1
by_gender	female	hugo_symbol	TTC21B	2
by_gender	female	hugo_symbol	TTC23	1
by_gender	female	hugo_symbol	TTC24	1
by_gender	female	hugo_symbol	TTC25	2
by_gender	female	hugo_symbol	TTC3	4
by_gender	female	hugo_symbol	TTC30A	1
by_gender	female	hugo_symbol	TTC31	2
by_gender	female	hugo_symbol	TTC37	3
by_gender	female	hugo_symbol	TTC39C	1
by_gender	female	hugo_symbol	TTC5	1
by_gender	female	hugo_symbol	TTC7B	2
by_gender	female	hugo_symbol	TTC8	2
by_gender	female	hugo_symbol	TTC9	1
by_gender	female	hugo_symbol	TTF1	1
by_gender	female	hugo_symbol	TTF2	1
by_gender	female	hugo_symbol	TTI1	3
by_gender	female	hugo_symbol	TTK	2
by_gender	female	hugo_symbol	TTLL1	1
by_gender	female	hugo_symbol	TTLL10	1
by_gender	female	hugo_symbol	TTLL11	1
by_gender	female	hugo_symbol	TTLL13P	1
by_gender	female	hugo_symbol	TTLL4	1
by_gender	female	hugo_symbol	TTLL5	3
by_gender	female	hugo_symbol	TTLL6	1
by_gender	female	hugo_symbol	TTLL7	1
by_gender	female	hugo_symbol	TTLL8	3
by_gender	female	hugo_symbol	TTN	64
by_gender	female	hugo_symbol	TTPAL	1
by_gender	female	hugo_symbol	TTYH2	1
by_gender	female	hugo_symbol	TUB	1
by_gender	female	hugo_symbol	TUBA1A	1
by_gender	female	hugo_symbol	TUBA1B	1
by_gender	female	hugo_symbol	TUBA3C	2
by_gender	female	hugo_symbol	TUBA3D	2
by_gender	female	hugo_symbol	TUBA3E	1
by_gender	female	hugo_symbol	TUBA8	2
by_gender	female	hugo_symbol	TUBAL3	1
by_gender	female	hugo_symbol	TUBB1	3
by_gender	female	hugo_symbol	TUBB2B	2
by_gender	female	hugo_symbol	TUBB6	1
by_gender	female	hugo_symbol	TUBB8	1
by_gender	female	hugo_symbol	TUBE1	1
by_gender	female	hugo_symbol	TUBGCP3	2
by_gender	female	hugo_symbol	TUBGCP4	3
by_gender	female	hugo_symbol	TUBGCP6	3
by_gender	female	hugo_symbol	TUFT1	1
by_gender	female	hugo_symbol	TULP3	1
by_gender	female	hugo_symbol	TULP4	4
by_gender	female	hugo_symbol	TUT4	4
by_gender	female	hugo_symbol	TUT7	2
by_gender	female	hugo_symbol	TVP23B	1
by_gender	female	hugo_symbol	TWF1	1
by_gender	female	hugo_symbol	TWNK	1
by_gender	female	hugo_symbol	TXLNB	2
by_gender	female	hugo_symbol	TXLNG	1
by_gender	female	hugo_symbol	TXN	1
by_gender	female	hugo_symbol	TXNDC11	1
by_gender	female	hugo_symbol	TXNDC15	1
by_gender	female	hugo_symbol	TXNDC16	2
by_gender	female	hugo_symbol	TXNDC17	1
by_gender	female	hugo_symbol	TXNDC2	2
by_gender	female	hugo_symbol	TXNL1	1
by_gender	female	hugo_symbol	TXNRD2	2
by_gender	female	hugo_symbol	TXNRD3	2
by_gender	female	hugo_symbol	TYK2	1
by_gender	female	hugo_symbol	TYMS	1
by_gender	female	hugo_symbol	TYR	2
by_gender	female	hugo_symbol	TYW1	3
by_gender	female	hugo_symbol	TYW5	1
by_gender	female	hugo_symbol	U2SURP	2
by_gender	female	hugo_symbol	UACA	2
by_gender	female	hugo_symbol	UBA1	1
by_gender	female	hugo_symbol	UBA2	2
by_gender	female	hugo_symbol	UBA6	1
by_gender	female	hugo_symbol	UBA7	4
by_gender	female	hugo_symbol	UBAP2	3
by_gender	female	hugo_symbol	UBAP2L	1
by_gender	female	hugo_symbol	UBE2D1	1
by_gender	female	hugo_symbol	UBE2E1	1
by_gender	female	hugo_symbol	UBE2E3	1
by_gender	female	hugo_symbol	UBE2J1	1
by_gender	female	hugo_symbol	UBE2O	1
by_gender	female	hugo_symbol	UBE2S	1
by_gender	female	hugo_symbol	UBE2U	1
by_gender	female	hugo_symbol	UBE3A	2
by_gender	female	hugo_symbol	UBE3C	1
by_gender	female	hugo_symbol	UBE3D	1
by_gender	female	hugo_symbol	UBE4A	1
by_gender	female	hugo_symbol	UBE4B	2
by_gender	female	hugo_symbol	UBL3	1
by_gender	female	hugo_symbol	UBLCP1	2
by_gender	female	hugo_symbol	UBN2	3
by_gender	female	hugo_symbol	UBP1	1
by_gender	female	hugo_symbol	UBQLN1	3
by_gender	female	hugo_symbol	UBQLN3	3
by_gender	female	hugo_symbol	UBQLNL	3
by_gender	female	hugo_symbol	UBR1	1
by_gender	female	hugo_symbol	UBR2	5
by_gender	female	hugo_symbol	UBR4	6
by_gender	female	hugo_symbol	UBR5	4
by_gender	female	hugo_symbol	UBTD1	1
by_gender	female	hugo_symbol	UBTD2	2
by_gender	female	hugo_symbol	UBTF	1
by_gender	female	hugo_symbol	UBTFL2	1
by_gender	female	hugo_symbol	UBXN10	1
by_gender	female	hugo_symbol	UBXN2B	1
by_gender	female	hugo_symbol	UBXN4	1
by_gender	female	hugo_symbol	UBXN6	1
by_gender	female	hugo_symbol	UBXN8	1
by_gender	female	hugo_symbol	UCHL5	1
by_gender	female	hugo_symbol	UCMA	1
by_gender	female	hugo_symbol	UCN2	1
by_gender	female	hugo_symbol	UCP3	1
by_gender	female	hugo_symbol	UEVLD	1
by_gender	female	hugo_symbol	UFC1	1
by_gender	female	hugo_symbol	UFD1	1
by_gender	female	hugo_symbol	UFM1	2
by_gender	female	hugo_symbol	UFSP2	2
by_gender	female	hugo_symbol	UGCG	2
by_gender	female	hugo_symbol	UGDH	2
by_gender	female	hugo_symbol	UGGT1	1
by_gender	female	hugo_symbol	UGGT2	2
by_gender	female	hugo_symbol	UGP2	1
by_gender	female	hugo_symbol	UGT1A4	1
by_gender	female	hugo_symbol	UGT1A8	1
by_gender	female	hugo_symbol	UGT2B10	1
by_gender	female	hugo_symbol	UGT2B15	1
by_gender	female	hugo_symbol	UGT2B4	1
by_gender	female	hugo_symbol	UGT3A1	5
by_gender	female	hugo_symbol	UGT3A2	2
by_gender	female	hugo_symbol	UHMK1	1
by_gender	female	hugo_symbol	UHRF1	1
by_gender	female	hugo_symbol	UHRF1BP1	1
by_gender	female	hugo_symbol	UHRF1BP1L	1
by_gender	female	hugo_symbol	UHRF2	1
by_gender	female	hugo_symbol	ULK1	2
by_gender	female	hugo_symbol	ULK3	1
by_gender	female	hugo_symbol	ULK4	2
by_gender	female	hugo_symbol	UMOD	2
by_gender	female	hugo_symbol	UMODL1	1
by_gender	female	hugo_symbol	UMPS	2
by_gender	female	hugo_symbol	UNC13A	5
by_gender	female	hugo_symbol	UNC13B	1
by_gender	female	hugo_symbol	UNC13C	6
by_gender	female	hugo_symbol	UNC13D	1
by_gender	female	hugo_symbol	UNC45B	1
by_gender	female	hugo_symbol	UNC50	1
by_gender	female	hugo_symbol	UNC5A	1
by_gender	female	hugo_symbol	UNC5B	1
by_gender	female	hugo_symbol	UNC5C	2
by_gender	female	hugo_symbol	UNC5CL	3
by_gender	female	hugo_symbol	UNC5D	2
by_gender	female	hugo_symbol	UNC79	4
by_gender	female	hugo_symbol	UNC80	1
by_gender	female	hugo_symbol	UNC93A	1
by_gender	female	hugo_symbol	UPB1	1
by_gender	female	hugo_symbol	UPF2	1
by_gender	female	hugo_symbol	UPF3A	1
by_gender	female	hugo_symbol	UPF3B	1
by_gender	female	hugo_symbol	UPK1B	1
by_gender	female	hugo_symbol	UPP2	1
by_gender	female	hugo_symbol	UQCRB	1
by_gender	female	hugo_symbol	UQCRFS1	1
by_gender	female	hugo_symbol	URB2	1
by_gender	female	hugo_symbol	URI1	1
by_gender	female	hugo_symbol	UROC1	3
by_gender	female	hugo_symbol	USF3	1
by_gender	female	hugo_symbol	USH1C	2
by_gender	female	hugo_symbol	USH2A	12
by_gender	female	hugo_symbol	USHBP1	3
by_gender	female	hugo_symbol	USO1	2
by_gender	female	hugo_symbol	USP11	2
by_gender	female	hugo_symbol	USP12	1
by_gender	female	hugo_symbol	USP13	1
by_gender	female	hugo_symbol	USP14	1
by_gender	female	hugo_symbol	USP15	2
by_gender	female	hugo_symbol	USP16	2
by_gender	female	hugo_symbol	USP17L2	4
by_gender	female	hugo_symbol	USP19	2
by_gender	female	hugo_symbol	USP2	2
by_gender	female	hugo_symbol	USP20	1
by_gender	female	hugo_symbol	USP21	1
by_gender	female	hugo_symbol	USP24	2
by_gender	female	hugo_symbol	USP25	3
by_gender	female	hugo_symbol	USP26	1
by_gender	female	hugo_symbol	USP28	3
by_gender	female	hugo_symbol	USP29	1
by_gender	female	hugo_symbol	USP31	1
by_gender	female	hugo_symbol	USP32	5
by_gender	female	hugo_symbol	USP33	2
by_gender	female	hugo_symbol	USP34	2
by_gender	female	hugo_symbol	USP35	3
by_gender	female	hugo_symbol	USP36	1
by_gender	female	hugo_symbol	USP37	2
by_gender	female	hugo_symbol	USP38	1
by_gender	female	hugo_symbol	USP4	2
by_gender	female	hugo_symbol	USP40	2
by_gender	female	hugo_symbol	USP42	1
by_gender	female	hugo_symbol	USP44	1
by_gender	female	hugo_symbol	USP45	1
by_gender	female	hugo_symbol	USP46	1
by_gender	female	hugo_symbol	USP49	1
by_gender	female	hugo_symbol	USP53	1
by_gender	female	hugo_symbol	USP6	2
by_gender	female	hugo_symbol	USP6NL	2
by_gender	female	hugo_symbol	USP7	1
by_gender	female	hugo_symbol	USP8	1
by_gender	female	hugo_symbol	USP9X	2
by_gender	female	hugo_symbol	USPL1	2
by_gender	female	hugo_symbol	UTF1	1
by_gender	female	hugo_symbol	UTP11	1
by_gender	female	hugo_symbol	UTP14A	2
by_gender	female	hugo_symbol	UTP14C	2
by_gender	female	hugo_symbol	UTP15	1
by_gender	female	hugo_symbol	UTP20	1
by_gender	female	hugo_symbol	UTP25	2
by_gender	female	hugo_symbol	UTP3	1
by_gender	female	hugo_symbol	UTP4	1
by_gender	female	hugo_symbol	UTS2B	1
by_gender	female	hugo_symbol	UTS2R	1
by_gender	female	hugo_symbol	UVRAG	2
by_gender	female	hugo_symbol	VAC14	2
by_gender	female	hugo_symbol	VANGL1	1
by_gender	female	hugo_symbol	VAPB	1
by_gender	female	hugo_symbol	VARS1	1
by_gender	female	hugo_symbol	VARS2	1
by_gender	female	hugo_symbol	VAT1	1
by_gender	female	hugo_symbol	VAV1	5
by_gender	female	hugo_symbol	VAX1	1
by_gender	female	hugo_symbol	VAX2	1
by_gender	female	hugo_symbol	VCAN	6
by_gender	female	hugo_symbol	VCL	1
by_gender	female	hugo_symbol	VCPIP1	2
by_gender	female	hugo_symbol	VCX2	1
by_gender	female	hugo_symbol	VCX3B	1
by_gender	female	hugo_symbol	VDAC1	1
by_gender	female	hugo_symbol	VEPH1	4
by_gender	female	hugo_symbol	VGLL1	1
by_gender	female	hugo_symbol	VGLL2	1
by_gender	female	hugo_symbol	VGLL3	2
by_gender	female	hugo_symbol	VGLL4	1
by_gender	female	hugo_symbol	VHLL	1
by_gender	female	hugo_symbol	VIL1	1
by_gender	female	hugo_symbol	VIPR1	1
by_gender	female	hugo_symbol	VIPR2	1
by_gender	female	hugo_symbol	VIT	3
by_gender	female	hugo_symbol	VMO1	1
by_gender	female	hugo_symbol	VMP1	1
by_gender	female	hugo_symbol	VN1R10P	1
by_gender	female	hugo_symbol	VN1R2	2
by_gender	female	hugo_symbol	VN1R5	1
by_gender	female	hugo_symbol	VNN1	1
by_gender	female	hugo_symbol	VNN3	2
by_gender	female	hugo_symbol	VPREB1	1
by_gender	female	hugo_symbol	VPS13A	5
by_gender	female	hugo_symbol	VPS13B	5
by_gender	female	hugo_symbol	VPS13C	4
by_gender	female	hugo_symbol	VPS13D	5
by_gender	female	hugo_symbol	VPS18	1
by_gender	female	hugo_symbol	VPS25	1
by_gender	female	hugo_symbol	VPS26B	1
by_gender	female	hugo_symbol	VPS29	1
by_gender	female	hugo_symbol	VPS33B	1
by_gender	female	hugo_symbol	VPS35L	1
by_gender	female	hugo_symbol	VPS36	1
by_gender	female	hugo_symbol	VPS37A	3
by_gender	female	hugo_symbol	VPS39	1
by_gender	female	hugo_symbol	VPS4B	1
by_gender	female	hugo_symbol	VPS50	1
by_gender	female	hugo_symbol	VPS53	1
by_gender	female	hugo_symbol	VPS9D1	2
by_gender	female	hugo_symbol	VRK1	1
by_gender	female	hugo_symbol	VRTN	1
by_gender	female	hugo_symbol	VSIG1	1
by_gender	female	hugo_symbol	VSIG2	1
by_gender	female	hugo_symbol	VSIR	2
by_gender	female	hugo_symbol	VSNL1	1
by_gender	female	hugo_symbol	VSTM1	2
by_gender	female	hugo_symbol	VSTM4	1
by_gender	female	hugo_symbol	VTCN1	1
by_gender	female	hugo_symbol	VTI1A	1
by_gender	female	hugo_symbol	VWA3A	2
by_gender	female	hugo_symbol	VWA3B	3
by_gender	female	hugo_symbol	VWA5A	1
by_gender	female	hugo_symbol	VWA7	2
by_gender	female	hugo_symbol	VWA8	1
by_gender	female	hugo_symbol	VWC2	1
by_gender	female	hugo_symbol	VWCE	2
by_gender	female	hugo_symbol	VWF	4
by_gender	female	hugo_symbol	VXN	2
by_gender	female	hugo_symbol	WAC	2
by_gender	female	hugo_symbol	WARS1	2
by_gender	female	hugo_symbol	WASF1	1
by_gender	female	hugo_symbol	WASF2	1
by_gender	female	hugo_symbol	WASF4P	1
by_gender	female	hugo_symbol	WASHC2C	1
by_gender	female	hugo_symbol	WASHC5	1
by_gender	female	hugo_symbol	WASL	1
by_gender	female	hugo_symbol	WBP11	1
by_gender	female	hugo_symbol	WBP2NL	1
by_gender	female	hugo_symbol	WDCP	2
by_gender	female	hugo_symbol	WDFY2	1
by_gender	female	hugo_symbol	WDFY3	3
by_gender	female	hugo_symbol	WDHD1	2
by_gender	female	hugo_symbol	WDR1	2
by_gender	female	hugo_symbol	WDR11	3
by_gender	female	hugo_symbol	WDR17	4
by_gender	female	hugo_symbol	WDR19	1
by_gender	female	hugo_symbol	WDR24	3
by_gender	female	hugo_symbol	WDR25	1
by_gender	female	hugo_symbol	WDR26	2
by_gender	female	hugo_symbol	WDR27	1
by_gender	female	hugo_symbol	WDR3	1
by_gender	female	hugo_symbol	WDR31	1
by_gender	female	hugo_symbol	WDR33	4
by_gender	female	hugo_symbol	WDR35	1
by_gender	female	hugo_symbol	WDR37	2
by_gender	female	hugo_symbol	WDR4	1
by_gender	female	hugo_symbol	WDR41	1
by_gender	female	hugo_symbol	WDR43	2
by_gender	female	hugo_symbol	WDR47	3
by_gender	female	hugo_symbol	WDR48	4
by_gender	female	hugo_symbol	WDR49	1
by_gender	female	hugo_symbol	WDR55	2
by_gender	female	hugo_symbol	WDR5B	1
by_gender	female	hugo_symbol	WDR6	1
by_gender	female	hugo_symbol	WDR61	1
by_gender	female	hugo_symbol	WDR62	2
by_gender	female	hugo_symbol	WDR64	2
by_gender	female	hugo_symbol	WDR7	2
by_gender	female	hugo_symbol	WDR70	1
by_gender	female	hugo_symbol	WDR72	3
by_gender	female	hugo_symbol	WDR73	1
by_gender	female	hugo_symbol	WDR77	1
by_gender	female	hugo_symbol	WDR83	1
by_gender	female	hugo_symbol	WDR88	1
by_gender	female	hugo_symbol	WDR89	1
by_gender	female	hugo_symbol	WDR90	1
by_gender	female	hugo_symbol	WDR92	1
by_gender	female	hugo_symbol	WDSUB1	1
by_gender	female	hugo_symbol	WDTC1	1
by_gender	female	hugo_symbol	WEE2	4
by_gender	female	hugo_symbol	WFIKKN2	1
by_gender	female	hugo_symbol	WFS1	3
by_gender	female	hugo_symbol	WHAMM	1
by_gender	female	hugo_symbol	WHRN	1
by_gender	female	hugo_symbol	WIF1	2
by_gender	female	hugo_symbol	WIPF1	1
by_gender	female	hugo_symbol	WIPF2	1
by_gender	female	hugo_symbol	WIPI1	1
by_gender	female	hugo_symbol	WIPI2	2
by_gender	female	hugo_symbol	WIZ	2
by_gender	female	hugo_symbol	WNK1	1
by_gender	female	hugo_symbol	WNK2	3
by_gender	female	hugo_symbol	WNK4	2
by_gender	female	hugo_symbol	WNT1	1
by_gender	female	hugo_symbol	WNT11	1
by_gender	female	hugo_symbol	WNT2	2
by_gender	female	hugo_symbol	WNT2B	3
by_gender	female	hugo_symbol	WNT3A	2
by_gender	female	hugo_symbol	WNT6	1
by_gender	female	hugo_symbol	WNT7A	1
by_gender	female	hugo_symbol	WNT7B	1
by_gender	female	hugo_symbol	WNT8A	1
by_gender	female	hugo_symbol	WRAP73	1
by_gender	female	hugo_symbol	WRNIP1	2
by_gender	female	hugo_symbol	WSB2	2
by_gender	female	hugo_symbol	WSCD2	1
by_gender	female	hugo_symbol	WT1	1
by_gender	female	hugo_symbol	WTAP	1
by_gender	female	hugo_symbol	WTIP	1
by_gender	female	hugo_symbol	WWC1	3
by_gender	female	hugo_symbol	WWC2	1
by_gender	female	hugo_symbol	WWP1	1
by_gender	female	hugo_symbol	WWP2	1
by_gender	female	hugo_symbol	WWTR1	2
by_gender	female	hugo_symbol	XAB2	1
by_gender	female	hugo_symbol	XCR1	3
by_gender	female	hugo_symbol	XDH	5
by_gender	female	hugo_symbol	XIRP1	2
by_gender	female	hugo_symbol	XIRP2	9
by_gender	female	hugo_symbol	XIST	3
by_gender	female	hugo_symbol	XKR3	3
by_gender	female	hugo_symbol	XKR5	1
by_gender	female	hugo_symbol	XKR8	1
by_gender	female	hugo_symbol	XKR9	2
by_gender	female	hugo_symbol	XPC	2
by_gender	female	hugo_symbol	XPNPEP3	1
by_gender	female	hugo_symbol	XPO1	1
by_gender	female	hugo_symbol	XPO4	2
by_gender	female	hugo_symbol	XPO6	1
by_gender	female	hugo_symbol	XPO7	1
by_gender	female	hugo_symbol	XPOT	1
by_gender	female	hugo_symbol	XPR1	5
by_gender	female	hugo_symbol	XRCC1	1
by_gender	female	hugo_symbol	XRCC5	2
by_gender	female	hugo_symbol	XRCC6	1
by_gender	female	hugo_symbol	XRN1	3
by_gender	female	hugo_symbol	XRN2	3
by_gender	female	hugo_symbol	XRRA1	3
by_gender	female	hugo_symbol	XXYLT1	1
by_gender	female	hugo_symbol	XYLB	1
by_gender	female	hugo_symbol	XYLT1	3
by_gender	female	hugo_symbol	XYLT2	1
by_gender	female	hugo_symbol	YBX2	1
by_gender	female	hugo_symbol	YEATS2	1
by_gender	female	hugo_symbol	YES1	1
by_gender	female	hugo_symbol	YIF1A	1
by_gender	female	hugo_symbol	YIPF2	2
by_gender	female	hugo_symbol	YLPM1	1
by_gender	female	hugo_symbol	YME1L1	1
by_gender	female	hugo_symbol	YRDC	1
by_gender	female	hugo_symbol	YTHDC1	4
by_gender	female	hugo_symbol	YTHDC2	2
by_gender	female	hugo_symbol	YTHDF1	1
by_gender	female	hugo_symbol	YWHAE	1
by_gender	female	hugo_symbol	YWHAH	1
by_gender	female	hugo_symbol	YY1	1
by_gender	female	hugo_symbol	YY1AP1	3
by_gender	female	hugo_symbol	Y_RNA	1
by_gender	female	hugo_symbol	Z83844.2	2
by_gender	female	hugo_symbol	ZAN	3
by_gender	female	hugo_symbol	ZAP70	2
by_gender	female	hugo_symbol	ZAR1	1
by_gender	female	hugo_symbol	ZBBX	2
by_gender	female	hugo_symbol	ZBED1	4
by_gender	female	hugo_symbol	ZBED4	1
by_gender	female	hugo_symbol	ZBED8	1
by_gender	female	hugo_symbol	ZBED9	3
by_gender	female	hugo_symbol	ZBTB1	1
by_gender	female	hugo_symbol	ZBTB11	1
by_gender	female	hugo_symbol	ZBTB14	1
by_gender	female	hugo_symbol	ZBTB16	1
by_gender	female	hugo_symbol	ZBTB2	1
by_gender	female	hugo_symbol	ZBTB20	2
by_gender	female	hugo_symbol	ZBTB21	3
by_gender	female	hugo_symbol	ZBTB22	3
by_gender	female	hugo_symbol	ZBTB26	1
by_gender	female	hugo_symbol	ZBTB32	1
by_gender	female	hugo_symbol	ZBTB37	1
by_gender	female	hugo_symbol	ZBTB38	3
by_gender	female	hugo_symbol	ZBTB39	3
by_gender	female	hugo_symbol	ZBTB4	1
by_gender	female	hugo_symbol	ZBTB40	2
by_gender	female	hugo_symbol	ZBTB41	2
by_gender	female	hugo_symbol	ZBTB45	3
by_gender	female	hugo_symbol	ZBTB46	1
by_gender	female	hugo_symbol	ZBTB7B	1
by_gender	female	hugo_symbol	ZBTB8A	1
by_gender	female	hugo_symbol	ZC2HC1A	2
by_gender	female	hugo_symbol	ZC3H10	1
by_gender	female	hugo_symbol	ZC3H12A	2
by_gender	female	hugo_symbol	ZC3H12B	3
by_gender	female	hugo_symbol	ZC3H12C	2
by_gender	female	hugo_symbol	ZC3H13	1
by_gender	female	hugo_symbol	ZC3H14	2
by_gender	female	hugo_symbol	ZC3H15	1
by_gender	female	hugo_symbol	ZC3H18	1
by_gender	female	hugo_symbol	ZC3H4	2
by_gender	female	hugo_symbol	ZC3H6	1
by_gender	female	hugo_symbol	ZC3H7A	1
by_gender	female	hugo_symbol	ZC3H7B	5
by_gender	female	hugo_symbol	ZC3HC1	1
by_gender	female	hugo_symbol	ZCCHC14	1
by_gender	female	hugo_symbol	ZCCHC4	1
by_gender	female	hugo_symbol	ZCCHC7	1
by_gender	female	hugo_symbol	ZCCHC8	1
by_gender	female	hugo_symbol	ZCWPW1	2
by_gender	female	hugo_symbol	ZDBF2	5
by_gender	female	hugo_symbol	ZDHHC1	1
by_gender	female	hugo_symbol	ZDHHC17	1
by_gender	female	hugo_symbol	ZDHHC2	1
by_gender	female	hugo_symbol	ZDHHC22	1
by_gender	female	hugo_symbol	ZDHHC5	1
by_gender	female	hugo_symbol	ZDHHC6	1
by_gender	female	hugo_symbol	ZDHHC7	1
by_gender	female	hugo_symbol	ZDHHC8	1
by_gender	female	hugo_symbol	ZEB1	2
by_gender	female	hugo_symbol	ZEB2	4
by_gender	female	hugo_symbol	ZER1	1
by_gender	female	hugo_symbol	ZFAND5	1
by_gender	female	hugo_symbol	ZFAT	1
by_gender	female	hugo_symbol	ZFC3H1	5
by_gender	female	hugo_symbol	ZFHX3	7
by_gender	female	hugo_symbol	ZFHX4	7
by_gender	female	hugo_symbol	ZFP14	1
by_gender	female	hugo_symbol	ZFP28	2
by_gender	female	hugo_symbol	ZFP3	1
by_gender	female	hugo_symbol	ZFP41	1
by_gender	female	hugo_symbol	ZFP42	1
by_gender	female	hugo_symbol	ZFP57	2
by_gender	female	hugo_symbol	ZFP64	1
by_gender	female	hugo_symbol	ZFP69	1
by_gender	female	hugo_symbol	ZFP82	1
by_gender	female	hugo_symbol	ZFP91	3
by_gender	female	hugo_symbol	ZFPM2	3
by_gender	female	hugo_symbol	ZFX	1
by_gender	female	hugo_symbol	ZFYVE16	5
by_gender	female	hugo_symbol	ZFYVE26	4
by_gender	female	hugo_symbol	ZFYVE28	1
by_gender	female	hugo_symbol	ZFYVE9	3
by_gender	female	hugo_symbol	ZGRF1	4
by_gender	female	hugo_symbol	ZHX2	2
by_gender	female	hugo_symbol	ZHX3	2
by_gender	female	hugo_symbol	ZIC2	1
by_gender	female	hugo_symbol	ZIC4	5
by_gender	female	hugo_symbol	ZIC5	1
by_gender	female	hugo_symbol	ZIK1	1
by_gender	female	hugo_symbol	ZIM2	1
by_gender	female	hugo_symbol	ZIM3	1
by_gender	female	hugo_symbol	ZKSCAN2	3
by_gender	female	hugo_symbol	ZKSCAN3	1
by_gender	female	hugo_symbol	ZKSCAN4	4
by_gender	female	hugo_symbol	ZKSCAN7	2
by_gender	female	hugo_symbol	ZKSCAN8	2
by_gender	female	hugo_symbol	ZMAT1	2
by_gender	female	hugo_symbol	ZMAT3	2
by_gender	female	hugo_symbol	ZMIZ2	1
by_gender	female	hugo_symbol	ZMPSTE24	2
by_gender	female	hugo_symbol	ZMYM2	2
by_gender	female	hugo_symbol	ZMYM3	2
by_gender	female	hugo_symbol	ZMYM4	1
by_gender	female	hugo_symbol	ZMYM5	1
by_gender	female	hugo_symbol	ZMYND10	1
by_gender	female	hugo_symbol	ZMYND11	2
by_gender	female	hugo_symbol	ZMYND12	1
by_gender	female	hugo_symbol	ZMYND19	1
by_gender	female	hugo_symbol	ZMYND8	2
by_gender	female	hugo_symbol	ZNF10	1
by_gender	female	hugo_symbol	ZNF100	1
by_gender	female	hugo_symbol	ZNF101	2
by_gender	female	hugo_symbol	ZNF106	3
by_gender	female	hugo_symbol	ZNF107	1
by_gender	female	hugo_symbol	ZNF112	1
by_gender	female	hugo_symbol	ZNF114	1
by_gender	female	hugo_symbol	ZNF117	1
by_gender	female	hugo_symbol	ZNF12	1
by_gender	female	hugo_symbol	ZNF124	1
by_gender	female	hugo_symbol	ZNF131	2
by_gender	female	hugo_symbol	ZNF132	1
by_gender	female	hugo_symbol	ZNF133	1
by_gender	female	hugo_symbol	ZNF135	2
by_gender	female	hugo_symbol	ZNF136	2
by_gender	female	hugo_symbol	ZNF137P	1
by_gender	female	hugo_symbol	ZNF141	4
by_gender	female	hugo_symbol	ZNF142	2
by_gender	female	hugo_symbol	ZNF148	1
by_gender	female	hugo_symbol	ZNF155	1
by_gender	female	hugo_symbol	ZNF16	1
by_gender	female	hugo_symbol	ZNF160	1
by_gender	female	hugo_symbol	ZNF17	1
by_gender	female	hugo_symbol	ZNF174	1
by_gender	female	hugo_symbol	ZNF175	2
by_gender	female	hugo_symbol	ZNF18	1
by_gender	female	hugo_symbol	ZNF180	1
by_gender	female	hugo_symbol	ZNF184	5
by_gender	female	hugo_symbol	ZNF189	1
by_gender	female	hugo_symbol	ZNF19	2
by_gender	female	hugo_symbol	ZNF195	2
by_gender	female	hugo_symbol	ZNF2	1
by_gender	female	hugo_symbol	ZNF202	2
by_gender	female	hugo_symbol	ZNF207	1
by_gender	female	hugo_symbol	ZNF208	3
by_gender	female	hugo_symbol	ZNF211	1
by_gender	female	hugo_symbol	ZNF212	1
by_gender	female	hugo_symbol	ZNF213	2
by_gender	female	hugo_symbol	ZNF217	3
by_gender	female	hugo_symbol	ZNF221	1
by_gender	female	hugo_symbol	ZNF224	3
by_gender	female	hugo_symbol	ZNF225	3
by_gender	female	hugo_symbol	ZNF226	1
by_gender	female	hugo_symbol	ZNF227	1
by_gender	female	hugo_symbol	ZNF229	2
by_gender	female	hugo_symbol	ZNF230	2
by_gender	female	hugo_symbol	ZNF234	2
by_gender	female	hugo_symbol	ZNF235	1
by_gender	female	hugo_symbol	ZNF236	3
by_gender	female	hugo_symbol	ZNF239	1
by_gender	female	hugo_symbol	ZNF24	1
by_gender	female	hugo_symbol	ZNF254	1
by_gender	female	hugo_symbol	ZNF256	1
by_gender	female	hugo_symbol	ZNF257	1
by_gender	female	hugo_symbol	ZNF260	1
by_gender	female	hugo_symbol	ZNF263	2
by_gender	female	hugo_symbol	ZNF264	3
by_gender	female	hugo_symbol	ZNF267	4
by_gender	female	hugo_symbol	ZNF273	1
by_gender	female	hugo_symbol	ZNF274	1
by_gender	female	hugo_symbol	ZNF277	1
by_gender	female	hugo_symbol	ZNF280A	1
by_gender	female	hugo_symbol	ZNF281	1
by_gender	female	hugo_symbol	ZNF282	1
by_gender	female	hugo_symbol	ZNF283	1
by_gender	female	hugo_symbol	ZNF292	2
by_gender	female	hugo_symbol	ZNF296	1
by_gender	female	hugo_symbol	ZNF3	2
by_gender	female	hugo_symbol	ZNF300	2
by_gender	female	hugo_symbol	ZNF302	1
by_gender	female	hugo_symbol	ZNF304	3
by_gender	female	hugo_symbol	ZNF311	1
by_gender	female	hugo_symbol	ZNF317	1
by_gender	female	hugo_symbol	ZNF318	6
by_gender	female	hugo_symbol	ZNF319	1
by_gender	female	hugo_symbol	ZNF320	2
by_gender	female	hugo_symbol	ZNF324	1
by_gender	female	hugo_symbol	ZNF326	1
by_gender	female	hugo_symbol	ZNF329	2
by_gender	female	hugo_symbol	ZNF331	1
by_gender	female	hugo_symbol	ZNF333	1
by_gender	female	hugo_symbol	ZNF334	1
by_gender	female	hugo_symbol	ZNF335	4
by_gender	female	hugo_symbol	ZNF337	2
by_gender	female	hugo_symbol	ZNF33A	2
by_gender	female	hugo_symbol	ZNF33B	1
by_gender	female	hugo_symbol	ZNF34	1
by_gender	female	hugo_symbol	ZNF341	1
by_gender	female	hugo_symbol	ZNF343	1
by_gender	female	hugo_symbol	ZNF345	3
by_gender	female	hugo_symbol	ZNF346	1
by_gender	female	hugo_symbol	ZNF347	2
by_gender	female	hugo_symbol	ZNF35	1
by_gender	female	hugo_symbol	ZNF354A	2
by_gender	female	hugo_symbol	ZNF354B	1
by_gender	female	hugo_symbol	ZNF358	2
by_gender	female	hugo_symbol	ZNF365	1
by_gender	female	hugo_symbol	ZNF37A	2
by_gender	female	hugo_symbol	ZNF382	2
by_gender	female	hugo_symbol	ZNF383	2
by_gender	female	hugo_symbol	ZNF385B	2
by_gender	female	hugo_symbol	ZNF385D	3
by_gender	female	hugo_symbol	ZNF395	1
by_gender	female	hugo_symbol	ZNF398	2
by_gender	female	hugo_symbol	ZNF407	1
by_gender	female	hugo_symbol	ZNF408	1
by_gender	female	hugo_symbol	ZNF41	2
by_gender	female	hugo_symbol	ZNF415	1
by_gender	female	hugo_symbol	ZNF416	1
by_gender	female	hugo_symbol	ZNF417	2
by_gender	female	hugo_symbol	ZNF419	1
by_gender	female	hugo_symbol	ZNF420	2
by_gender	female	hugo_symbol	ZNF423	3
by_gender	female	hugo_symbol	ZNF425	3
by_gender	female	hugo_symbol	ZNF429	1
by_gender	female	hugo_symbol	ZNF43	2
by_gender	female	hugo_symbol	ZNF430	3
by_gender	female	hugo_symbol	ZNF432	1
by_gender	female	hugo_symbol	ZNF433	1
by_gender	female	hugo_symbol	ZNF438	1
by_gender	female	hugo_symbol	ZNF440	1
by_gender	female	hugo_symbol	ZNF441	1
by_gender	female	hugo_symbol	ZNF443	2
by_gender	female	hugo_symbol	ZNF445	3
by_gender	female	hugo_symbol	ZNF451	1
by_gender	female	hugo_symbol	ZNF460	1
by_gender	female	hugo_symbol	ZNF462	3
by_gender	female	hugo_symbol	ZNF467	1
by_gender	female	hugo_symbol	ZNF470	2
by_gender	female	hugo_symbol	ZNF473	2
by_gender	female	hugo_symbol	ZNF474	1
by_gender	female	hugo_symbol	ZNF479	2
by_gender	female	hugo_symbol	ZNF480	2
by_gender	female	hugo_symbol	ZNF483	1
by_gender	female	hugo_symbol	ZNF484	2
by_gender	female	hugo_symbol	ZNF485	1
by_gender	female	hugo_symbol	ZNF486	1
by_gender	female	hugo_symbol	ZNF490	1
by_gender	female	hugo_symbol	ZNF491	1
by_gender	female	hugo_symbol	ZNF492	2
by_gender	female	hugo_symbol	ZNF493	1
by_gender	female	hugo_symbol	ZNF496	2
by_gender	female	hugo_symbol	ZNF497	1
by_gender	female	hugo_symbol	ZNF500	1
by_gender	female	hugo_symbol	ZNF502	1
by_gender	female	hugo_symbol	ZNF507	1
by_gender	female	hugo_symbol	ZNF510	1
by_gender	female	hugo_symbol	ZNF512B	4
by_gender	female	hugo_symbol	ZNF513	1
by_gender	female	hugo_symbol	ZNF516	5
by_gender	female	hugo_symbol	ZNF517	1
by_gender	female	hugo_symbol	ZNF518A	1
by_gender	female	hugo_symbol	ZNF518B	1
by_gender	female	hugo_symbol	ZNF521	5
by_gender	female	hugo_symbol	ZNF528	3
by_gender	female	hugo_symbol	ZNF532	2
by_gender	female	hugo_symbol	ZNF534	1
by_gender	female	hugo_symbol	ZNF536	4
by_gender	female	hugo_symbol	ZNF543	3
by_gender	female	hugo_symbol	ZNF544	2
by_gender	female	hugo_symbol	ZNF546	3
by_gender	female	hugo_symbol	ZNF548	2
by_gender	female	hugo_symbol	ZNF549	2
by_gender	female	hugo_symbol	ZNF550	1
by_gender	female	hugo_symbol	ZNF552	1
by_gender	female	hugo_symbol	ZNF555	1
by_gender	female	hugo_symbol	ZNF556	1
by_gender	female	hugo_symbol	ZNF557	1
by_gender	female	hugo_symbol	ZNF559-ZNF177	1
by_gender	female	hugo_symbol	ZNF561	1
by_gender	female	hugo_symbol	ZNF563	1
by_gender	female	hugo_symbol	ZNF564	1
by_gender	female	hugo_symbol	ZNF567	2
by_gender	female	hugo_symbol	ZNF568	6
by_gender	female	hugo_symbol	ZNF569	1
by_gender	female	hugo_symbol	ZNF570	1
by_gender	female	hugo_symbol	ZNF574	2
by_gender	female	hugo_symbol	ZNF577	1
by_gender	female	hugo_symbol	ZNF578	1
by_gender	female	hugo_symbol	ZNF583	4
by_gender	female	hugo_symbol	ZNF585A	3
by_gender	female	hugo_symbol	ZNF585B	2
by_gender	female	hugo_symbol	ZNF592	2
by_gender	female	hugo_symbol	ZNF595	3
by_gender	female	hugo_symbol	ZNF596	1
by_gender	female	hugo_symbol	ZNF598	1
by_gender	female	hugo_symbol	ZNF600	2
by_gender	female	hugo_symbol	ZNF605	1
by_gender	female	hugo_symbol	ZNF606	2
by_gender	female	hugo_symbol	ZNF607	2
by_gender	female	hugo_symbol	ZNF608	2
by_gender	female	hugo_symbol	ZNF609	1
by_gender	female	hugo_symbol	ZNF611	1
by_gender	female	hugo_symbol	ZNF613	2
by_gender	female	hugo_symbol	ZNF614	2
by_gender	female	hugo_symbol	ZNF615	2
by_gender	female	hugo_symbol	ZNF616	2
by_gender	female	hugo_symbol	ZNF618	1
by_gender	female	hugo_symbol	ZNF619	2
by_gender	female	hugo_symbol	ZNF623	1
by_gender	female	hugo_symbol	ZNF624	1
by_gender	female	hugo_symbol	ZNF625	1
by_gender	female	hugo_symbol	ZNF627	1
by_gender	female	hugo_symbol	ZNF628	5
by_gender	female	hugo_symbol	ZNF638	1
by_gender	female	hugo_symbol	ZNF641	2
by_gender	female	hugo_symbol	ZNF644	3
by_gender	female	hugo_symbol	ZNF646	2
by_gender	female	hugo_symbol	ZNF648	1
by_gender	female	hugo_symbol	ZNF649	2
by_gender	female	hugo_symbol	ZNF652	1
by_gender	female	hugo_symbol	ZNF653	1
by_gender	female	hugo_symbol	ZNF654	1
by_gender	female	hugo_symbol	ZNF655	1
by_gender	female	hugo_symbol	ZNF658	2
by_gender	female	hugo_symbol	ZNF660	1
by_gender	female	hugo_symbol	ZNF662	3
by_gender	female	hugo_symbol	ZNF664	1
by_gender	female	hugo_symbol	ZNF665	3
by_gender	female	hugo_symbol	ZNF667	2
by_gender	female	hugo_symbol	ZNF668	1
by_gender	female	hugo_symbol	ZNF671	3
by_gender	female	hugo_symbol	ZNF675	2
by_gender	female	hugo_symbol	ZNF676	2
by_gender	female	hugo_symbol	ZNF677	1
by_gender	female	hugo_symbol	ZNF678	1
by_gender	female	hugo_symbol	ZNF681	2
by_gender	female	hugo_symbol	ZNF687	3
by_gender	female	hugo_symbol	ZNF695	1
by_gender	female	hugo_symbol	ZNF696	1
by_gender	female	hugo_symbol	ZNF699	1
by_gender	female	hugo_symbol	ZNF70	2
by_gender	female	hugo_symbol	ZNF701	3
by_gender	female	hugo_symbol	ZNF708	1
by_gender	female	hugo_symbol	ZNF709	1
by_gender	female	hugo_symbol	ZNF71	2
by_gender	female	hugo_symbol	ZNF714	1
by_gender	female	hugo_symbol	ZNF749	3
by_gender	female	hugo_symbol	ZNF750	1
by_gender	female	hugo_symbol	ZNF76	1
by_gender	female	hugo_symbol	ZNF761	1
by_gender	female	hugo_symbol	ZNF764	1
by_gender	female	hugo_symbol	ZNF765	1
by_gender	female	hugo_symbol	ZNF77	1
by_gender	female	hugo_symbol	ZNF770	2
by_gender	female	hugo_symbol	ZNF772	1
by_gender	female	hugo_symbol	ZNF773	2
by_gender	female	hugo_symbol	ZNF774	1
by_gender	female	hugo_symbol	ZNF777	2
by_gender	female	hugo_symbol	ZNF780B	1
by_gender	female	hugo_symbol	ZNF782	3
by_gender	female	hugo_symbol	ZNF783	2
by_gender	female	hugo_symbol	ZNF787	2
by_gender	female	hugo_symbol	ZNF79	1
by_gender	female	hugo_symbol	ZNF790	1
by_gender	female	hugo_symbol	ZNF791	2
by_gender	female	hugo_symbol	ZNF793	3
by_gender	female	hugo_symbol	ZNF80	1
by_gender	female	hugo_symbol	ZNF800	2
by_gender	female	hugo_symbol	ZNF804A	2
by_gender	female	hugo_symbol	ZNF808	1
by_gender	female	hugo_symbol	ZNF81	1
by_gender	female	hugo_symbol	ZNF813	1
by_gender	female	hugo_symbol	ZNF816	1
by_gender	female	hugo_symbol	ZNF821	1
by_gender	female	hugo_symbol	ZNF829	1
by_gender	female	hugo_symbol	ZNF83	1
by_gender	female	hugo_symbol	ZNF831	5
by_gender	female	hugo_symbol	ZNF835	4
by_gender	female	hugo_symbol	ZNF839	1
by_gender	female	hugo_symbol	ZNF84	3
by_gender	female	hugo_symbol	ZNF846	1
by_gender	female	hugo_symbol	ZNF85	5
by_gender	female	hugo_symbol	ZNF862	4
by_gender	female	hugo_symbol	ZNF878	2
by_gender	female	hugo_symbol	ZNF91	2
by_gender	female	hugo_symbol	ZNF98	2
by_gender	female	hugo_symbol	ZNF99	1
by_gender	female	hugo_symbol	ZNFX1	1
by_gender	female	hugo_symbol	ZNRF3	2
by_gender	female	hugo_symbol	ZNRF4	1
by_gender	female	hugo_symbol	ZP2	1
by_gender	female	hugo_symbol	ZP4	1
by_gender	female	hugo_symbol	ZPBP2	1
by_gender	female	hugo_symbol	ZRANB2	1
by_gender	female	hugo_symbol	ZRSR2	1
by_gender	female	hugo_symbol	ZSCAN1	1
by_gender	female	hugo_symbol	ZSCAN10	2
by_gender	female	hugo_symbol	ZSCAN16	1
by_gender	female	hugo_symbol	ZSCAN20	2
by_gender	female	hugo_symbol	ZSCAN21	1
by_gender	female	hugo_symbol	ZSCAN22	1
by_gender	female	hugo_symbol	ZSCAN25	3
by_gender	female	hugo_symbol	ZSCAN26	2
by_gender	female	hugo_symbol	ZSCAN29	1
by_gender	female	hugo_symbol	ZSCAN31	1
by_gender	female	hugo_symbol	ZSCAN4	2
by_gender	female	hugo_symbol	ZSCAN9	2
by_gender	female	hugo_symbol	ZSWIM2	2
by_gender	female	hugo_symbol	ZSWIM3	1
by_gender	female	hugo_symbol	ZSWIM4	1
by_gender	female	hugo_symbol	ZSWIM5	2
by_gender	female	hugo_symbol	ZSWIM8	1
by_gender	female	hugo_symbol	ZUP1	2
by_gender	female	hugo_symbol	ZW10	1
by_gender	female	hugo_symbol	ZWINT	1
by_gender	female	hugo_symbol	ZXDB	2
by_gender	female	hugo_symbol	ZXDC	1
by_gender	female	hugo_symbol	ZYG11B	2
by_gender	female	hugo_symbol	ZZEF1	4
by_gender	female	hugo_symbol	ZZZ3	4
by_gender	female	impact	HIGH	1407
by_gender	female	impact	LOW	11
by_gender	female	impact	MODERATE	13406
by_gender	female	impact	MODIFIER	444
by_gender	female	locationaa	A1BG_p.Val6Ile	1
by_gender	female	locationaa	A2ML1_p.Ala1183Thr	1
by_gender	female	locationaa	A2ML1_p.Asp1061Ala	1
by_gender	female	locationaa	A2ML1_p.Glu19Ter	1
by_gender	female	locationaa	A2ML1_p.Val1265Phe	1
by_gender	female	locationaa	A2M_p.Val551Met	1
by_gender	female	locationaa	A3GALT2_p.Arg165His	1
by_gender	female	locationaa	AAAS_p.Asp223Asn	1
by_gender	female	locationaa	AACS_p.Asn449Thr	1
by_gender	female	locationaa	AADACL2_p.Glu367Lys	1
by_gender	female	locationaa	AADACL3_p.His131Gln	1
by_gender	female	locationaa	AADACL4_p.Trp369Ter	1
by_gender	female	locationaa	AAGAB_p.Glu155Lys	1
by_gender	female	locationaa	AAMP_p.Phe117_Val118delinsAlaLeuSer	1
by_gender	female	locationaa	AARD_p.Arg31Cys	1
by_gender	female	locationaa	AARS1_p.Gln847His	1
by_gender	female	locationaa	AARS2_p.Ala398Asp	1
by_gender	female	locationaa	AARS2_p.Ala780Val	1
by_gender	female	locationaa	AARS2_p.Leu118Met	1
by_gender	female	locationaa	AASDH_p.Cys736Ser	1
by_gender	female	locationaa	AASDH_p.Leu188Ile	1
by_gender	female	locationaa	AASS_p.Gly521Val	1
by_gender	female	locationaa	AATK_p.Ser1098Tyr	1
by_gender	female	locationaa	ABAT_p.Met4Arg	1
by_gender	female	locationaa	ABCA10_p.Gly160Ter	1
by_gender	female	locationaa	ABCA12_p.Arg714Gln	1
by_gender	female	locationaa	ABCA12_p.Asp1829Tyr	1
by_gender	female	locationaa	ABCA12_p.Asp79Tyr	1
by_gender	female	locationaa	ABCA12_p.Gly2247Ser	1
by_gender	female	locationaa	ABCA12_p.Met1483Thr	1
by_gender	female	locationaa	ABCA12_p.Phe2082Ser	1
by_gender	female	locationaa	ABCA12_p.Ser1064Arg	1
by_gender	female	locationaa	ABCA13_p.Ala2368Val	2
by_gender	female	locationaa	ABCA13_p.Ala4593Val	1
by_gender	female	locationaa	ABCA13_p.Glu1789Gly	1
by_gender	female	locationaa	ABCA13_p.Lys849Thr	1
by_gender	female	locationaa	ABCA13_p.Phe4270Leu	1
by_gender	female	locationaa	ABCA13_p.Val1477Ile	1
by_gender	female	locationaa	ABCA1_p.Ala779Val	1
by_gender	female	locationaa	ABCA1_p.Arg227Ter	1
by_gender	female	locationaa	ABCA1_p.Arg672Trp	1
by_gender	female	locationaa	ABCA1_p.Asp677ValfsTer2	1
by_gender	female	locationaa	ABCA1_p.Thr2212Ala	1
by_gender	female	locationaa	ABCA2_p.Ala881Thr	1
by_gender	female	locationaa	ABCA2_p.Arg2342Trp	1
by_gender	female	locationaa	ABCA2_p.Arg475Trp	1
by_gender	female	locationaa	ABCA2_p.Arg727His	1
by_gender	female	locationaa	ABCA2_p.Gly2370Asp	1
by_gender	female	locationaa	ABCA3_p.Ala427Val	1
by_gender	female	locationaa	ABCA3_p.His1247Tyr	1
by_gender	female	locationaa	ABCA4_p.Ala781Thr	1
by_gender	female	locationaa	ABCA4_p.Ala893Thr	1
by_gender	female	locationaa	ABCA4_p.Glu2046Asp	1
by_gender	female	locationaa	ABCA4_p.Thr952Ala	1
by_gender	female	locationaa	ABCA5_p.Ala848Ser	1
by_gender	female	locationaa	ABCA5_p.Asn63Thr	1
by_gender	female	locationaa	ABCA5_p.Ser616Arg	1
by_gender	female	locationaa	ABCA5_p.Val311Ile	1
by_gender	female	locationaa	ABCA6_p.Ala448Thr	1
by_gender	female	locationaa	ABCA6_p.Gln652His	1
by_gender	female	locationaa	ABCA7_p.Arg110His	1
by_gender	female	locationaa	ABCA7_p.Arg198His	1
by_gender	female	locationaa	ABCA7_p.Gly487Asp	1
by_gender	female	locationaa	ABCA8_p.Ala883Thr	1
by_gender	female	locationaa	ABCA8_p.Arg351Ile	1
by_gender	female	locationaa	ABCA8_p.Glu358Lys	1
by_gender	female	locationaa	ABCA8_p.Gly206Glu	1
by_gender	female	locationaa	ABCA8_p.Lys1532Thr	1
by_gender	female	locationaa	ABCA8_p.Pro694Thr	1
by_gender	female	locationaa	ABCA9_p.Ala401Thr	1
by_gender	female	locationaa	ABCA9_p.Gln1566His	1
by_gender	female	locationaa	ABCA9_p.Glu1013Gly	1
by_gender	female	locationaa	ABCA9_p.Leu694Met	1
by_gender	female	locationaa	ABCA9_p.Met1088Ile	1
by_gender	female	locationaa	ABCA9_p.Pro1254Ser	1
by_gender	female	locationaa	ABCA9_p.Val1202Ile	1
by_gender	female	locationaa	ABCB10_p.Gly622Trp	1
by_gender	female	locationaa	ABCB10_p.Leu404Ile	1
by_gender	female	locationaa	ABCB11_p.Cys107Arg	1
by_gender	female	locationaa	ABCB11_p.Val888Ala	1
by_gender	female	locationaa	ABCB1_p.Arg1138Leu	1
by_gender	female	locationaa	ABCB1_p.Ile190Met	1
by_gender	female	locationaa	ABCB1_p.Leu245Ser	1
by_gender	female	locationaa	ABCB5_p.Ala149Glu	1
by_gender	female	locationaa	ABCB5_p.Gln142His	1
by_gender	female	locationaa	ABCB5_p.Gln804Lys	1
by_gender	female	locationaa	ABCB6_p.Arg603Trp	1
by_gender	female	locationaa	ABCB6_p.Val689Ala	1
by_gender	female	locationaa	ABCC10_p.Gly236Trp	1
by_gender	female	locationaa	ABCC11_p.Ala950Thr	1
by_gender	female	locationaa	ABCC2_p.Lys1329Asn	1
by_gender	female	locationaa	ABCC3_p.Cys42Tyr	1
by_gender	female	locationaa	ABCC4_p.Asp888Val	1
by_gender	female	locationaa	ABCC4_p.Tyr135His	1
by_gender	female	locationaa	ABCC4_p.Val789Ile	1
by_gender	female	locationaa	ABCC5_p.Glu560Val	1
by_gender	female	locationaa	ABCC5_p.Val293Ile	1
by_gender	female	locationaa	ABCC6_p.Glu1266Lys	1
by_gender	female	locationaa	ABCC9_p.Ser1054Thr	1
by_gender	female	locationaa	ABCC9_p.Thr400Met	1
by_gender	female	locationaa	ABCD2_p.Asp207Gly	1
by_gender	female	locationaa	ABCD3_p.Ala389Asp	1
by_gender	female	locationaa	ABCE1_p.Ala235Thr	1
by_gender	female	locationaa	ABCF1_p.Asn130Tyr	1
by_gender	female	locationaa	ABCF3_p.Met626Val	1
by_gender	female	locationaa	ABCG1_p.Ala322Ser	1
by_gender	female	locationaa	ABCG1_p.Asp356Gly	1
by_gender	female	locationaa	ABCG4_p.Thr494Met	1
by_gender	female	locationaa	ABCG5_p.Arg198Trp	1
by_gender	female	locationaa	ABCG5_p.Asn341Tyr	1
by_gender	female	locationaa	ABHD11_p.His272Asn	1
by_gender	female	locationaa	ABHD12_p.Pro266Ser	1
by_gender	female	locationaa	ABHD13_p.Asp109Asn	1
by_gender	female	locationaa	ABHD15_p.Arg387Cys	1
by_gender	female	locationaa	ABHD16A_p.Arg270Trp	1
by_gender	female	locationaa	ABHD17A_p.Arg65Cys	1
by_gender	female	locationaa	ABHD17B_p.Arg78Lys	1
by_gender	female	locationaa	ABHD17B_p.Asn265Thr	1
by_gender	female	locationaa	ABHD1_p.Leu258Phe	1
by_gender	female	locationaa	ABHD6_p.Arg43Trp	1
by_gender	female	locationaa	ABHD6_p.Glu190Ter	1
by_gender	female	locationaa	ABI2_p.Leu76Met	1
by_gender	female	locationaa	ABI3BP_p.Glu770Asp	1
by_gender	female	locationaa	ABI3BP_p.Leu44Phe	1
by_gender	female	locationaa	ABI3BP_p.Leu894Met	1
by_gender	female	locationaa	ABL1_p.Ala1038Val	1
by_gender	female	locationaa	ABL1_p.Ala487Asp	1
by_gender	female	locationaa	ABL1_p.Arg1009Ter	1
by_gender	female	locationaa	ABL1_p.Arg14Met	1
by_gender	female	locationaa	ABL1_p.Gly35Val	1
by_gender	female	locationaa	ABL1_p.Pro131Ser	1
by_gender	female	locationaa	ABL2_p.Ser788Thr	1
by_gender	female	locationaa	ABLIM1_p.Arg750Trp	1
by_gender	female	locationaa	ABLIM1_p.Ser632Phe	1
by_gender	female	locationaa	ABLIM1_p.Val21Phe	1
by_gender	female	locationaa	ABLIM2_p.Ala21Thr	1
by_gender	female	locationaa	ABLIM3_p.Ile526Ser	1
by_gender	female	locationaa	ABO_p.Asp102Asn	1
by_gender	female	locationaa	ABRAXAS1_p.Arg148Ter	1
by_gender	female	locationaa	ABRAXAS1_p.Ser188Phe	1
by_gender	female	locationaa	ABRA_p.Gln210His	1
by_gender	female	locationaa	ABR_p.Gln167His	1
by_gender	female	locationaa	ABTB1_p.Arg61Cys	1
by_gender	female	locationaa	ABTB2_p.Cys814Ter	1
by_gender	female	locationaa	AC004593.2_p.Leu502Arg	1
by_gender	female	locationaa	AC004832.3_p.Arg245His	1
by_gender	female	locationaa	AC005833.1_p.Gly491Val	1
by_gender	female	locationaa	AC006059.2_p.Ala458Val	1
by_gender	female	locationaa	AC008397.2_p.Lys133Asn	1
by_gender	female	locationaa	AC008397.2_p.Thr201Met	1
by_gender	female	locationaa	AC013489.1_p.Arg258His	1
by_gender	female	locationaa	AC013489.1_p.Arg327Gln	1
by_gender	female	locationaa	AC020907.6_p.Val56Ile	1
by_gender	female	locationaa	AC068580.4_p.Gly197Asp	1
by_gender	female	locationaa	AC090517.4_p.Glu619Lys	1
by_gender	female	locationaa	AC090517.4_p.Tyr144Cys	1
by_gender	female	locationaa	AC090517.4_p.Tyr638Cys	1
by_gender	female	locationaa	AC092143.1_p.Arg598Cys	1
by_gender	female	locationaa	AC093525.2_p.Cys326Ter	1
by_gender	female	locationaa	AC097637.1_p.Pro7Leu	1
by_gender	female	locationaa	AC098582.1_p.Ala110Thr	1
by_gender	female	locationaa	ACAA1_p.Gln93Ter	1
by_gender	female	locationaa	ACACA_p.Ala1434Thr	1
by_gender	female	locationaa	ACACA_p.Ala2298Asp	1
by_gender	female	locationaa	ACACA_p.His1944Tyr	1
by_gender	female	locationaa	ACACA_p.Ile2242Val	1
by_gender	female	locationaa	ACACB_p.Arg1490His	1
by_gender	female	locationaa	ACACB_p.Asp770Asn	1
by_gender	female	locationaa	ACACB_p.Glu249Lys	1
by_gender	female	locationaa	ACACB_p.Thr885Met	1
by_gender	female	locationaa	ACACB_p.Val1006Ile	1
by_gender	female	locationaa	ACAD10_p.Ser633Asn	1
by_gender	female	locationaa	ACAD11_p.Ala643Val	1
by_gender	female	locationaa	ACAD11_p.Ala753Ser	1
by_gender	female	locationaa	ACAD9_p.Ala296Thr	1
by_gender	female	locationaa	ACADL_p.Ala188Val	1
by_gender	female	locationaa	ACADSB_p.Leu216Phe	1
by_gender	female	locationaa	ACADS_p.Ala194Val	1
by_gender	female	locationaa	ACAN_p.Ala1672Asp	1
by_gender	female	locationaa	ACAN_p.Arg2121Ile	1
by_gender	female	locationaa	ACAN_p.Glu140Lys	1
by_gender	female	locationaa	ACAN_p.Leu973Ile	1
by_gender	female	locationaa	ACAN_p.Thr1658Ile	1
by_gender	female	locationaa	ACAP1_p.Pro304Leu	1
by_gender	female	locationaa	ACAP2_p.Ala343Thr	1
by_gender	female	locationaa	ACAT1_p.Ala355Val	1
by_gender	female	locationaa	ACAT1_p.Ala421Thr	1
by_gender	female	locationaa	ACBD3_p.Arg223Ter	1
by_gender	female	locationaa	ACBD3_p.Lys243Asn	1
by_gender	female	locationaa	ACCSL_p.Arg321Gln	1
by_gender	female	locationaa	ACCSL_p.Arg506His	1
by_gender	female	locationaa	ACE2_p.Arg716Cys	1
by_gender	female	locationaa	ACE2_p.Val293Ile	1
by_gender	female	locationaa	ACHE_p.Gly151Val	1
by_gender	female	locationaa	ACIN1_p.Arg1271Trp	1
by_gender	female	locationaa	ACIN1_p.Arg1289Met	1
by_gender	female	locationaa	ACIN1_p.Lys1246Gln	1
by_gender	female	locationaa	ACKR2_p.Arg241Met	1
by_gender	female	locationaa	ACKR4_p.Ala284Thr	1
by_gender	female	locationaa	ACLY_p.Arg576His	1
by_gender	female	locationaa	ACLY_p.Arg703His	1
by_gender	female	locationaa	ACOT12_p.Arg147Ter	1
by_gender	female	locationaa	ACOT7_p.Ala370Val	1
by_gender	female	locationaa	ACOT8_p.Leu272Ile	1
by_gender	female	locationaa	ACOX2_p.Tyr436Cys	1
by_gender	female	locationaa	ACOX3_p.Ala362Thr	1
by_gender	female	locationaa	ACOXL_p.Trp59Ter	1
by_gender	female	locationaa	ACP4_p.Gly397Arg	1
by_gender	female	locationaa	ACRV1_p.Gln212His	1
by_gender	female	locationaa	ACRV1_p.Ile253Ser	1
by_gender	female	locationaa	ACR_p.Gln213Pro	1
by_gender	female	locationaa	ACSBG1_p.Glu258Gly	1
by_gender	female	locationaa	ACSBG2_p.Gly448Glu	1
by_gender	female	locationaa	ACSBG2_p.Val153Ala	1
by_gender	female	locationaa	ACSF2_p.Gln240His	1
by_gender	female	locationaa	ACSF3_p.Arg77His	1
by_gender	female	locationaa	ACSL3_p.Arg232Gln	1
by_gender	female	locationaa	ACSL3_p.Glu46Lys	1
by_gender	female	locationaa	ACSL3_p.Gly310Trp	1
by_gender	female	locationaa	ACSL4_p.Asp271Glu	1
by_gender	female	locationaa	ACSL4_p.Gly241Glu	1
by_gender	female	locationaa	ACSL5_p.Glu253Lys	1
by_gender	female	locationaa	ACSM2A_p.Ala93Val	1
by_gender	female	locationaa	ACSM2B_p.Ala93Val	1
by_gender	female	locationaa	ACSM3_p.Arg129Gly	1
by_gender	female	locationaa	ACSM4_p.Arg123Ile	1
by_gender	female	locationaa	ACSM5_p.Ala173Val	1
by_gender	female	locationaa	ACSM5_p.Ala395Val	1
by_gender	female	locationaa	ACSM5_p.Pro32His	1
by_gender	female	locationaa	ACSS2_p.Arg429Gln	1
by_gender	female	locationaa	ACSS3_p.Ala582Thr	1
by_gender	female	locationaa	ACSS3_p.Ser56Phe	1
by_gender	female	locationaa	ACTA1_p.Ala222Val	1
by_gender	female	locationaa	ACTA2_p.Glu261Val	1
by_gender	female	locationaa	ACTBL2_p.Asn13Ser	1
by_gender	female	locationaa	ACTC1_p.Val249Phe	1
by_gender	female	locationaa	ACTG2_p.Arg336Trp	1
by_gender	female	locationaa	ACTL7A_p.Asn179Thr	1
by_gender	female	locationaa	ACTL7B_p.Glu85Lys	1
by_gender	female	locationaa	ACTL9_p.Ala233Val	1
by_gender	female	locationaa	ACTL9_p.Ala239Val	1
by_gender	female	locationaa	ACTL9_p.Arg391His	1
by_gender	female	locationaa	ACTL9_p.Val208Ile	1
by_gender	female	locationaa	ACTN1_p.Pro295Leu	1
by_gender	female	locationaa	ACTN2_p.Leu32Met	1
by_gender	female	locationaa	ACTN2_p.Ser600Asn	1
by_gender	female	locationaa	ACTN3_p.Ala542Val	1
by_gender	female	locationaa	ACTN3_p.Arg766Ter	1
by_gender	female	locationaa	ACTR10_p.Glu272Lys	1
by_gender	female	locationaa	ACTR5_p.Pro426Leu	1
by_gender	female	locationaa	ACTR8_p.Leu172Ser	1
by_gender	female	locationaa	ACVR1B_p.Ala401Thr	1
by_gender	female	locationaa	ACVR1B_p.Ser86Arg	1
by_gender	female	locationaa	ACVR1C_p.Ala345Val	1
by_gender	female	locationaa	ACVR1C_p.Phe386Leu	1
by_gender	female	locationaa	ACVRL1_p.Gly319Ser	1
by_gender	female	locationaa	ADA2_p.Ser389Asn	1
by_gender	female	locationaa	ADAD1_p.Ala532Val	1
by_gender	female	locationaa	ADAD1_p.Pro97Leu	1
by_gender	female	locationaa	ADAM17_p.Val373Ile	1
by_gender	female	locationaa	ADAM18_p.Ala722Thr	1
by_gender	female	locationaa	ADAM18_p.Cys517Trp	1
by_gender	female	locationaa	ADAM19_p.Gln890His	1
by_gender	female	locationaa	ADAM19_p.Val217Met	1
by_gender	female	locationaa	ADAM20_p.Ile49Leu	1
by_gender	female	locationaa	ADAM21_p.Gly257Glu	1
by_gender	female	locationaa	ADAM22_p.Glu64Lys	1
by_gender	female	locationaa	ADAM28_p.Thr297Pro	1
by_gender	female	locationaa	ADAM29_p.Gln794His	1
by_gender	female	locationaa	ADAM29_p.Gly659Val	1
by_gender	female	locationaa	ADAM2_p.Pro667Ser	1
by_gender	female	locationaa	ADAM7_p.Asp384Asn	1
by_gender	female	locationaa	ADAM8_p.Val230Met	1
by_gender	female	locationaa	ADAM9_p.Gly652Glu	1
by_gender	female	locationaa	ADAMDEC1_p.Arg200Ter	1
by_gender	female	locationaa	ADAMTS12_p.Cys1439Ser	1
by_gender	female	locationaa	ADAMTS12_p.Glu791Lys	1
by_gender	female	locationaa	ADAMTS14_p.Arg337Cys	1
by_gender	female	locationaa	ADAMTS14_p.Arg589Cys	1
by_gender	female	locationaa	ADAMTS14_p.Thr518Ala	1
by_gender	female	locationaa	ADAMTS15_p.Pro835Leu	1
by_gender	female	locationaa	ADAMTS16_p.Gln760Ter	1
by_gender	female	locationaa	ADAMTS16_p.His234Asn	1
by_gender	female	locationaa	ADAMTS16_p.Thr753Ile	1
by_gender	female	locationaa	ADAMTS17_p.Gly365Cys	1
by_gender	female	locationaa	ADAMTS17_p.Thr233Met	1
by_gender	female	locationaa	ADAMTS18_p.Ala833Val	1
by_gender	female	locationaa	ADAMTS18_p.Arg281Ter	1
by_gender	female	locationaa	ADAMTS18_p.Pro463Leu	1
by_gender	female	locationaa	ADAMTS18_p.Ser166Ala	1
by_gender	female	locationaa	ADAMTS19_p.Trp925Ter	1
by_gender	female	locationaa	ADAMTS1_p.Gly925Glu	1
by_gender	female	locationaa	ADAMTS20_p.Asn332Thr	1
by_gender	female	locationaa	ADAMTS20_p.Leu1578Ile	1
by_gender	female	locationaa	ADAMTS20_p.Thr329Ile	1
by_gender	female	locationaa	ADAMTS2_p.Arg938His	1
by_gender	female	locationaa	ADAMTS3_p.Asn709Ser	1
by_gender	female	locationaa	ADAMTS3_p.Gly871Val	1
by_gender	female	locationaa	ADAMTS3_p.Ile291Ser	1
by_gender	female	locationaa	ADAMTS3_p.Met245Ile	1
by_gender	female	locationaa	ADAMTS3_p.Pro510His	1
by_gender	female	locationaa	ADAMTS4_p.Ala728Val	1
by_gender	female	locationaa	ADAMTS5_p.Pro914Thr	1
by_gender	female	locationaa	ADAMTS6_p.Arg922Gly	1
by_gender	female	locationaa	ADAMTS6_p.Glu749Ter	1
by_gender	female	locationaa	ADAMTS7_p.Arg965Gln	1
by_gender	female	locationaa	ADAMTS7_p.Pro1102Thr	1
by_gender	female	locationaa	ADAMTS7_p.Thr970Ala	1
by_gender	female	locationaa	ADAMTS8_p.Thr577Met	1
by_gender	female	locationaa	ADAMTSL1_p.Ala1556Thr	1
by_gender	female	locationaa	ADAMTSL1_p.Met469Ile	1
by_gender	female	locationaa	ADAMTSL1_p.Val631Met	1
by_gender	female	locationaa	ADAMTSL2_p.Arg61His	1
by_gender	female	locationaa	ADAMTSL2_p.Leu515Pro	1
by_gender	female	locationaa	ADAMTSL3_p.Arg1648Gln	1
by_gender	female	locationaa	ADAMTSL4_p.Arg485Cys	1
by_gender	female	locationaa	ADAMTSL4_p.Arg559His	1
by_gender	female	locationaa	ADAMTSL4_p.Val797Met	1
by_gender	female	locationaa	ADAP2_p.Arg65Ter	1
by_gender	female	locationaa	ADARB1_p.Arg287Trp	1
by_gender	female	locationaa	ADARB2_p.Ala125Val	1
by_gender	female	locationaa	ADAR_p.Ala575Ser	1
by_gender	female	locationaa	ADAR_p.Ala672Thr	1
by_gender	female	locationaa	ADAR_p.Pro32Ser	1
by_gender	female	locationaa	ADAT2_p.Arg130Gln	1
by_gender	female	locationaa	ADCK1_p.Gly292Cys	1
by_gender	female	locationaa	ADCK1_p.Gly371Arg	1
by_gender	female	locationaa	ADCK1_p.Met210Ile	1
by_gender	female	locationaa	ADCK2_p.Ala444Thr	1
by_gender	female	locationaa	ADCK2_p.Gly255Glu	1
by_gender	female	locationaa	ADCY10_p.Asn2Thr	1
by_gender	female	locationaa	ADCY10_p.Gly1310Arg	1
by_gender	female	locationaa	ADCY10_p.Gly1587Cys	1
by_gender	female	locationaa	ADCY10_p.Gly41Glu	1
by_gender	female	locationaa	ADCY10_p.Ile1282Asn	1
by_gender	female	locationaa	ADCY1_p.Ala159Thr	1
by_gender	female	locationaa	ADCY1_p.Cys514Tyr	1
by_gender	female	locationaa	ADCY1_p.Phe1035Cys	1
by_gender	female	locationaa	ADCY1_p.Phe133del	1
by_gender	female	locationaa	ADCY2_p.Arg538His	1
by_gender	female	locationaa	ADCY3_p.Arg51His	1
by_gender	female	locationaa	ADCY3_p.Leu1093Ile	1
by_gender	female	locationaa	ADCY3_p.Leu256Met	1
by_gender	female	locationaa	ADCY3_p.Phe159Ser	1
by_gender	female	locationaa	ADCY3_p.Val798Ile	1
by_gender	female	locationaa	ADCY5_p.Ala1152Val	1
by_gender	female	locationaa	ADCY5_p.Arg500His	1
by_gender	female	locationaa	ADCY5_p.Arg695Trp	1
by_gender	female	locationaa	ADCY6_p.Ala457Val	1
by_gender	female	locationaa	ADCY6_p.Arg965Cys	1
by_gender	female	locationaa	ADCY7_p.Ala959Thr	1
by_gender	female	locationaa	ADCY8_p.Arg1088Trp	1
by_gender	female	locationaa	ADCY8_p.Arg611Gln	1
by_gender	female	locationaa	ADCY9_p.Arg854His	1
by_gender	female	locationaa	ADCY9_p.Tyr538His	1
by_gender	female	locationaa	ADCYAP1_p.Arg143Cys	1
by_gender	female	locationaa	ADD2_p.Ala521Val	1
by_gender	female	locationaa	ADD2_p.Arg33Cys	1
by_gender	female	locationaa	ADD2_p.Arg507Ter	1
by_gender	female	locationaa	ADD2_p.Asp255Gly	1
by_gender	female	locationaa	ADD2_p.Thr545Ala	1
by_gender	female	locationaa	ADD3_p.Asn188Asp	1
by_gender	female	locationaa	ADD3_p.Tyr160Cys	1
by_gender	female	locationaa	ADGRA1_p.Ala277Asp	1
by_gender	female	locationaa	ADGRA1_p.Leu303Phe	1
by_gender	female	locationaa	ADGRA1_p.Pro531Ser	1
by_gender	female	locationaa	ADGRA3_p.Arg691His	1
by_gender	female	locationaa	ADGRA3_p.Asn971His	1
by_gender	female	locationaa	ADGRA3_p.Gly1013Val	1
by_gender	female	locationaa	ADGRA3_p.Lys480ArgfsTer4	1
by_gender	female	locationaa	ADGRB1_p.Arg1047His	1
by_gender	female	locationaa	ADGRB2_p.Ala483Val	1
by_gender	female	locationaa	ADGRB2_p.Gly240Cys	1
by_gender	female	locationaa	ADGRB3_p.Ile1219Ser	1
by_gender	female	locationaa	ADGRB3_p.Ser920Phe	1
by_gender	female	locationaa	ADGRD1_p.Ala446Val	1
by_gender	female	locationaa	ADGRD1_p.Ala816Thr	1
by_gender	female	locationaa	ADGRD1_p.Gln128His	1
by_gender	female	locationaa	ADGRD1_p.Met271Ile	1
by_gender	female	locationaa	ADGRE3_p.Leu522Val	1
by_gender	female	locationaa	ADGRE5_p.Glu492Lys	1
by_gender	female	locationaa	ADGRF3_p.Pro397Leu	1
by_gender	female	locationaa	ADGRF4_p.Met391Leu	1
by_gender	female	locationaa	ADGRF5_p.Gly148Trp	1
by_gender	female	locationaa	ADGRF5_p.Val65Ile	1
by_gender	female	locationaa	ADGRG1_p.Thr469Ala	1
by_gender	female	locationaa	ADGRG4_p.Ala1102Val	1
by_gender	female	locationaa	ADGRG4_p.Thr1070Ile	1
by_gender	female	locationaa	ADGRG4_p.Thr1236Ala	1
by_gender	female	locationaa	ADGRL1_p.Asn226Thr	1
by_gender	female	locationaa	ADGRL2_p.Asp265Asn	1
by_gender	female	locationaa	ADGRL2_p.Asp517Asn	1
by_gender	female	locationaa	ADGRL2_p.Leu898Pro	1
by_gender	female	locationaa	ADGRL2_p.Thr1174Ala	1
by_gender	female	locationaa	ADGRL4_p.Arg148Lys	1
by_gender	female	locationaa	ADGRL4_p.Ser312Tyr	1
by_gender	female	locationaa	ADGRL4_p.Tyr676His	1
by_gender	female	locationaa	ADGRV1_p.Glu5717Gly	1
by_gender	female	locationaa	ADGRV1_p.Ile3297Ser	1
by_gender	female	locationaa	ADGRV1_p.Leu2079Phe	1
by_gender	female	locationaa	ADGRV1_p.Pro5205Ser	1
by_gender	female	locationaa	ADH1A_p.Val59Leu	1
by_gender	female	locationaa	ADH1B_p.Ala345Val	1
by_gender	female	locationaa	ADH4_p.Thr133Ile	1
by_gender	female	locationaa	ADH5_p.Gly126Asp	1
by_gender	female	locationaa	ADH5_p.Gly175Asp	1
by_gender	female	locationaa	ADH6_p.Arg313His	1
by_gender	female	locationaa	ADH7_p.Tyr276His	1
by_gender	female	locationaa	ADHFE1_p.Ala73Val	1
by_gender	female	locationaa	ADHFE1_p.Arg288Trp	1
by_gender	female	locationaa	ADIPOR1_p.Gln233His	1
by_gender	female	locationaa	ADIPOR1_p.Pro116Ser	1
by_gender	female	locationaa	ADM_p.Ala173Val	1
by_gender	female	locationaa	ADNP2_p.Asp1060Tyr	1
by_gender	female	locationaa	ADNP2_p.Lys1106Asn	1
by_gender	female	locationaa	ADNP_p.Asp150Asn	1
by_gender	female	locationaa	ADNP_p.Asp174Val	1
by_gender	female	locationaa	ADNP_p.His530Arg	1
by_gender	female	locationaa	ADNP_p.Tyr185Cys	1
by_gender	female	locationaa	ADORA2A_p.Ala30Val	1
by_gender	female	locationaa	ADORA3_p.Glu19Lys	1
by_gender	female	locationaa	ADPRS_p.Pro295His	1
by_gender	female	locationaa	ADRA1A_p.Arg133Cys	1
by_gender	female	locationaa	ADRA2A_p.Gly430Ser	1
by_gender	female	locationaa	ADRA2B_p.Arg82Cys	1
by_gender	female	locationaa	ADRA2B_p.Gly378Asp	1
by_gender	female	locationaa	ADRA2C_p.Ala180Thr	1
by_gender	female	locationaa	ADRA2C_p.Arg192His	1
by_gender	female	locationaa	ADSL_p.Leu131Phe	1
by_gender	female	locationaa	AEBP1_p.Arg1016Ter	1
by_gender	female	locationaa	AEBP1_p.Arg1017Cys	1
by_gender	female	locationaa	AEBP1_p.Glu345GlyfsTer52	1
by_gender	female	locationaa	AEBP1_p.Thr1048Ile	1
by_gender	female	locationaa	AEBP2_p.Ser227Asn	1
by_gender	female	locationaa	AEN_p.Arg148Lys	1
by_gender	female	locationaa	AFAP1L2_p.Ala74Ser	1
by_gender	female	locationaa	AFDN_p.Arg1634Cys	1
by_gender	female	locationaa	AFDN_p.Ser625Ile	1
by_gender	female	locationaa	AFF1_p.Pro880Ser	1
by_gender	female	locationaa	AFF2_p.Ala1103Thr	1
by_gender	female	locationaa	AFF2_p.Ala1263Val	1
by_gender	female	locationaa	AFF2_p.Gln282Ter	1
by_gender	female	locationaa	AFF2_p.His1084Tyr	1
by_gender	female	locationaa	AFF2_p.Leu1310Val	1
by_gender	female	locationaa	AFF3_p.Ala698Val	1
by_gender	female	locationaa	AFF3_p.Arg390His	1
by_gender	female	locationaa	AFF3_p.Gln180Lys	1
by_gender	female	locationaa	AFF3_p.Leu766Ile	1
by_gender	female	locationaa	AFF3_p.Lys97Glu	1
by_gender	female	locationaa	AFG1L_p.Ser55Ile	1
by_gender	female	locationaa	AFG1L_p.Val402Met	1
by_gender	female	locationaa	AFG3L2_p.Glu319Asp	1
by_gender	female	locationaa	AFP_p.Gly272Ter	1
by_gender	female	locationaa	AFTPH_p.Lys333Asn	1
by_gender	female	locationaa	AFTPH_p.Val138Gly	1
by_gender	female	locationaa	AGAP1_p.Gly127Ala	1
by_gender	female	locationaa	AGAP1_p.Ser82Ile	1
by_gender	female	locationaa	AGAP3_p.Arg619Ter	1
by_gender	female	locationaa	AGAP3_p.Ser529Phe	1
by_gender	female	locationaa	AGAP3_p.Val799Gly	1
by_gender	female	locationaa	AGAP4_p.Ala443Thr	1
by_gender	female	locationaa	AGAP4_p.Ser23Leu	1
by_gender	female	locationaa	AGAP6_p.Leu348Met	1
by_gender	female	locationaa	AGA_p.Arg116Trp	1
by_gender	female	locationaa	AGA_p.Arg202Cys	1
by_gender	female	locationaa	AGA_p.Asn336LysfsTer5	1
by_gender	female	locationaa	AGBL1_p.Ala1067Thr	1
by_gender	female	locationaa	AGBL1_p.Arg696His	1
by_gender	female	locationaa	AGBL1_p.Gly707Glu	1
by_gender	female	locationaa	AGBL2_p.Phe20Cys	1
by_gender	female	locationaa	AGBL2_p.Pro52His	1
by_gender	female	locationaa	AGBL5_p.Arg638Trp	1
by_gender	female	locationaa	AGER_p.Val11Met	1
by_gender	female	locationaa	AGFG1_p.Thr430Met	1
by_gender	female	locationaa	AGMO_p.Gly67Cys	1
by_gender	female	locationaa	AGPAT3_p.Arg353Cys	1
by_gender	female	locationaa	AGPAT3_p.Gln10His	1
by_gender	female	locationaa	AGPAT4_p.Arg152Cys	1
by_gender	female	locationaa	AGPAT4_p.Arg47Gln	1
by_gender	female	locationaa	AGPAT4_p.Ser332Gly	1
by_gender	female	locationaa	AGR2_p.Ala155Thr	1
by_gender	female	locationaa	AGRN_p.Ala1916Val	1
by_gender	female	locationaa	AGTPBP1_p.Gly98Ter	1
by_gender	female	locationaa	AGTPBP1_p.Met205Leu	1
by_gender	female	locationaa	AGXT2_p.Glu267Lys	1
by_gender	female	locationaa	AGXT_p.Val336Ile	1
by_gender	female	locationaa	AHCTF1_p.Glu66Asp	1
by_gender	female	locationaa	AHCTF1_p.Ile1922Ser	1
by_gender	female	locationaa	AHCTF1_p.Leu1316ProfsTer5	1
by_gender	female	locationaa	AHCYL1_p.Thr182Pro	1
by_gender	female	locationaa	AHCYL2_p.Ser143Phe	1
by_gender	female	locationaa	AHCY_p.Leu32Met	1
by_gender	female	locationaa	AHCY_p.Val184Ile	1
by_gender	female	locationaa	AHDC1_p.Ala240Val	1
by_gender	female	locationaa	AHI1_p.Phe617Leu	1
by_gender	female	locationaa	AHNAK2_p.Ala2958Thr	1
by_gender	female	locationaa	AHNAK2_p.Ala4490Val	1
by_gender	female	locationaa	AHNAK2_p.Glu499Ter	1
by_gender	female	locationaa	AHNAK2_p.Leu3420Ile	1
by_gender	female	locationaa	AHNAK2_p.Pro783His	1
by_gender	female	locationaa	AHNAK2_p.Ser1047Ile	1
by_gender	female	locationaa	AHNAK2_p.Ser2331Tyr	1
by_gender	female	locationaa	AHNAK_p.Ala789Val	1
by_gender	female	locationaa	AHNAK_p.Leu3517Ile	1
by_gender	female	locationaa	AHNAK_p.Leu3654Met	1
by_gender	female	locationaa	AHNAK_p.Leu929Pro	1
by_gender	female	locationaa	AHNAK_p.Lys959Thr	1
by_gender	female	locationaa	AHNAK_p.Met4652Ile	1
by_gender	female	locationaa	AHNAK_p.Phe5613Cys	1
by_gender	female	locationaa	AHNAK_p.Pro2028Leu	1
by_gender	female	locationaa	AHNAK_p.Pro3332Thr	1
by_gender	female	locationaa	AHNAK_p.Pro949His	1
by_gender	female	locationaa	AHRR_p.Ala254Val	1
by_gender	female	locationaa	AHR_p.Arg359Gln	1
by_gender	female	locationaa	AIFM1_p.Pro586Ser	1
by_gender	female	locationaa	AIFM2_p.Ala320Thr	1
by_gender	female	locationaa	AIFM2_p.Gly117Asp	1
by_gender	female	locationaa	AIPL1_p.Val81Met	1
by_gender	female	locationaa	AJAP1_p.Leu34Ile	1
by_gender	female	locationaa	AJAP1_p.Val200Ile	1
by_gender	female	locationaa	AJM1_p.Arg672His	1
by_gender	female	locationaa	AK2_p.Arg61Gln	1
by_gender	female	locationaa	AK3_p.Arg94Met	1
by_gender	female	locationaa	AK7_p.Arg108His	1
by_gender	female	locationaa	AK7_p.Asp168Glu	1
by_gender	female	locationaa	AK7_p.Leu46Arg	1
by_gender	female	locationaa	AK8_p.Glu13ArgfsTer40	1
by_gender	female	locationaa	AK9_p.Ala1819Val	1
by_gender	female	locationaa	AKAP10_p.Val50Ala	1
by_gender	female	locationaa	AKAP12_p.Ala831Thr	1
by_gender	female	locationaa	AKAP13_p.Gly1267Glu	1
by_gender	female	locationaa	AKAP13_p.Lys547Arg	1
by_gender	female	locationaa	AKAP13_p.Val2233Ile	1
by_gender	female	locationaa	AKAP17A_p.Arg196Trp	1
by_gender	female	locationaa	AKAP3_p.Leu333Ile	1
by_gender	female	locationaa	AKAP4_p.Asn763Thr	1
by_gender	female	locationaa	AKAP6_p.Arg1592Gln	1
by_gender	female	locationaa	AKAP6_p.Arg1652Ter	1
by_gender	female	locationaa	AKAP6_p.Ser1741Phe	1
by_gender	female	locationaa	AKAP7_p.Gln106His	1
by_gender	female	locationaa	AKAP7_p.Gly288Arg	1
by_gender	female	locationaa	AKAP8L_p.Arg261Trp	1
by_gender	female	locationaa	AKAP9_p.Cys2157Tyr	1
by_gender	female	locationaa	AKAP9_p.Met930Leu	1
by_gender	female	locationaa	AKAP9_p.Ser1564Tyr	1
by_gender	female	locationaa	AKAP9_p.Ser714Thr	1
by_gender	female	locationaa	AKNAD1_p.Leu172Phe	1
by_gender	female	locationaa	AKR1B15_p.Arg69His	1
by_gender	female	locationaa	AKR1B1_p.Asn183Lys	1
by_gender	female	locationaa	AKR1C1_p.His248Tyr	1
by_gender	female	locationaa	AKR1C3_p.Arg301Lys	1
by_gender	female	locationaa	AKR1C8P_p.Val114Ala	1
by_gender	female	locationaa	AKR7A2_p.Arg261Met	1
by_gender	female	locationaa	AKT2_p.Lys277Asn	1
by_gender	female	locationaa	AKTIP_p.Ser102Pro	1
by_gender	female	locationaa	AKTIP_p.Val27Met	1
by_gender	female	locationaa	AL117348.2_p.Arg358Ter	1
by_gender	female	locationaa	AL136295.1_p.Ala715Thr	1
by_gender	female	locationaa	AL162417.1_p.Gly131Glu	1
by_gender	female	locationaa	AL358113.1_p.Arg1305Cys	1
by_gender	female	locationaa	AL592490.1_p.Ala452Val	1
by_gender	female	locationaa	AL592490.1_p.Val335Leu	1
by_gender	female	locationaa	AL645922.1_p.Ala188Val	1
by_gender	female	locationaa	AL645922.1_p.Arg1144Trp	1
by_gender	female	locationaa	AL645922.1_p.Gly663Glu	1
by_gender	female	locationaa	AL645922.1_p.Pro15Thr	1
by_gender	female	locationaa	ALAS2_p.Arg368Trp	1
by_gender	female	locationaa	ALAS2_p.Gly544Glu	1
by_gender	female	locationaa	ALDH16A1_p.Arg535Cys	1
by_gender	female	locationaa	ALDH16A1_p.Leu702Met	1
by_gender	female	locationaa	ALDH18A1_p.Arg138Trp	1
by_gender	female	locationaa	ALDH1A3_p.Arg271Gln	1
by_gender	female	locationaa	ALDH1L1_p.Ala219Thr	1
by_gender	female	locationaa	ALDH1L1_p.Gln693His	1
by_gender	female	locationaa	ALDH1L1_p.Ser878Tyr	1
by_gender	female	locationaa	ALDH1L2_p.Leu709Phe	1
by_gender	female	locationaa	ALDH3A1_p.Val324Met	1
by_gender	female	locationaa	ALDH3A2_p.Gly412Val	1
by_gender	female	locationaa	ALDH3B1_p.Arg295Trp	1
by_gender	female	locationaa	ALDH3B1_p.Glu350Ala	1
by_gender	female	locationaa	ALDH3B2_p.Leu86Met	1
by_gender	female	locationaa	ALDH4A1_p.Gly199Ser	1
by_gender	female	locationaa	ALDH5A1_p.Pro258Ser	1
by_gender	female	locationaa	ALDH6A1_p.Arg101Cys	1
by_gender	female	locationaa	ALDOB_p.Ala32Thr	1
by_gender	female	locationaa	ALDOB_p.Arg259Cys	1
by_gender	female	locationaa	ALG10B_p.Arg436Lys	1
by_gender	female	locationaa	ALG10_p.Cys167Arg	1
by_gender	female	locationaa	ALG11_p.Leu424AlafsTer2	1
by_gender	female	locationaa	ALG11_p.Leu89Met	1
by_gender	female	locationaa	ALG12_p.Ala213Thr	1
by_gender	female	locationaa	ALG12_p.Val76Leu	1
by_gender	female	locationaa	ALG5_p.Leu20Phe	1
by_gender	female	locationaa	ALG9_p.Arg112His	1
by_gender	female	locationaa	ALG9_p.Leu381Phe	1
by_gender	female	locationaa	ALKBH1_p.Ala205Thr	1
by_gender	female	locationaa	ALKBH2_p.Ala45Thr	1
by_gender	female	locationaa	ALKBH5_p.Arg327His	1
by_gender	female	locationaa	ALKBH6_p.Arg74Trp	1
by_gender	female	locationaa	ALK_p.Arg200Lys	1
by_gender	female	locationaa	ALLC_p.Arg73Gln	1
by_gender	female	locationaa	ALLC_p.Thr273Pro	1
by_gender	female	locationaa	ALMS1_p.Ala4018Thr	1
by_gender	female	locationaa	ALMS1_p.Pro628Ser	1
by_gender	female	locationaa	ALMS1_p.Val4063Ile	1
by_gender	female	locationaa	ALPI_p.Ala70Val	1
by_gender	female	locationaa	ALPI_p.Arg185His	1
by_gender	female	locationaa	ALPK1_p.Gly693Glu	1
by_gender	female	locationaa	ALPK1_p.Lys65Glu	1
by_gender	female	locationaa	ALPK1_p.Ser581Arg	1
by_gender	female	locationaa	ALPK2_p.Arg1935His	1
by_gender	female	locationaa	ALPK2_p.Thr494Ile	1
by_gender	female	locationaa	ALPK3_p.Glu1534Lys	1
by_gender	female	locationaa	ALPK3_p.Gly1065Asp	1
by_gender	female	locationaa	ALPL_p.Ala132Thr	1
by_gender	female	locationaa	ALPP_p.Gly247Glu	1
by_gender	female	locationaa	ALS2_p.Asp298Tyr	1
by_gender	female	locationaa	ALS2_p.Leu484Ile	1
by_gender	female	locationaa	ALS2_p.Thr31Pro	1
by_gender	female	locationaa	ALX3_p.Thr158Met	1
by_gender	female	locationaa	ALX4_p.Val241Met	1
by_gender	female	locationaa	AMACR_p.Ile353Met	1
by_gender	female	locationaa	AMBN_p.Thr343Ala	1
by_gender	female	locationaa	AMBP_p.Arg282Gln	1
by_gender	female	locationaa	AMBP_p.His110Gln	1
by_gender	female	locationaa	AMBRA1_p.Ala1114Val	1
by_gender	female	locationaa	AMBRA1_p.Arg1224Ter	1
by_gender	female	locationaa	AMBRA1_p.Pro1255Leu	1
by_gender	female	locationaa	AMD1_p.Trp157Arg	1
by_gender	female	locationaa	AMER1_p.Ala8Val	1
by_gender	female	locationaa	AMER1_p.Asp831Asn	1
by_gender	female	locationaa	AMER1_p.Leu118Met	1
by_gender	female	locationaa	AMER2_p.Glu452Lys	1
by_gender	female	locationaa	AMFR_p.Ser507Leu	1
by_gender	female	locationaa	AMHR2_p.Arg428Lys	1
by_gender	female	locationaa	AMHR2_p.Leu542His	1
by_gender	female	locationaa	AMHR2_p.Pro448Leu	1
by_gender	female	locationaa	AMIGO1_p.Met1?	1
by_gender	female	locationaa	AMIGO2_p.Arg203Gln	1
by_gender	female	locationaa	AMIGO2_p.Glu356Gly	1
by_gender	female	locationaa	AMMECR1L_p.Lys239Asn	1
by_gender	female	locationaa	AMOTL1_p.Ser262Ile	1
by_gender	female	locationaa	AMOTL2_p.Ala421Thr	1
by_gender	female	locationaa	AMOT_p.Arg570Ter	2
by_gender	female	locationaa	AMOT_p.Ile501Thr	1
by_gender	female	locationaa	AMPD3_p.Asp219Asn	1
by_gender	female	locationaa	AMPH_p.Ala287Thr	1
by_gender	female	locationaa	AMPH_p.Pro361Leu	1
by_gender	female	locationaa	AMTN_p.Gln121His	1
by_gender	female	locationaa	AMTN_p.Thr4Met	1
by_gender	female	locationaa	AMY2A_p.Gly53Arg	1
by_gender	female	locationaa	AMZ2_p.Lys348Thr	1
by_gender	female	locationaa	ANAPC1_p.Ala676Thr	1
by_gender	female	locationaa	ANAPC1_p.Arg40His	1
by_gender	female	locationaa	ANAPC2_p.Pro105Ala	1
by_gender	female	locationaa	ANAPC2_p.Pro219Leu	1
by_gender	female	locationaa	ANAPC2_p.Ser675Arg	1
by_gender	female	locationaa	ANAPC4_p.Leu240Met	1
by_gender	female	locationaa	ANAPC5_p.Arg185Ile	1
by_gender	female	locationaa	ANAPC5_p.Ser487Tyr	1
by_gender	female	locationaa	ANGPTL3_p.Leu379Val	1
by_gender	female	locationaa	ANGPTL6_p.Met219Ile	1
by_gender	female	locationaa	ANGPTL7_p.Tyr135Cys	1
by_gender	female	locationaa	ANK1_p.His1875Tyr	1
by_gender	female	locationaa	ANK1_p.Pro908Leu	1
by_gender	female	locationaa	ANK2_p.Ala218Asp	1
by_gender	female	locationaa	ANK2_p.Cys2568Gly	1
by_gender	female	locationaa	ANK2_p.Gln172His	1
by_gender	female	locationaa	ANK2_p.His238Arg	1
by_gender	female	locationaa	ANK3_p.Ala210Thr	1
by_gender	female	locationaa	ANK3_p.Arg2558Cys	1
by_gender	female	locationaa	ANKAR_p.Asp964Asn	1
by_gender	female	locationaa	ANKDD1A_p.Ser371Ile	1
by_gender	female	locationaa	ANKHD1-EIF4EBP3_p.Thr782Ile	1
by_gender	female	locationaa	ANKHD1_p.Asp168Tyr	1
by_gender	female	locationaa	ANKIB1_p.Ala986Asp	1
by_gender	female	locationaa	ANKIB1_p.Arg907Trp	1
by_gender	female	locationaa	ANKK1_p.Ala436Thr	1
by_gender	female	locationaa	ANKK1_p.Leu288Met	1
by_gender	female	locationaa	ANKK1_p.Pro272Leu	1
by_gender	female	locationaa	ANKLE2_p.Ala769Thr	1
by_gender	female	locationaa	ANKLE2_p.Pro134Thr	1
by_gender	female	locationaa	ANKMY1_p.Pro181Ser	1
by_gender	female	locationaa	ANKMY2_p.Gly162Val	1
by_gender	female	locationaa	ANKRD11_p.Ala1919Val	1
by_gender	female	locationaa	ANKRD11_p.Asp1762Asn	1
by_gender	female	locationaa	ANKRD11_p.His1476Tyr	1
by_gender	female	locationaa	ANKRD13A_p.Ala81Val	1
by_gender	female	locationaa	ANKRD13C_p.Pro406Leu	1
by_gender	female	locationaa	ANKRD17_p.Ala1552Thr	1
by_gender	female	locationaa	ANKRD17_p.Pro2424Thr	1
by_gender	female	locationaa	ANKRD17_p.Tyr1297His	1
by_gender	female	locationaa	ANKRD1_p.Asp216Asn	1
by_gender	female	locationaa	ANKRD20A4P_p.Gln746His	1
by_gender	female	locationaa	ANKRD23_p.Ala139Thr	1
by_gender	female	locationaa	ANKRD24_p.Gln502His	1
by_gender	female	locationaa	ANKRD24_p.Glu495Lys	1
by_gender	female	locationaa	ANKRD28_p.Glu903Lys	1
by_gender	female	locationaa	ANKRD30A_p.Asp560Gly	1
by_gender	female	locationaa	ANKRD34A_p.Leu252Ile	1
by_gender	female	locationaa	ANKRD34B_p.Tyr69Cys	1
by_gender	female	locationaa	ANKRD35_p.Ala262Thr	1
by_gender	female	locationaa	ANKRD35_p.Glu742GlyfsTer24	1
by_gender	female	locationaa	ANKRD46_p.Leu31Phe	1
by_gender	female	locationaa	ANKRD49_p.Leu174Phe	1
by_gender	female	locationaa	ANKRD50_p.Ala789Val	1
by_gender	female	locationaa	ANKRD50_p.Arg1229Ter	1
by_gender	female	locationaa	ANKRD50_p.Ser193Tyr	1
by_gender	female	locationaa	ANKRD52_p.Arg649Cys	1
by_gender	female	locationaa	ANKRD52_p.Asp38Tyr	1
by_gender	female	locationaa	ANKRD52_p.Gly791Arg	1
by_gender	female	locationaa	ANKRD55_p.Arg518Lys	1
by_gender	female	locationaa	ANKRD9_p.Ala69Thr	1
by_gender	female	locationaa	ANKS1A_p.Ala615Asp	1
by_gender	female	locationaa	ANKS1B_p.Ile522Val	1
by_gender	female	locationaa	ANKS3_p.Arg234Gln	1
by_gender	female	locationaa	ANKS3_p.Arg288His	1
by_gender	female	locationaa	ANKS3_p.Gly46Asp	1
by_gender	female	locationaa	ANKS4B_p.Glu319Asp	1
by_gender	female	locationaa	ANKS6_p.Arg541Ter	1
by_gender	female	locationaa	ANKS6_p.Arg576Trp	1
by_gender	female	locationaa	ANLN_p.Ala285Thr	1
by_gender	female	locationaa	ANLN_p.Leu1080Ile	1
by_gender	female	locationaa	ANLN_p.Val871Ile	1
by_gender	female	locationaa	ANO10_p.Lys129Arg	1
by_gender	female	locationaa	ANO2_p.Glu156Asp	1
by_gender	female	locationaa	ANO2_p.Thr510Met	1
by_gender	female	locationaa	ANO3_p.Asp502Glu	1
by_gender	female	locationaa	ANO3_p.Glu438Lys	1
by_gender	female	locationaa	ANO3_p.Glu505Lys	1
by_gender	female	locationaa	ANO3_p.Ile819Thr	1
by_gender	female	locationaa	ANO3_p.Pro32Leu	1
by_gender	female	locationaa	ANO3_p.Val485Phe	1
by_gender	female	locationaa	ANO3_p.Val91Ala	1
by_gender	female	locationaa	ANO4_p.Trp356Ter	1
by_gender	female	locationaa	ANO4_p.Val15Gly	1
by_gender	female	locationaa	ANO7_p.Arg675His	1
by_gender	female	locationaa	ANO7_p.Ser546Asn	1
by_gender	female	locationaa	ANO8_p.Ala178Val	1
by_gender	female	locationaa	ANO8_p.Ala201Thr	1
by_gender	female	locationaa	ANO8_p.Ser991Leu	1
by_gender	female	locationaa	ANO9_p.His653Arg	1
by_gender	female	locationaa	ANPEP_p.Ala445Thr	1
by_gender	female	locationaa	ANPEP_p.Ser703Cys	1
by_gender	female	locationaa	ANXA11_p.Asn41Ser	1
by_gender	female	locationaa	ANXA1_p.Asp135Val	1
by_gender	female	locationaa	ANXA1_p.Ile138Ser	1
by_gender	female	locationaa	ANXA1_p.Leu104Pro	1
by_gender	female	locationaa	ANXA6_p.Ser484Phe	1
by_gender	female	locationaa	ANXA6_p.Thr464Ile	1
by_gender	female	locationaa	ANXA8_p.Arg215Lys	1
by_gender	female	locationaa	AOC1_p.Arg453Trp	1
by_gender	female	locationaa	AOC1_p.Pro683Leu	1
by_gender	female	locationaa	AOC2_p.Gly448Ser	1
by_gender	female	locationaa	AOC2_p.Val124Ile	1
by_gender	female	locationaa	AOC3_p.Asp531Asn	1
by_gender	female	locationaa	AOPEP_p.Pro405Thr	1
by_gender	female	locationaa	AOX1_p.Arg240Ile	1
by_gender	female	locationaa	AP002748.5_p.Ala507Ser	1
by_gender	female	locationaa	AP002748.5_p.Arg441Cys	1
by_gender	female	locationaa	AP1B1_p.Ala776Thr	1
by_gender	female	locationaa	AP1G2_p.Arg316His	1
by_gender	female	locationaa	AP1G2_p.Leu367Met	1
by_gender	female	locationaa	AP2A2_p.Phe741Leu	1
by_gender	female	locationaa	AP2B1_p.Val540Ile	1
by_gender	female	locationaa	AP2M1_p.Arg294Ter	1
by_gender	female	locationaa	AP3B1_p.Gly1033Cys	1
by_gender	female	locationaa	AP3B1_p.Ser548Cys	1
by_gender	female	locationaa	AP3B2_p.Leu585Ile	1
by_gender	female	locationaa	AP3D1_p.Ala438Thr	1
by_gender	female	locationaa	AP3D1_p.Arg651Trp	1
by_gender	female	locationaa	AP3D1_p.His341Arg	1
by_gender	female	locationaa	AP3D1_p.Leu972Phe	1
by_gender	female	locationaa	AP3M1_p.Asn152Ser	1
by_gender	female	locationaa	AP3M2_p.Lys63Asn	1
by_gender	female	locationaa	AP3M2_p.Thr151Met	1
by_gender	female	locationaa	AP3M2_p.Thr309Ala	1
by_gender	female	locationaa	AP4B1_p.Leu239Met	1
by_gender	female	locationaa	AP4B1_p.Thr416Ile	1
by_gender	female	locationaa	AP4B1_p.Thr89Met	1
by_gender	female	locationaa	AP4E1_p.Glu1082Asp	1
by_gender	female	locationaa	AP4E1_p.Met77Leu	1
by_gender	female	locationaa	AP5M1_p.Cys444Trp	1
by_gender	female	locationaa	AP5S1_p.Leu153Met	1
by_gender	female	locationaa	AP5Z1_p.Leu32Met	1
by_gender	female	locationaa	APAF1_p.Arg228His	1
by_gender	female	locationaa	APAF1_p.Asp678Asn	1
by_gender	female	locationaa	APAF1_p.Val324Ile	1
by_gender	female	locationaa	APBA1_p.Gln602His	1
by_gender	female	locationaa	APBA2_p.Ala461Thr	1
by_gender	female	locationaa	APBA2_p.Ala523Ser	1
by_gender	female	locationaa	APBA2_p.Asp368Asn	1
by_gender	female	locationaa	APBA2_p.Gln317His	1
by_gender	female	locationaa	APBA2_p.Ser283Leu	1
by_gender	female	locationaa	APBB1_p.Ala492Thr	1
by_gender	female	locationaa	APBB2_p.Arg529Ter	1
by_gender	female	locationaa	APBB3_p.Ala135Val	1
by_gender	female	locationaa	APBB3_p.Lys436Asn	1
by_gender	female	locationaa	APC2_p.Ala657Thr	1
by_gender	female	locationaa	APCDD1L_p.Ser287Leu	1
by_gender	female	locationaa	APCDD1_p.Arg246Trp	1
by_gender	female	locationaa	APC_p.Arg230Cys	1
by_gender	female	locationaa	APC_p.Pro1613His	1
by_gender	female	locationaa	APC_p.Tyr158His	1
by_gender	female	locationaa	APEH_p.Asp255Asn	1
by_gender	female	locationaa	APEH_p.Gly553Asp	1
by_gender	female	locationaa	API5_p.Arg382Trp	1
by_gender	female	locationaa	API5_p.Asp109Ala	1
by_gender	female	locationaa	API5_p.Cys241Tyr	1
by_gender	female	locationaa	APLF_p.Gly213Arg	1
by_gender	female	locationaa	APLP1_p.Met164Ile	1
by_gender	female	locationaa	APLP2_p.Glu657Lys	1
by_gender	female	locationaa	APOA5_p.Arg204His	1
by_gender	female	locationaa	APOA5_p.Val7Met	1
by_gender	female	locationaa	APOBEC3B_p.Ala134Val	1
by_gender	female	locationaa	APOBEC3D_p.Thr52Ile	1
by_gender	female	locationaa	APOBEC3G_p.Arg313His	1
by_gender	female	locationaa	APOBR_p.Gly964Asp	1
by_gender	female	locationaa	APOB_p.Ala913Asp	1
by_gender	female	locationaa	APOB_p.Arg3558His	1
by_gender	female	locationaa	APOB_p.Arg635Trp	1
by_gender	female	locationaa	APOB_p.Gly4209Arg	1
by_gender	female	locationaa	APOB_p.His1944Arg	1
by_gender	female	locationaa	APOB_p.Ile3538Ser	1
by_gender	female	locationaa	APOH_p.Glu91Lys	1
by_gender	female	locationaa	APOL1_p.Ala114Asp	1
by_gender	female	locationaa	APOL1_p.Glu2Asp	1
by_gender	female	locationaa	APOL2_p.Leu155Met	1
by_gender	female	locationaa	APOL3_p.Arg338Trp	1
by_gender	female	locationaa	APPL1_p.Arg589Trp	1
by_gender	female	locationaa	APPL2_p.Asn528Thr	1
by_gender	female	locationaa	APP_p.Ala273Thr	1
by_gender	female	locationaa	APP_p.Pro365His	1
by_gender	female	locationaa	APTX_p.Ser142Ile	1
by_gender	female	locationaa	AQP10_p.Arg181Trp	1
by_gender	female	locationaa	AQP8_p.Gly44Asp	1
by_gender	female	locationaa	AQR_p.Ala1065Ser	1
by_gender	female	locationaa	AQR_p.Glu647Asp	1
by_gender	female	locationaa	ARAF_p.Arg188His	1
by_gender	female	locationaa	ARAF_p.Ser510Asn	1
by_gender	female	locationaa	ARAP1_p.Ala260Val	1
by_gender	female	locationaa	ARAP1_p.Arg395Ter	1
by_gender	female	locationaa	ARAP2_p.Arg1346Gln	1
by_gender	female	locationaa	ARAP3_p.Ala35Thr	1
by_gender	female	locationaa	ARAP3_p.Arg1012His	1
by_gender	female	locationaa	ARAP3_p.Gly825Ser	1
by_gender	female	locationaa	ARAP3_p.Ser75Pro	1
by_gender	female	locationaa	ARCN1_p.Thr10GlyfsTer8	1
by_gender	female	locationaa	ARC_p.Gln310His	1
by_gender	female	locationaa	AREL1_p.Ala777Val	1
by_gender	female	locationaa	AREL1_p.Pro383Thr	1
by_gender	female	locationaa	AREL1_p.Ser327Tyr	1
by_gender	female	locationaa	ARF1_p.Arg79His	1
by_gender	female	locationaa	ARF4_p.Ala133Asp	1
by_gender	female	locationaa	ARFGAP1_p.Phe111Val	1
by_gender	female	locationaa	ARFGAP3_p.Asn299MetfsTer22	1
by_gender	female	locationaa	ARFGEF1_p.Ala1594Asp	1
by_gender	female	locationaa	ARFGEF1_p.Ala1616Val	1
by_gender	female	locationaa	ARFGEF1_p.Gly316Arg	1
by_gender	female	locationaa	ARFGEF1_p.Lys520Asn	1
by_gender	female	locationaa	ARFGEF2_p.Gln684Ter	1
by_gender	female	locationaa	ARFGEF2_p.Leu320Pro	1
by_gender	female	locationaa	ARFGEF3_p.Ala294Val	1
by_gender	female	locationaa	ARFGEF3_p.Lys1404Asn	1
by_gender	female	locationaa	ARFIP2_p.Lys292Gln	1
by_gender	female	locationaa	ARFIP2_p.Val96Ala	1
by_gender	female	locationaa	ARG2_p.Asp221Tyr	1
by_gender	female	locationaa	ARGLU1_p.Arg159Ter	1
by_gender	female	locationaa	ARHGAP10_p.Ser715LeufsTer6	1
by_gender	female	locationaa	ARHGAP10_p.Val611Met	1
by_gender	female	locationaa	ARHGAP11A_p.Ile916Ser	1
by_gender	female	locationaa	ARHGAP11B_p.Arg94His	1
by_gender	female	locationaa	ARHGAP11B_p.Asp116Gly	1
by_gender	female	locationaa	ARHGAP12_p.Gln663His	1
by_gender	female	locationaa	ARHGAP17_p.Glu877Asp	1
by_gender	female	locationaa	ARHGAP17_p.Gly600Asp	1
by_gender	female	locationaa	ARHGAP17_p.Leu766Pro	1
by_gender	female	locationaa	ARHGAP19_p.Arg429Gln	1
by_gender	female	locationaa	ARHGAP20_p.Gly880Val	1
by_gender	female	locationaa	ARHGAP20_p.Ile517Val	1
by_gender	female	locationaa	ARHGAP21_p.Ala1022Thr	1
by_gender	female	locationaa	ARHGAP21_p.Arg1308Ter	1
by_gender	female	locationaa	ARHGAP21_p.Trp1337Gly	1
by_gender	female	locationaa	ARHGAP21_p.Val257Ile	1
by_gender	female	locationaa	ARHGAP24_p.Arg499Ter	1
by_gender	female	locationaa	ARHGAP24_p.Val156Ala	1
by_gender	female	locationaa	ARHGAP25_p.Arg57Met	1
by_gender	female	locationaa	ARHGAP25_p.Pro371Leu	1
by_gender	female	locationaa	ARHGAP27_p.Ala3Glu	1
by_gender	female	locationaa	ARHGAP28_p.Pro259Leu	1
by_gender	female	locationaa	ARHGAP29_p.Lys924Met	1
by_gender	female	locationaa	ARHGAP30_p.Arg983Gln	1
by_gender	female	locationaa	ARHGAP30_p.Lys623Thr	1
by_gender	female	locationaa	ARHGAP31_p.Glu43Ala	1
by_gender	female	locationaa	ARHGAP31_p.Gly1051Trp	1
by_gender	female	locationaa	ARHGAP31_p.Pro692Leu	1
by_gender	female	locationaa	ARHGAP31_p.Ser735Asn	1
by_gender	female	locationaa	ARHGAP32_p.Arg1950Ter	1
by_gender	female	locationaa	ARHGAP32_p.Ser927Leu	1
by_gender	female	locationaa	ARHGAP32_p.Thr1848Met	1
by_gender	female	locationaa	ARHGAP32_p.Val922Ile	1
by_gender	female	locationaa	ARHGAP33_p.Ala742Thr	1
by_gender	female	locationaa	ARHGAP35_p.Arg433Ter	1
by_gender	female	locationaa	ARHGAP35_p.Ser994Asn	1
by_gender	female	locationaa	ARHGAP36_p.His69Gln	1
by_gender	female	locationaa	ARHGAP36_p.Leu281Pro	1
by_gender	female	locationaa	ARHGAP39_p.Asn696Lys	1
by_gender	female	locationaa	ARHGAP39_p.Glu745Lys	1
by_gender	female	locationaa	ARHGAP39_p.Glu939Lys	1
by_gender	female	locationaa	ARHGAP45_p.Gly760Ser	1
by_gender	female	locationaa	ARHGAP5_p.Glu893Ter	1
by_gender	female	locationaa	ARHGAP5_p.Gly64Ter	1
by_gender	female	locationaa	ARHGAP5_p.Lys740Thr	1
by_gender	female	locationaa	ARHGAP5_p.Trp1414Ter	1
by_gender	female	locationaa	ARHGAP5_p.Val185Ala	1
by_gender	female	locationaa	ARHGAP6_p.Leu859Met	1
by_gender	female	locationaa	ARHGAP6_p.Pro283Leu	1
by_gender	female	locationaa	ARHGAP6_p.Thr585Met	1
by_gender	female	locationaa	ARHGAP9_p.Leu30Phe	1
by_gender	female	locationaa	ARHGDIA_p.Arg120Gln	1
by_gender	female	locationaa	ARHGEF10L_p.Pro301Thr	1
by_gender	female	locationaa	ARHGEF10_p.Ala899Asp	1
by_gender	female	locationaa	ARHGEF11_p.Arg392Trp	1
by_gender	female	locationaa	ARHGEF11_p.Leu995Met	1
by_gender	female	locationaa	ARHGEF11_p.Ser319Ala	1
by_gender	female	locationaa	ARHGEF12_p.Asn1006Thr	1
by_gender	female	locationaa	ARHGEF12_p.Asp1180Asn	1
by_gender	female	locationaa	ARHGEF12_p.Gln1108His	1
by_gender	female	locationaa	ARHGEF12_p.Lys1539Thr	1
by_gender	female	locationaa	ARHGEF15_p.Gln694His	1
by_gender	female	locationaa	ARHGEF15_p.Pro56Gln	1
by_gender	female	locationaa	ARHGEF16_p.Ala521Val	1
by_gender	female	locationaa	ARHGEF17_p.Arg1957Trp	1
by_gender	female	locationaa	ARHGEF17_p.Asp403Val	1
by_gender	female	locationaa	ARHGEF17_p.Ser1706Asn	1
by_gender	female	locationaa	ARHGEF18_p.Arg248His	1
by_gender	female	locationaa	ARHGEF18_p.Leu760Ile	1
by_gender	female	locationaa	ARHGEF19_p.Arg240Gln	1
by_gender	female	locationaa	ARHGEF19_p.Arg448His	1
by_gender	female	locationaa	ARHGEF19_p.Leu615Met	1
by_gender	female	locationaa	ARHGEF1_p.Glu190Asp	1
by_gender	female	locationaa	ARHGEF1_p.Val495Met	1
by_gender	female	locationaa	ARHGEF25_p.Pro497Ser	1
by_gender	female	locationaa	ARHGEF26_p.Glu847Lys	1
by_gender	female	locationaa	ARHGEF28_p.Glu677Asp	1
by_gender	female	locationaa	ARHGEF37_p.Ala192Val	1
by_gender	female	locationaa	ARHGEF37_p.Gly546Asp	1
by_gender	female	locationaa	ARHGEF40_p.Leu750Met	1
by_gender	female	locationaa	ARHGEF5_p.Pro320Ser	1
by_gender	female	locationaa	ARHGEF6_p.Pro50Ser	1
by_gender	female	locationaa	ARHGEF7_p.Pro783Ser	1
by_gender	female	locationaa	ARHGEF7_p.Tyr297His	1
by_gender	female	locationaa	ARHGEF9_p.Arg225His	1
by_gender	female	locationaa	ARID1A_p.Ala1434Val	1
by_gender	female	locationaa	ARID1A_p.Asn1800Tyr	1
by_gender	female	locationaa	ARID1A_p.Gln1277Ter	1
by_gender	female	locationaa	ARID1A_p.Gln594SerfsTer25	1
by_gender	female	locationaa	ARID1A_p.Gln611His	1
by_gender	female	locationaa	ARID1A_p.Gln920Ter	1
by_gender	female	locationaa	ARID1B_p.Pro1014Leu	1
by_gender	female	locationaa	ARID1B_p.Pro1170Thr	1
by_gender	female	locationaa	ARID1B_p.Trp1624Arg	1
by_gender	female	locationaa	ARID1B_p.Trp2000Arg	1
by_gender	female	locationaa	ARID2_p.Met375Val	1
by_gender	female	locationaa	ARID2_p.Ser474Asn	1
by_gender	female	locationaa	ARID2_p.Thr1593Ala	1
by_gender	female	locationaa	ARID3A_p.Leu278Met	1
by_gender	female	locationaa	ARID4A_p.Ala1253Thr	1
by_gender	female	locationaa	ARIH1_p.Gln541His	1
by_gender	female	locationaa	ARIH1_p.Ser265Ile	1
by_gender	female	locationaa	ARL10_p.Arg200Gln	1
by_gender	female	locationaa	ARL4A_p.Asp184Asn	1
by_gender	female	locationaa	ARL4C_p.Glu166Gln	1
by_gender	female	locationaa	ARL4C_p.Lys187Thr	1
by_gender	female	locationaa	ARL4D_p.Ala9Val	1
by_gender	female	locationaa	ARL4D_p.Glu149Asp	1
by_gender	female	locationaa	ARMC12_p.Asp13Asn	1
by_gender	female	locationaa	ARMC12_p.Leu247Phe	1
by_gender	female	locationaa	ARMC1_p.Ala14Thr	1
by_gender	female	locationaa	ARMC2_p.Arg553Cys	1
by_gender	female	locationaa	ARMC3_p.Ala393Thr	1
by_gender	female	locationaa	ARMC3_p.Ala419Gly	1
by_gender	female	locationaa	ARMC3_p.Ala462Asp	1
by_gender	female	locationaa	ARMC3_p.Ala752Thr	1
by_gender	female	locationaa	ARMC3_p.Arg817Cys	1
by_gender	female	locationaa	ARMC6_p.Arg406Cys	1
by_gender	female	locationaa	ARMC6_p.Gln379His	1
by_gender	female	locationaa	ARMC7_p.Phe167Leu	1
by_gender	female	locationaa	ARMC9_p.Thr293Met	1
by_gender	female	locationaa	ARMCX2_p.Ala451Thr	1
by_gender	female	locationaa	ARMCX3_p.Val117Ile	1
by_gender	female	locationaa	ARMCX5_p.Gly238Glu	1
by_gender	female	locationaa	ARMCX5_p.Trp187Cys	1
by_gender	female	locationaa	ARMCX6_p.Asp46Gly	1
by_gender	female	locationaa	ARMH3_p.Val211Ile	1
by_gender	female	locationaa	ARMH3_p.Val330Ala	1
by_gender	female	locationaa	ARMH4_p.Gln190Arg	1
by_gender	female	locationaa	ARPC2_p.Gln112His	1
by_gender	female	locationaa	ARPC5L_p.Gly139Arg	1
by_gender	female	locationaa	ARPC5_p.Val14Ala	1
by_gender	female	locationaa	ARR3_p.Pro177His	1
by_gender	female	locationaa	ARRB2_p.Ala83Thr	1
by_gender	female	locationaa	ARRB2_p.Pro183Ser	1
by_gender	female	locationaa	ARRB2_p.Ser225Cys	1
by_gender	female	locationaa	ARRDC1_p.Asp218Asn	1
by_gender	female	locationaa	ARRDC1_p.Glu101Lys	1
by_gender	female	locationaa	ARRDC2_p.Thr96Ile	1
by_gender	female	locationaa	ARRDC4_p.Ile106Val	1
by_gender	female	locationaa	ARSA_p.Gly446Ser	1
by_gender	female	locationaa	ARSB_p.Arg197Gln	1
by_gender	female	locationaa	ARSB_p.Gly161Ter	1
by_gender	female	locationaa	ARSF_p.Gly264Val	1
by_gender	female	locationaa	ARSG_p.Gly97Asp	1
by_gender	female	locationaa	ARSH_p.Ser380Ile	1
by_gender	female	locationaa	ARSI_p.Ala273Asp	1
by_gender	female	locationaa	ARSK_p.His49Arg	1
by_gender	female	locationaa	ARSL_p.Ser352Leu	1
by_gender	female	locationaa	ARVCF_p.Glu594Ter	1
by_gender	female	locationaa	ARVCF_p.Leu643Ile	1
by_gender	female	locationaa	ARVCF_p.Thr130Met	1
by_gender	female	locationaa	AR_p.Arg753Ter	1
by_gender	female	locationaa	AS3MT_p.Ile309Val	1
by_gender	female	locationaa	ASAH1_p.Arg312Ter	1
by_gender	female	locationaa	ASAH2_p.Asp434Tyr	1
by_gender	female	locationaa	ASAP1_p.Ala406Val	1
by_gender	female	locationaa	ASAP2_p.Ala168Thr	1
by_gender	female	locationaa	ASAP2_p.Ala951Thr	1
by_gender	female	locationaa	ASAP3_p.Asp636Asn	1
by_gender	female	locationaa	ASB10_p.Arg210Gln	1
by_gender	female	locationaa	ASB10_p.Val465Met	1
by_gender	female	locationaa	ASB11_p.Arg318Gln	1
by_gender	female	locationaa	ASB15_p.Asp348Asn	1
by_gender	female	locationaa	ASB15_p.Thr336Ile	1
by_gender	female	locationaa	ASB15_p.Val358Ile	1
by_gender	female	locationaa	ASB2_p.Ala193Thr	1
by_gender	female	locationaa	ASB3_p.Glu111Ter	1
by_gender	female	locationaa	ASB3_p.Val95Ile	1
by_gender	female	locationaa	ASB5_p.Thr235Ile	1
by_gender	female	locationaa	ASB9_p.Ser57Ile	1
by_gender	female	locationaa	ASCC2_p.Glu687Ter	1
by_gender	female	locationaa	ASCC3_p.Glu486Gly	1
by_gender	female	locationaa	ASCC3_p.His1619Tyr	1
by_gender	female	locationaa	ASCC3_p.Thr1480Ala	1
by_gender	female	locationaa	ASF1B_p.Met157Thr	1
by_gender	female	locationaa	ASGR1_p.Asp115Asn	1
by_gender	female	locationaa	ASGR2_p.Ser12Ile	1
by_gender	female	locationaa	ASH1L_p.Ala1027Thr	1
by_gender	female	locationaa	ASH1L_p.Ala2754Asp	1
by_gender	female	locationaa	ASH1L_p.Arg56Lys	1
by_gender	female	locationaa	ASH1L_p.Leu1786Val	1
by_gender	female	locationaa	ASH1L_p.Thr2900GlnfsTer44	1
by_gender	female	locationaa	ASH2L_p.Ser134Leu	1
by_gender	female	locationaa	ASIC1_p.Arg520Gln	1
by_gender	female	locationaa	ASIC3_p.Phe144Cys	1
by_gender	female	locationaa	ASIC3_p.Pro87Leu	1
by_gender	female	locationaa	ASIC3_p.Val49Met	1
by_gender	female	locationaa	ASIC4_p.Arg156Cys	1
by_gender	female	locationaa	ASIC4_p.Glu299Ter	1
by_gender	female	locationaa	ASIC4_p.Ser126Leu	1
by_gender	female	locationaa	ASIC5_p.Tyr347Ter	1
by_gender	female	locationaa	ASMT_p.Thr144Pro	1
by_gender	female	locationaa	ASNS_p.Arg340His	1
by_gender	female	locationaa	ASNS_p.Arg49Gln	1
by_gender	female	locationaa	ASNS_p.Gly58Glu	1
by_gender	female	locationaa	ASPHD2_p.Arg252His	1
by_gender	female	locationaa	ASPH_p.Lys579Asn	1
by_gender	female	locationaa	ASPH_p.Met535Ile	1
by_gender	female	locationaa	ASPM_p.Ala1950Ser	1
by_gender	female	locationaa	ASPM_p.Ala2918Ser	1
by_gender	female	locationaa	ASPM_p.Ala517Thr	1
by_gender	female	locationaa	ASPM_p.Ala964Val	1
by_gender	female	locationaa	ASPM_p.His1984Asn	1
by_gender	female	locationaa	ASPM_p.Leu1260Ile	1
by_gender	female	locationaa	ASPM_p.Thr2666Ala	1
by_gender	female	locationaa	ASPM_p.Trp1456Ter	1
by_gender	female	locationaa	ASRGL1_p.Asp298Asn	1
by_gender	female	locationaa	ASTN1_p.Arg1132Gln	1
by_gender	female	locationaa	ASTN1_p.Arg621Cys	1
by_gender	female	locationaa	ASTN1_p.Asp291Asn	1
by_gender	female	locationaa	ASTN1_p.Leu990Ile	1
by_gender	female	locationaa	ASTN1_p.Ser130Arg	1
by_gender	female	locationaa	ASTN1_p.Ser425Asn	1
by_gender	female	locationaa	ASTN1_p.Ser455Asn	1
by_gender	female	locationaa	ASTN2_p.Cys457Tyr	1
by_gender	female	locationaa	ASTN2_p.Ser179Ile	1
by_gender	female	locationaa	ASXL1_p.Asp521Asn	1
by_gender	female	locationaa	ASXL1_p.Gly1299Asp	1
by_gender	female	locationaa	ASXL2_p.Leu419Phe	1
by_gender	female	locationaa	ASXL2_p.Pro1325Ser	1
by_gender	female	locationaa	ASXL3_p.Ala2168Thr	1
by_gender	female	locationaa	ASXL3_p.Arg1739Cys	1
by_gender	female	locationaa	ATAD2B_p.Arg1398His	1
by_gender	female	locationaa	ATAD2B_p.Glu814Ter	1
by_gender	female	locationaa	ATAD3A_p.Ala362Thr	1
by_gender	female	locationaa	ATAD5_p.Arg1162Cys	1
by_gender	female	locationaa	ATAD5_p.Gly1199Cys	1
by_gender	female	locationaa	ATAD5_p.Leu520Val	1
by_gender	female	locationaa	ATCAY_p.Ala330Val	1
by_gender	female	locationaa	ATE1_p.Glu271Asp	1
by_gender	female	locationaa	ATE1_p.Gly338Asp	1
by_gender	female	locationaa	ATF1_p.Ala91Asp	1
by_gender	female	locationaa	ATF3_p.Arg92Ter	1
by_gender	female	locationaa	ATF6B_p.Asp139Asn	1
by_gender	female	locationaa	ATF6B_p.Leu6Met	1
by_gender	female	locationaa	ATF7IP2_p.Arg347His	1
by_gender	female	locationaa	ATF7IP_p.Arg1077Ter	1
by_gender	female	locationaa	ATG101_p.Gln97Ter	1
by_gender	female	locationaa	ATG14_p.Ser385Asn	1
by_gender	female	locationaa	ATG14_p.Ser404Tyr	1
by_gender	female	locationaa	ATG14_p.Thr54ArgfsTer31	1
by_gender	female	locationaa	ATG2A_p.Ser1874Leu	1
by_gender	female	locationaa	ATG2B_p.Ala1355Val	1
by_gender	female	locationaa	ATG2B_p.Phe1218Leu	1
by_gender	female	locationaa	ATG2B_p.Ser652Ala	1
by_gender	female	locationaa	ATG2B_p.Ser80Pro	1
by_gender	female	locationaa	ATG2B_p.Thr1814Met	1
by_gender	female	locationaa	ATG4D_p.Gly240Asp	1
by_gender	female	locationaa	ATG7_p.Glu37Lys	1
by_gender	female	locationaa	ATIC_p.Tyr464Ter	1
by_gender	female	locationaa	ATMIN_p.Ala340Asp	1
by_gender	female	locationaa	ATMIN_p.Phe641Leu	1
by_gender	female	locationaa	ATM_p.Arg2459Cys	1
by_gender	female	locationaa	ATM_p.Gly3030Val	1
by_gender	female	locationaa	ATM_p.Leu2780Arg	1
by_gender	female	locationaa	ATM_p.Pro2353His	1
by_gender	female	locationaa	ATM_p.Thr2934Ile	1
by_gender	female	locationaa	ATN1_p.Gly949Asp	1
by_gender	female	locationaa	ATN1_p.Ser559Ile	1
by_gender	female	locationaa	ATOH7_p.Ser87Ile	1
by_gender	female	locationaa	ATP10A_p.Arg692Trp	1
by_gender	female	locationaa	ATP10A_p.Ser486Asn	1
by_gender	female	locationaa	ATP10B_p.Phe368Leu	1
by_gender	female	locationaa	ATP10B_p.Pro969Ser	1
by_gender	female	locationaa	ATP10D_p.Lys620Thr	1
by_gender	female	locationaa	ATP10D_p.Ser1262Asn	1
by_gender	female	locationaa	ATP11A_p.Arg286Ter	1
by_gender	female	locationaa	ATP11A_p.Arg600Cys	1
by_gender	female	locationaa	ATP11B_p.His722Tyr	1
by_gender	female	locationaa	ATP11B_p.Val1031Ile	1
by_gender	female	locationaa	ATP12A_p.Ser174Phe	1
by_gender	female	locationaa	ATP12A_p.Thr535Ala	1
by_gender	female	locationaa	ATP13A5_p.Glu18Asp	1
by_gender	female	locationaa	ATP13A5_p.Lys641Asn	1
by_gender	female	locationaa	ATP13A5_p.Lys666Glu	1
by_gender	female	locationaa	ATP1A1_p.Asp933Asn	1
by_gender	female	locationaa	ATP1A2_p.Ala180Thr	1
by_gender	female	locationaa	ATP1A3_p.Val602Ile	1
by_gender	female	locationaa	ATP1A4_p.Ile500Thr	1
by_gender	female	locationaa	ATP1A4_p.Leu995Phe	1
by_gender	female	locationaa	ATP1B3_p.Val224Ala	1
by_gender	female	locationaa	ATP23_p.Glu61Lys	1
by_gender	female	locationaa	ATP2A1_p.Arg836Cys	1
by_gender	female	locationaa	ATP2A1_p.Gly322Asp	1
by_gender	female	locationaa	ATP2A1_p.Gly723Ser	1
by_gender	female	locationaa	ATP2A2_p.Ser1008Leu	1
by_gender	female	locationaa	ATP2A2_p.Val263Ala	1
by_gender	female	locationaa	ATP2B1_p.Ala277Val	1
by_gender	female	locationaa	ATP2B1_p.Ala293Asp	1
by_gender	female	locationaa	ATP2B1_p.Gln100His	1
by_gender	female	locationaa	ATP2B1_p.Gly54Glu	1
by_gender	female	locationaa	ATP2B1_p.Ser1140Leu	1
by_gender	female	locationaa	ATP2B2_p.Thr558Met	1
by_gender	female	locationaa	ATP2B3_p.Thr318Ser	1
by_gender	female	locationaa	ATP2C1_p.Arg764His	1
by_gender	female	locationaa	ATP2C2_p.Leu308Phe	1
by_gender	female	locationaa	ATP2C2_p.Leu571Ile	1
by_gender	female	locationaa	ATP4A_p.Ala331Asp	1
by_gender	female	locationaa	ATP4A_p.Arg330Gln	1
by_gender	female	locationaa	ATP4A_p.Asp751Asn	1
by_gender	female	locationaa	ATP4A_p.Gly35Glu	1
by_gender	female	locationaa	ATP4A_p.Gly73Ser	1
by_gender	female	locationaa	ATP5F1A_p.Arg171Ter	1
by_gender	female	locationaa	ATP5F1A_p.Gln286SerfsTer23	1
by_gender	female	locationaa	ATP5F1B_p.His477Arg	1
by_gender	female	locationaa	ATP5F1C_p.Pro85Leu	1
by_gender	female	locationaa	ATP5MD_p.Ala8Val	1
by_gender	female	locationaa	ATP5MF-PTCD1_p.Trp23Arg	1
by_gender	female	locationaa	ATP6AP1_p.Leu384Ile	1
by_gender	female	locationaa	ATP6V0A1_p.Gly413Asp	1
by_gender	female	locationaa	ATP6V0A1_p.Ile79Ser	1
by_gender	female	locationaa	ATP6V0A2_p.Val276Ala	1
by_gender	female	locationaa	ATP6V0A4_p.Leu117Phe	1
by_gender	female	locationaa	ATP6V1B2_p.Arg321Gln	1
by_gender	female	locationaa	ATP6V1B2_p.Gly196Glu	1
by_gender	female	locationaa	ATP6V1C2_p.Trp339Cys	1
by_gender	female	locationaa	ATP6V1F_p.Arg75Trp	1
by_gender	female	locationaa	ATP7A_p.Ala211Asp	1
by_gender	female	locationaa	ATP7A_p.Asp1139Tyr	1
by_gender	female	locationaa	ATP7B_p.Glu5Ter	1
by_gender	female	locationaa	ATP8A1_p.Ala1107Val	1
by_gender	female	locationaa	ATP8A1_p.Arg321Ter	1
by_gender	female	locationaa	ATP8A1_p.Glu116Ter	1
by_gender	female	locationaa	ATP8B1_p.Arg1194Gln	1
by_gender	female	locationaa	ATP8B1_p.Arg201His	1
by_gender	female	locationaa	ATP8B1_p.Val310Ala	1
by_gender	female	locationaa	ATP8B2_p.Arg21Met	1
by_gender	female	locationaa	ATP8B3_p.Ala547Thr	1
by_gender	female	locationaa	ATP8B4_p.Arg32His	1
by_gender	female	locationaa	ATP9A_p.Ala205Val	1
by_gender	female	locationaa	ATP9A_p.Ala265Thr	1
by_gender	female	locationaa	ATP9A_p.Arg775Cys	1
by_gender	female	locationaa	ATP9A_p.Thr196Met	1
by_gender	female	locationaa	ATP9A_p.Val112Met	1
by_gender	female	locationaa	ATP9B_p.Ala662Val	1
by_gender	female	locationaa	ATP9B_p.Glu457Asp	1
by_gender	female	locationaa	ATPSCKMT_p.Ser25Arg	1
by_gender	female	locationaa	ATRIP_p.Val116Ile	1
by_gender	female	locationaa	ATRNL1_p.Asp578Tyr	1
by_gender	female	locationaa	ATRNL1_p.Met907Ile	1
by_gender	female	locationaa	ATRNL1_p.Ser340Ile	1
by_gender	female	locationaa	ATRN_p.Arg936Ser	1
by_gender	female	locationaa	ATRX_p.Asp2234_Gln2242del	1
by_gender	female	locationaa	ATRX_p.Ser598Phe	1
by_gender	female	locationaa	ATR_p.Arg968Ile	1
by_gender	female	locationaa	ATR_p.Asp155Glu	1
by_gender	female	locationaa	ATR_p.Glu1765Ter	1
by_gender	female	locationaa	ATR_p.Glu2011Lys	1
by_gender	female	locationaa	ATR_p.Pro1530Gln	1
by_gender	female	locationaa	ATR_p.Ter2645=	1
by_gender	female	locationaa	ATR_p.Val1328GlufsTer35	1
by_gender	female	locationaa	ATXN10_p.Val174Ile	1
by_gender	female	locationaa	ATXN1_p.Thr614Ile	1
by_gender	female	locationaa	ATXN2L_p.Arg365Ter	1
by_gender	female	locationaa	ATXN2L_p.Val190Gly	1
by_gender	female	locationaa	ATXN7L3_p.Arg165Gln	1
by_gender	female	locationaa	ATXN7L3_p.Ser169Pro	1
by_gender	female	locationaa	ATXN7_p.Ala631Val	1
by_gender	female	locationaa	AUH_p.Pro283His	1
by_gender	female	locationaa	AUNIP_p.Glu129Lys	1
by_gender	female	locationaa	AURKA_p.Ala356Thr	1
by_gender	female	locationaa	AURKA_p.Met305Ile	1
by_gender	female	locationaa	AUTS2_p.Arg1259Gln	1
by_gender	female	locationaa	AUTS2_p.Arg495Gln	1
by_gender	female	locationaa	AUTS2_p.Asp616Asn	1
by_gender	female	locationaa	AVIL_p.Ala308Ser	1
by_gender	female	locationaa	AVIL_p.Ile517Thr	1
by_gender	female	locationaa	AVL9_p.Thr266Ile	1
by_gender	female	locationaa	AVPR2_p.Ser357Tyr	1
by_gender	female	locationaa	AXDND1_p.Lys543Asn	1
by_gender	female	locationaa	AXDND1_p.Lys945Gln	1
by_gender	female	locationaa	AXIN1_p.Arg349Cys	1
by_gender	female	locationaa	AXL_p.Ile383Val	1
by_gender	female	locationaa	AXL_p.Leu455Ile	1
by_gender	female	locationaa	AZGP1_p.Ala242Thr	1
by_gender	female	locationaa	AZGP1_p.Gly233Trp	1
by_gender	female	locationaa	AZIN1_p.Ser278Phe	1
by_gender	female	locationaa	AZU1_p.Arg60His	1
by_gender	female	locationaa	B3GALNT2_p.Arg143Ter	1
by_gender	female	locationaa	B3GALNT2_p.Ser404Asn	1
by_gender	female	locationaa	B3GALT4_p.Pro252Ser	1
by_gender	female	locationaa	B3GAT1_p.Val11Ile	1
by_gender	female	locationaa	B3GAT3_p.Leu58Phe	1
by_gender	female	locationaa	B3GNT2_p.Arg68Trp	1
by_gender	female	locationaa	B3GNT3_p.Gly148Asp	1
by_gender	female	locationaa	B3GNT4_p.Arg202His	1
by_gender	female	locationaa	B3GNT6_p.Arg243His	1
by_gender	female	locationaa	B3GNT7_p.Gln205Ter	1
by_gender	female	locationaa	B4GALNT3_p.Arg264Ter	1
by_gender	female	locationaa	B4GALNT4_p.Arg391His	1
by_gender	female	locationaa	B4GALNT4_p.Arg684Cys	1
by_gender	female	locationaa	B4GALNT4_p.Glu338Asp	1
by_gender	female	locationaa	B4GALNT4_p.Tyr725Cys	1
by_gender	female	locationaa	B4GALNT4_p.Val942Met	1
by_gender	female	locationaa	B4GALT5_p.Pro186His	1
by_gender	female	locationaa	B4GALT5_p.Tyr136Cys	1
by_gender	female	locationaa	BAALC_p.Gly131Asp	1
by_gender	female	locationaa	BAAT_p.Ser179Asn	1
by_gender	female	locationaa	BABAM1_p.Ser20Leu	1
by_gender	female	locationaa	BACH1_p.His149Arg	1
by_gender	female	locationaa	BAD_p.Gly62Glu	1
by_gender	female	locationaa	BAG1_p.Thr93Ala	1
by_gender	female	locationaa	BAG3_p.Ala157Thr	1
by_gender	female	locationaa	BAG5_p.Thr344Ala	1
by_gender	female	locationaa	BAG6_p.Arg827Ter	1
by_gender	female	locationaa	BAHCC1_p.Asp432Asn	1
by_gender	female	locationaa	BAHCC1_p.Gly851Asp	1
by_gender	female	locationaa	BAHCC1_p.Gly906Asp	1
by_gender	female	locationaa	BAHCC1_p.Pro1312His	1
by_gender	female	locationaa	BAHD1_p.Arg153His	1
by_gender	female	locationaa	BAHD1_p.Arg587His	1
by_gender	female	locationaa	BAIAP2L2_p.Ala40Thr	1
by_gender	female	locationaa	BAIAP2_p.Leu116Met	1
by_gender	female	locationaa	BAIAP3_p.Arg1064His	1
by_gender	female	locationaa	BAMBI_p.His110Tyr	1
by_gender	female	locationaa	BANF1_p.Pro19Thr	1
by_gender	female	locationaa	BANK1_p.Val149Ala	1
by_gender	female	locationaa	BANP_p.Phe294Leu	1
by_gender	female	locationaa	BANP_p.Pro353Ser	1
by_gender	female	locationaa	BARD1_p.Ala198Val	1
by_gender	female	locationaa	BARD1_p.Leu585Ile	1
by_gender	female	locationaa	BARHL1_p.Ala181Val	1
by_gender	female	locationaa	BASP1_p.Ala49Thr	1
by_gender	female	locationaa	BAZ2A_p.Ala456Thr	1
by_gender	female	locationaa	BAZ2B_p.Asp266Tyr	1
by_gender	female	locationaa	BAZ2B_p.Asp650Tyr	1
by_gender	female	locationaa	BAZ2B_p.Leu1107Val	1
by_gender	female	locationaa	BAZ2B_p.Val575Ile	1
by_gender	female	locationaa	BBS10_p.Ala13Val	1
by_gender	female	locationaa	BBS10_p.Leu540Ser	1
by_gender	female	locationaa	BBS10_p.Ser454Arg	1
by_gender	female	locationaa	BBS12_p.His13Asn	1
by_gender	female	locationaa	BBS2_p.Arg114Ser	1
by_gender	female	locationaa	BBS2_p.Arg652Lys	1
by_gender	female	locationaa	BBS4_p.Arg9Ile	1
by_gender	female	locationaa	BBS5_p.Ala130Val	1
by_gender	female	locationaa	BBS7_p.Ser88Tyr	1
by_gender	female	locationaa	BCAM_p.Ser516Asn	1
by_gender	female	locationaa	BCAN_p.Arg347His	1
by_gender	female	locationaa	BCAN_p.Gly415Arg	1
by_gender	female	locationaa	BCAN_p.Val158Ile	1
by_gender	female	locationaa	BCAR1_p.Arg690Trp	1
by_gender	female	locationaa	BCAR1_p.Pro94Ser	1
by_gender	female	locationaa	BCAS3_p.Ser574Leu	1
by_gender	female	locationaa	BCAT1_p.Gly168Glu	1
by_gender	female	locationaa	BCAT2_p.Glu153Lys	1
by_gender	female	locationaa	BCCIP_p.Asp94Tyr	1
by_gender	female	locationaa	BCDIN3D_p.Ala128Thr	1
by_gender	female	locationaa	BCHE_p.Gly601Ser	1
by_gender	female	locationaa	BCHE_p.Leu274Val	1
by_gender	female	locationaa	BCHE_p.Phe446Val	1
by_gender	female	locationaa	BCKDHB_p.Lys317Asn	1
by_gender	female	locationaa	BCL11A_p.Pro339Leu	1
by_gender	female	locationaa	BCL11B_p.Gln80His	1
by_gender	female	locationaa	BCL11B_p.Gly207Glu	1
by_gender	female	locationaa	BCL2L13_p.Phe83Val	1
by_gender	female	locationaa	BCL6B_p.Ser99Leu	1
by_gender	female	locationaa	BCL6_p.Ala181Thr	1
by_gender	female	locationaa	BCL9L_p.Ala279Asp	1
by_gender	female	locationaa	BCL9L_p.Arg1288Cys	1
by_gender	female	locationaa	BCL9L_p.Pro1045Leu	1
by_gender	female	locationaa	BCL9_p.Arg782Ile	1
by_gender	female	locationaa	BCLAF1_p.Phe675Val	1
by_gender	female	locationaa	BCO1_p.Asp159Glu	1
by_gender	female	locationaa	BCO2_p.Ala403Thr	1
by_gender	female	locationaa	BCOR_p.Ser158LysfsTer28	1
by_gender	female	locationaa	BCR_p.Arg447His	1
by_gender	female	locationaa	BCS1L_p.Tyr169His	1
by_gender	female	locationaa	BDH1_p.Ala165Thr	1
by_gender	female	locationaa	BDNF_p.Glu64Lys	1
by_gender	female	locationaa	BDP1_p.Arg615Cys	1
by_gender	female	locationaa	BDP1_p.Ile1029Val	1
by_gender	female	locationaa	BDP1_p.Leu2154Ile	1
by_gender	female	locationaa	BDP1_p.Lys495Asn	1
by_gender	female	locationaa	BEND2_p.Arg646Pro	1
by_gender	female	locationaa	BEND2_p.Arg759Cys	1
by_gender	female	locationaa	BEND2_p.Gly402Glu	1
by_gender	female	locationaa	BEND3_p.Asp497Glu	1
by_gender	female	locationaa	BEND6_p.Ala72Thr	1
by_gender	female	locationaa	BEND7_p.Leu14Met	1
by_gender	female	locationaa	BEND7_p.Leu198Gln	1
by_gender	female	locationaa	BEST1_p.Pro334Leu	1
by_gender	female	locationaa	BEST3_p.Ala432Ser	1
by_gender	female	locationaa	BEST3_p.Leu499Met	1
by_gender	female	locationaa	BEST4_p.Ala10Val	1
by_gender	female	locationaa	BFAR_p.Arg55His	1
by_gender	female	locationaa	BFSP2_p.Ala144Asp	1
by_gender	female	locationaa	BFSP2_p.Ala14Thr	1
by_gender	female	locationaa	BHLHA15_p.Ala160Asp	1
by_gender	female	locationaa	BHLHE22_p.Ala242Val	1
by_gender	female	locationaa	BHLHE23_p.Leu152Ile	1
by_gender	female	locationaa	BHLHE40_p.Thr410Ile	1
by_gender	female	locationaa	BHMT2_p.Arg99Ser	1
by_gender	female	locationaa	BICC1_p.Pro601Ser	1
by_gender	female	locationaa	BICD1_p.Arg633Trp	1
by_gender	female	locationaa	BICD1_p.Tyr755His	1
by_gender	female	locationaa	BICD2_p.Ser605Ile	1
by_gender	female	locationaa	BICDL1_p.Arg263Trp	1
by_gender	female	locationaa	BICDL2_p.Ala392Val	1
by_gender	female	locationaa	BICRAL_p.Glu90Lys	1
by_gender	female	locationaa	BICRA_p.Asn470Ser	1
by_gender	female	locationaa	BICRA_p.Pro932Ser	1
by_gender	female	locationaa	BIK_p.Asp109His	1
by_gender	female	locationaa	BIN3_p.Pro119Leu	1
by_gender	female	locationaa	BIRC2_p.Lys82Arg	1
by_gender	female	locationaa	BIRC6_p.Ala3738Thr	1
by_gender	female	locationaa	BIRC6_p.Arg2291His	1
by_gender	female	locationaa	BIRC6_p.Arg27Gln	1
by_gender	female	locationaa	BIVM-ERCC5_p.Ala492Val	1
by_gender	female	locationaa	BLM_p.Ala914Thr	1
by_gender	female	locationaa	BLM_p.Glu1224Ter	1
by_gender	female	locationaa	BLM_p.Gly447Arg	1
by_gender	female	locationaa	BLM_p.Leu1145Arg	1
by_gender	female	locationaa	BLOC1S1_p.Ser150Tyr	1
by_gender	female	locationaa	BLVRA_p.Arg161Trp	1
by_gender	female	locationaa	BLVRA_p.Gly283Arg	1
by_gender	female	locationaa	BMI1_p.Ser315Ter	1
by_gender	female	locationaa	BMP1_p.Gly331Ser	1
by_gender	female	locationaa	BMP1_p.Gly577Arg	1
by_gender	female	locationaa	BMP1_p.Gly756Asp	1
by_gender	female	locationaa	BMP1_p.Pro816Ser	1
by_gender	female	locationaa	BMP1_p.Ter987TrpextTer45	1
by_gender	female	locationaa	BMP2K_p.His1075Gln	1
by_gender	female	locationaa	BMP2_p.Tyr78LeufsTer38	1
by_gender	female	locationaa	BMP3_p.Leu183Met	1
by_gender	female	locationaa	BMP3_p.Ser196Thr	1
by_gender	female	locationaa	BMP4_p.Arg211Gln	1
by_gender	female	locationaa	BMP4_p.Val190Ala	1
by_gender	female	locationaa	BMP5_p.Val22Ala	1
by_gender	female	locationaa	BMP7_p.Thr390Met	1
by_gender	female	locationaa	BMP8A_p.Ala201Thr	1
by_gender	female	locationaa	BMP8B_p.Arg303Gln	1
by_gender	female	locationaa	BMPER_p.Val366Ala	1
by_gender	female	locationaa	BMPR1A_p.Met1?	1
by_gender	female	locationaa	BMPR1A_p.Ser113Tyr	1
by_gender	female	locationaa	BMPR2_p.Ala821Val	1
by_gender	female	locationaa	BMS1_p.Arg881Gln	1
by_gender	female	locationaa	BMX_p.Asp401Asn	1
by_gender	female	locationaa	BMX_p.Leu373Ile	1
by_gender	female	locationaa	BMX_p.Leu623Met	1
by_gender	female	locationaa	BNC1_p.Ala920Val	1
by_gender	female	locationaa	BNC2_p.Glu735Lys	1
by_gender	female	locationaa	BNC2_p.Thr374Ala	1
by_gender	female	locationaa	BNC2_p.Thr415Ala	1
by_gender	female	locationaa	BNIP3_p.Ser209Asn	1
by_gender	female	locationaa	BOC_p.Arg450Lys	1
by_gender	female	locationaa	BOC_p.Arg611Met	1
by_gender	female	locationaa	BOC_p.Arg680Ter	1
by_gender	female	locationaa	BOD1L1_p.Arg656Ile	1
by_gender	female	locationaa	BOD1L1_p.Pro2193Leu	1
by_gender	female	locationaa	BOD1L1_p.Ser1485Arg	1
by_gender	female	locationaa	BOD1L1_p.Thr439Met	1
by_gender	female	locationaa	BOP1_p.Ser70Asn	1
by_gender	female	locationaa	BORCS6_p.Cys176Trp	1
by_gender	female	locationaa	BORCS7_p.Arg54Gln	1
by_gender	female	locationaa	BPGM_p.Ala94Val	1
by_gender	female	locationaa	BPIFA1_p.Asn70Lys	1
by_gender	female	locationaa	BPIFB2_p.Cys174Phe	1
by_gender	female	locationaa	BPIFB2_p.Pro245Ser	1
by_gender	female	locationaa	BPIFB4_p.Val498Met	1
by_gender	female	locationaa	BPIFB6_p.Arg346Trp	1
by_gender	female	locationaa	BPIFC_p.Pro99His	1
by_gender	female	locationaa	BPNT1_p.Leu8Ser	1
by_gender	female	locationaa	BPNT1_p.Thr134Ala	1
by_gender	female	locationaa	BPTF_p.Arg2045Ter	1
by_gender	female	locationaa	BPTF_p.Arg2984Ter	1
by_gender	female	locationaa	BPTF_p.Gln370Ter	1
by_gender	female	locationaa	BPTF_p.Ser1083Asn	1
by_gender	female	locationaa	BPTF_p.Ser1427Asn	1
by_gender	female	locationaa	BRCA1_p.Ala314Thr	1
by_gender	female	locationaa	BRCA1_p.Ser646Gly	1
by_gender	female	locationaa	BRCA1_p.Val1590Ala	1
by_gender	female	locationaa	BRCA2_p.Asn1642Thr	1
by_gender	female	locationaa	BRCA2_p.Asn1784LysfsTer3	1
by_gender	female	locationaa	BRCA2_p.Ile1017Phe	1
by_gender	female	locationaa	BRCA2_p.Ser278Asn	1
by_gender	female	locationaa	BRCA2_p.Thr1346Asn	1
by_gender	female	locationaa	BRCA2_p.Val2079Met	1
by_gender	female	locationaa	BRCA2_p.Val2716TrpfsTer17	1
by_gender	female	locationaa	BRD1_p.Ala821Thr	1
by_gender	female	locationaa	BRD1_p.Arg656His	1
by_gender	female	locationaa	BRD1_p.Asp726Asn	1
by_gender	female	locationaa	BRD2_p.His255Tyr	1
by_gender	female	locationaa	BRD3_p.Ala8Thr	1
by_gender	female	locationaa	BRD3_p.His597Arg	1
by_gender	female	locationaa	BRD4_p.Arg10Ile	1
by_gender	female	locationaa	BRD4_p.Gly691Ser	1
by_gender	female	locationaa	BRDT_p.Ser455Tyr	1
by_gender	female	locationaa	BRF1_p.Leu233Ile	1
by_gender	female	locationaa	BRINP1_p.Asp151Asn	1
by_gender	female	locationaa	BRINP1_p.Phe560Ile	1
by_gender	female	locationaa	BRINP2_p.Val273Ile	1
by_gender	female	locationaa	BRINP3_p.Arg729Cys	1
by_gender	female	locationaa	BRINP3_p.Thr504Met	1
by_gender	female	locationaa	BRIP1_p.Ala1167Val	1
by_gender	female	locationaa	BRMS1_p.Arg34Trp	1
by_gender	female	locationaa	BROX_p.Pro353Thr	1
by_gender	female	locationaa	BRPF1_p.Ile624Asn	1
by_gender	female	locationaa	BRPF1_p.Ser926Arg	1
by_gender	female	locationaa	BRPF3_p.Arg514Trp	1
by_gender	female	locationaa	BRSK1_p.Arg211Trp	1
by_gender	female	locationaa	BRSK1_p.Arg340Cys	1
by_gender	female	locationaa	BRWD1_p.Arg2270Gln	1
by_gender	female	locationaa	BRWD1_p.Asn983Thr	1
by_gender	female	locationaa	BRWD3_p.Arg1240Ter	1
by_gender	female	locationaa	BRWD3_p.Asp1582Glu	1
by_gender	female	locationaa	BRWD3_p.Asp1634Glu	1
by_gender	female	locationaa	BRWD3_p.Thr387Met	1
by_gender	female	locationaa	BSCL2_p.Val7Ile	1
by_gender	female	locationaa	BSDC1_p.Pro330Leu	1
by_gender	female	locationaa	BSG_p.Ala122Val	1
by_gender	female	locationaa	BSN_p.Arg1068His	1
by_gender	female	locationaa	BSN_p.Glu1692Lys	1
by_gender	female	locationaa	BTAF1_p.Arg8His	1
by_gender	female	locationaa	BTAF1_p.Gly154Arg	1
by_gender	female	locationaa	BTAF1_p.Gly203Ter	1
by_gender	female	locationaa	BTAF1_p.Ser164Asn	1
by_gender	female	locationaa	BTBD10_p.Arg226Ter	1
by_gender	female	locationaa	BTBD11_p.Arg1085Met	1
by_gender	female	locationaa	BTBD11_p.Cys844Ter	1
by_gender	female	locationaa	BTBD11_p.Gln394His	1
by_gender	female	locationaa	BTBD11_p.Glu480Lys	1
by_gender	female	locationaa	BTBD11_p.Leu1067Met	1
by_gender	female	locationaa	BTBD11_p.Lys1003Thr	1
by_gender	female	locationaa	BTBD16_p.Ser4Leu	1
by_gender	female	locationaa	BTBD2_p.Val463Ala	1
by_gender	female	locationaa	BTBD8_p.Arg174Lys	1
by_gender	female	locationaa	BTBD9_p.Val390Gly	1
by_gender	female	locationaa	BTD_p.Glu34Gly	1
by_gender	female	locationaa	BTD_p.Val437Ala	1
by_gender	female	locationaa	BTF3_p.Lys75Glu	1
by_gender	female	locationaa	BTF3_p.Lys75Met	1
by_gender	female	locationaa	BTG2_p.Ser131Ala	1
by_gender	female	locationaa	BTK_p.Pro22Leu	1
by_gender	female	locationaa	BTN1A1_p.Arg280Lys	1
by_gender	female	locationaa	BTN1A1_p.Gln153His	1
by_gender	female	locationaa	BTN3A1_p.Tyr268His	1
by_gender	female	locationaa	BTN3A2_p.Asp120Gly	1
by_gender	female	locationaa	BTNL2_p.Ser231Leu	1
by_gender	female	locationaa	BTNL3_p.Thr390Ala	1
by_gender	female	locationaa	BTNL8_p.Gly384Glu	1
by_gender	female	locationaa	BTNL9_p.Leu522Ile	1
by_gender	female	locationaa	BTNL9_p.Val82Met	1
by_gender	female	locationaa	BTRC_p.Ala186Asp	1
by_gender	female	locationaa	BUB1_p.Val221Met	1
by_gender	female	locationaa	BUB3_p.Thr154Pro	1
by_gender	female	locationaa	BUD13_p.Arg575Ile	1
by_gender	female	locationaa	BVES_p.Ala349Val	1
by_gender	female	locationaa	C10orf120_p.Asp221Val	1
by_gender	female	locationaa	C10orf71_p.Asp461His	1
by_gender	female	locationaa	C10orf71_p.Glu622Ter	1
by_gender	female	locationaa	C10orf71_p.Pro199Leu	1
by_gender	female	locationaa	C10orf82_p.Ala63Gly	1
by_gender	female	locationaa	C10orf88_p.Asp435Gly	1
by_gender	female	locationaa	C10orf88_p.Leu393Phe	1
by_gender	female	locationaa	C11orf1_p.Ala20Thr	1
by_gender	female	locationaa	C11orf58_p.Ala30Thr	1
by_gender	female	locationaa	C12orf29_p.Trp105Arg	1
by_gender	female	locationaa	C12orf40_p.Lys216Thr	1
by_gender	female	locationaa	C12orf43_p.Ser179Asn	1
by_gender	female	locationaa	C12orf4_p.Arg419Gln	1
by_gender	female	locationaa	C12orf4_p.Phe198Val	1
by_gender	female	locationaa	C12orf50_p.Ser303Tyr	1
by_gender	female	locationaa	C14orf39_p.Arg87His	1
by_gender	female	locationaa	C14orf39_p.Asp489Gly	1
by_gender	female	locationaa	C15orf39_p.Ala797Asp	1
by_gender	female	locationaa	C15orf39_p.Arg481Trp	1
by_gender	female	locationaa	C15orf39_p.Lys619Glu	1
by_gender	female	locationaa	C15orf39_p.Pro432His	1
by_gender	female	locationaa	C16orf46_p.Ala70Val	1
by_gender	female	locationaa	C16orf70_p.Arg205Gln	1
by_gender	female	locationaa	C16orf70_p.Pro24Leu	1
by_gender	female	locationaa	C16orf71_p.Met20Leu	1
by_gender	female	locationaa	C16orf74_p.Asp37Asn	1
by_gender	female	locationaa	C16orf78_p.Arg27His	1
by_gender	female	locationaa	C16orf86_p.Arg191Gln	1
by_gender	female	locationaa	C16orf87_p.Glu116Lys	1
by_gender	female	locationaa	C17orf75_p.Ser76Pro	1
by_gender	female	locationaa	C17orf75_p.Thr140Ala	1
by_gender	female	locationaa	C17orf80_p.Asn312Asp	1
by_gender	female	locationaa	C17orf80_p.Tyr472Cys	1
by_gender	female	locationaa	C17orf97_p.Pro124Thr	1
by_gender	female	locationaa	C18orf21_p.Ser158Asn	1
by_gender	female	locationaa	C18orf25_p.Ser353Cys	1
by_gender	female	locationaa	C18orf54_p.Ser239Pro	1
by_gender	female	locationaa	C19orf12_p.Pro83Leu	1
by_gender	female	locationaa	C19orf12_p.Val36Ile	1
by_gender	female	locationaa	C19orf18_p.Glu194Ter	1
by_gender	female	locationaa	C19orf44_p.Ala568Thr	1
by_gender	female	locationaa	C19orf44_p.Gln35His	1
by_gender	female	locationaa	C19orf44_p.Gly237Asp	1
by_gender	female	locationaa	C19orf44_p.Gly369Ser	1
by_gender	female	locationaa	C19orf57_p.Arg381Met	1
by_gender	female	locationaa	C1D_p.Glu42Lys	1
by_gender	female	locationaa	C1QA_p.Lys32Ter	1
by_gender	female	locationaa	C1QBP_p.Thr222Ala	1
by_gender	female	locationaa	C1QL3_p.Ala236Asp	1
by_gender	female	locationaa	C1QTNF1_p.Ala88Ser	1
by_gender	female	locationaa	C1QTNF1_p.Asp227Asn	1
by_gender	female	locationaa	C1QTNF3_p.Gly69Glu	1
by_gender	female	locationaa	C1QTNF7_p.Ala188Thr	1
by_gender	female	locationaa	C1S_p.Glu43Ter	1
by_gender	female	locationaa	C1S_p.Leu564Met	1
by_gender	female	locationaa	C1S_p.Lys296Glu	1
by_gender	female	locationaa	C1S_p.Trp283Arg	1
by_gender	female	locationaa	C1orf116_p.Pro87Ser	1
by_gender	female	locationaa	C1orf141_p.Lys326Asn	1
by_gender	female	locationaa	C1orf158_p.Ser96Asn	1
by_gender	female	locationaa	C1orf159_p.Phe153Leu	1
by_gender	female	locationaa	C1orf162_p.Ala121Asp	1
by_gender	female	locationaa	C1orf174_p.Leu119Ile	1
by_gender	female	locationaa	C1orf210_p.Gly100Val	1
by_gender	female	locationaa	C1orf43_p.Ala164Thr	1
by_gender	female	locationaa	C1orf74_p.Gly178Asp	1
by_gender	female	locationaa	C1orf74_p.Pro265Leu	1
by_gender	female	locationaa	C1orf74_p.Trp238Cys	1
by_gender	female	locationaa	C1orf94_p.Leu395Ile	1
by_gender	female	locationaa	C1orf94_p.Pro324Leu	1
by_gender	female	locationaa	C1orf94_p.Pro345Ser	1
by_gender	female	locationaa	C20orf194_p.Arg949Ter	1
by_gender	female	locationaa	C20orf194_p.Ser37Asn	1
by_gender	female	locationaa	C2CD2L_p.Leu354Met	1
by_gender	female	locationaa	C2CD2L_p.Val107Leu	1
by_gender	female	locationaa	C2CD3_p.Arg948Gln	1
by_gender	female	locationaa	C2CD3_p.Asn1169Ser	1
by_gender	female	locationaa	C2CD3_p.Asp239Glu	1
by_gender	female	locationaa	C2CD3_p.Gln761His	1
by_gender	female	locationaa	C2CD3_p.Pro1450His	1
by_gender	female	locationaa	C2CD3_p.Thr1679Asn	1
by_gender	female	locationaa	C2CD5_p.Asn774His	1
by_gender	female	locationaa	C2CD5_p.Asn963His	1
by_gender	female	locationaa	C2CD5_p.Cys465Phe	1
by_gender	female	locationaa	C2orf16_p.Arg1154His	1
by_gender	female	locationaa	C2orf16_p.Arg1655His	1
by_gender	female	locationaa	C2orf16_p.Glu814Asp	1
by_gender	female	locationaa	C2orf16_p.Val697Ile	1
by_gender	female	locationaa	C2orf50_p.Cys46Tyr	1
by_gender	female	locationaa	C3AR1_p.Asp441Tyr	1
by_gender	female	locationaa	C3AR1_p.Val258Ala	1
by_gender	female	locationaa	C3_p.Thr358Ile	1
by_gender	female	locationaa	C3_p.Val1365Phe	1
by_gender	female	locationaa	C3orf33_p.Ser241Ile	1
by_gender	female	locationaa	C3orf38_p.Arg201His	1
by_gender	female	locationaa	C4A_p.Phe1178Leu	1
by_gender	female	locationaa	C4orf33_p.Leu191Met	1
by_gender	female	locationaa	C4orf46_p.Ala28Ser	1
by_gender	female	locationaa	C4orf50_p.Glu58Lys	1
by_gender	female	locationaa	C5orf38_p.Ala48Thr	1
by_gender	female	locationaa	C5orf49_p.Pro93Thr	1
by_gender	female	locationaa	C5orf51_p.Arg178Gln	1
by_gender	female	locationaa	C6_p.Asp558Tyr	1
by_gender	female	locationaa	C6_p.Gly840Asp	1
by_gender	female	locationaa	C6_p.Val239Gly	1
by_gender	female	locationaa	C6orf118_p.Ala243Thr	1
by_gender	female	locationaa	C6orf120_p.Ala82Thr	1
by_gender	female	locationaa	C6orf47_p.Asp289Asn	1
by_gender	female	locationaa	C6orf58_p.Pro37His	1
by_gender	female	locationaa	C7_p.Ser290Asn	1
by_gender	female	locationaa	C7orf25_p.Ser66Asn	1
by_gender	female	locationaa	C7orf25_p.Thr364Met	1
by_gender	female	locationaa	C7orf25_p.Val193Ile	1
by_gender	female	locationaa	C7orf31_p.Leu288Met	1
by_gender	female	locationaa	C7orf61_p.Trp128Ter	1
by_gender	female	locationaa	C8A_p.Arg498Gln	1
by_gender	female	locationaa	C8A_p.Cys562Gly	1
by_gender	female	locationaa	C8orf34_p.Ser352Tyr	1
by_gender	female	locationaa	C8orf58_p.Ala103Thr	1
by_gender	female	locationaa	C8orf76_p.Ser232Asn	1
by_gender	female	locationaa	C9_p.Asp132Glu	1
by_gender	female	locationaa	C9orf43_p.Val338Ile	1
by_gender	female	locationaa	C9orf50_p.Gln354His	1
by_gender	female	locationaa	C9orf64_p.Glu221Lys	1
by_gender	female	locationaa	C9orf78_p.Asp276Glu	1
by_gender	female	locationaa	CA6_p.Ala164Val	1
by_gender	female	locationaa	CA6_p.Thr258Ile	1
by_gender	female	locationaa	CAB39L_p.Thr81Ala	1
by_gender	female	locationaa	CABIN1_p.Ala1421Val	1
by_gender	female	locationaa	CABIN1_p.Cys533Tyr	1
by_gender	female	locationaa	CABS1_p.Ser189Ile	1
by_gender	female	locationaa	CACHD1_p.Ser800Tyr	1
by_gender	female	locationaa	CACHD1_p.Tyr666Ter	1
by_gender	female	locationaa	CACNA1A_p.Ala1964Asp	1
by_gender	female	locationaa	CACNA1A_p.Arg482Cys	1
by_gender	female	locationaa	CACNA1A_p.Glu898Asp	1
by_gender	female	locationaa	CACNA1A_p.His814Arg	1
by_gender	female	locationaa	CACNA1A_p.Leu1182ProfsTer38	1
by_gender	female	locationaa	CACNA1A_p.Ser1460Pro	1
by_gender	female	locationaa	CACNA1A_p.Tyr596Cys	1
by_gender	female	locationaa	CACNA1B_p.Ala1377Val	1
by_gender	female	locationaa	CACNA1B_p.Arg2184His	1
by_gender	female	locationaa	CACNA1B_p.Phe254Leu	1
by_gender	female	locationaa	CACNA1B_p.Ser2171Ile	1
by_gender	female	locationaa	CACNA1B_p.Val1051Met	1
by_gender	female	locationaa	CACNA1B_p.Val1375Met	1
by_gender	female	locationaa	CACNA1C_p.Ala2093Asp	1
by_gender	female	locationaa	CACNA1C_p.Arg1537Cys	1
by_gender	female	locationaa	CACNA1C_p.Arg243His	1
by_gender	female	locationaa	CACNA1C_p.Thr1445Pro	1
by_gender	female	locationaa	CACNA1D_p.Ala267Thr	1
by_gender	female	locationaa	CACNA1D_p.Glu1431Ter	1
by_gender	female	locationaa	CACNA1D_p.Glu332Ala	1
by_gender	female	locationaa	CACNA1D_p.Gly483Val	1
by_gender	female	locationaa	CACNA1E_p.Ala978Asp	1
by_gender	female	locationaa	CACNA1E_p.Arg668Cys	1
by_gender	female	locationaa	CACNA1E_p.Arg920His	1
by_gender	female	locationaa	CACNA1E_p.Leu1597Met	1
by_gender	female	locationaa	CACNA1E_p.Phe340Tyr	1
by_gender	female	locationaa	CACNA1E_p.Pro2002Ser	1
by_gender	female	locationaa	CACNA1E_p.Thr693Met	1
by_gender	female	locationaa	CACNA1F_p.Val1115Met	1
by_gender	female	locationaa	CACNA1G_p.Arg1121Trp	1
by_gender	female	locationaa	CACNA1G_p.Arg1599His	1
by_gender	female	locationaa	CACNA1G_p.Gly2320Asp	1
by_gender	female	locationaa	CACNA1G_p.Tyr302His	1
by_gender	female	locationaa	CACNA1H_p.Arg1572Trp	1
by_gender	female	locationaa	CACNA1H_p.Arg2322Gln	1
by_gender	female	locationaa	CACNA1I_p.Arg63Ter	1
by_gender	female	locationaa	CACNA1I_p.His409Tyr	1
by_gender	female	locationaa	CACNA1S_p.Arg1702Ter	1
by_gender	female	locationaa	CACNA1S_p.Arg419His	1
by_gender	female	locationaa	CACNA1S_p.Arg986His	1
by_gender	female	locationaa	CACNA1S_p.Leu899Met	1
by_gender	female	locationaa	CACNA1S_p.Lys915Asn	1
by_gender	female	locationaa	CACNA2D1_p.Ser673Leu	1
by_gender	female	locationaa	CACNA2D3_p.Arg1042His	1
by_gender	female	locationaa	CACNA2D3_p.Phe878TrpfsTer2	1
by_gender	female	locationaa	CACNA2D4_p.Ala490Thr	1
by_gender	female	locationaa	CACNB1_p.Pro382His	1
by_gender	female	locationaa	CACNB2_p.Arg633His	1
by_gender	female	locationaa	CACNB2_p.Lys302Gln	1
by_gender	female	locationaa	CACNB2_p.Pro391His	1
by_gender	female	locationaa	CACNG1_p.Phe143Val	1
by_gender	female	locationaa	CACNG2_p.Arg209Trp	1
by_gender	female	locationaa	CACNG3_p.Arg208Gln	1
by_gender	female	locationaa	CACNG5_p.Cys275Arg	1
by_gender	female	locationaa	CACTIN_p.Arg96Gln	1
by_gender	female	locationaa	CADM1_p.Val376Met	1
by_gender	female	locationaa	CADM2_p.Glu208Lys	1
by_gender	female	locationaa	CADM2_p.Trp261Ter	1
by_gender	female	locationaa	CADM3_p.Arg143Trp	1
by_gender	female	locationaa	CADM3_p.Gly369Cys	1
by_gender	female	locationaa	CADPS2_p.Ile733Thr	1
by_gender	female	locationaa	CADPS_p.Ala438Thr	1
by_gender	female	locationaa	CADPS_p.Gln647Ter	1
by_gender	female	locationaa	CAD_p.Arg468His	1
by_gender	female	locationaa	CAD_p.Leu1093Met	1
by_gender	female	locationaa	CALCA_p.Asp45Asn	1
by_gender	female	locationaa	CALCR_p.Pro86Ser	1
by_gender	female	locationaa	CALHM1_p.Cys101Ter	1
by_gender	female	locationaa	CALHM2_p.Ala307Thr	1
by_gender	female	locationaa	CALHM4_p.Leu243Pro	1
by_gender	female	locationaa	CALU_p.Arg241Trp	1
by_gender	female	locationaa	CALU_p.Asp95Tyr	1
by_gender	female	locationaa	CAMK1D_p.Lys77Asn	1
by_gender	female	locationaa	CAMK1G_p.Ser273Ile	1
by_gender	female	locationaa	CAMK4_p.Pro298Leu	1
by_gender	female	locationaa	CAMP_p.Arg110Trp	1
by_gender	female	locationaa	CAMP_p.Lys151Arg	1
by_gender	female	locationaa	CAMSAP1_p.Arg561Met	1
by_gender	female	locationaa	CAMSAP1_p.Glu666Lys	1
by_gender	female	locationaa	CAMSAP2_p.Cys1160Ter	1
by_gender	female	locationaa	CAMSAP2_p.Ile630Ser	1
by_gender	female	locationaa	CAMSAP2_p.Pro1309Ser	1
by_gender	female	locationaa	CAMSAP2_p.Thr678Asn	1
by_gender	female	locationaa	CAMSAP3_p.Glu166Asp	1
by_gender	female	locationaa	CAMTA1_p.Arg665Trp	1
by_gender	female	locationaa	CAMTA1_p.Glu186Asp	1
by_gender	female	locationaa	CAMTA1_p.Leu1566Phe	1
by_gender	female	locationaa	CAMTA1_p.Ser578Asn	1
by_gender	female	locationaa	CAMTA2_p.Pro678His	1
by_gender	female	locationaa	CAMTA2_p.Ser251Tyr	1
by_gender	female	locationaa	CAND1_p.Leu214Phe	1
by_gender	female	locationaa	CAND1_p.Leu762Met	1
by_gender	female	locationaa	CAND1_p.Ser121Phe	1
by_gender	female	locationaa	CAND2_p.Gln1169His	1
by_gender	female	locationaa	CAND2_p.Glu328Asp	1
by_gender	female	locationaa	CAP2_p.Val46Met	1
by_gender	female	locationaa	CAPN11_p.Asp623Asn	1
by_gender	female	locationaa	CAPN13_p.Thr39Pro	1
by_gender	female	locationaa	CAPN15_p.Arg412Cys	1
by_gender	female	locationaa	CAPN15_p.Arg714His	1
by_gender	female	locationaa	CAPN15_p.Asp883Asn	1
by_gender	female	locationaa	CAPN15_p.Phe488Cys	1
by_gender	female	locationaa	CAPN1_p.Ala422Thr	1
by_gender	female	locationaa	CAPN3_p.Arg548Cys	1
by_gender	female	locationaa	CAPN3_p.His519Tyr	1
by_gender	female	locationaa	CAPN3_p.His718Arg	1
by_gender	female	locationaa	CAPN5_p.Arg264Gln	1
by_gender	female	locationaa	CAPN5_p.Asp37Asn	1
by_gender	female	locationaa	CAPN7_p.Glu35Lys	1
by_gender	female	locationaa	CAPNS1_p.Ala201Thr	1
by_gender	female	locationaa	CAPRIN1_p.Pro410Ala	1
by_gender	female	locationaa	CAPRIN2_p.Ala8Thr	1
by_gender	female	locationaa	CAPRIN2_p.Asp699Asn	1
by_gender	female	locationaa	CAPS2_p.Asp321Gly	1
by_gender	female	locationaa	CAPZA1_p.Arg7Cys	1
by_gender	female	locationaa	CAPZA1_p.Asp6Glu	1
by_gender	female	locationaa	CAPZA3_p.Glu211Lys	1
by_gender	female	locationaa	CAPZA3_p.Val70Leu	1
by_gender	female	locationaa	CARD10_p.Ser685Leu	1
by_gender	female	locationaa	CARD11_p.Ser477Phe	1
by_gender	female	locationaa	CARD11_p.Thr987Met	1
by_gender	female	locationaa	CARD9_p.Ala259Asp	1
by_gender	female	locationaa	CARM1_p.Leu156Met	1
by_gender	female	locationaa	CARMIL1_p.Arg137Cys	1
by_gender	female	locationaa	CARMIL1_p.Lys226Asn	1
by_gender	female	locationaa	CARMIL1_p.Pro333Ser	1
by_gender	female	locationaa	CARMIL2_p.Ala397Val	1
by_gender	female	locationaa	CARMIL2_p.Arg191His	1
by_gender	female	locationaa	CARS2_p.Gly178Arg	1
by_gender	female	locationaa	CARS2_p.Leu231Met	1
by_gender	female	locationaa	CARTPT_p.Glu59Lys	1
by_gender	female	locationaa	CASC3_p.Pro364Leu	1
by_gender	female	locationaa	CASD1_p.Val740Ala	1
by_gender	female	locationaa	CASKIN1_p.Arg160His	1
by_gender	female	locationaa	CASKIN1_p.Arg328Gln	1
by_gender	female	locationaa	CASKIN2_p.Ala1162Val	1
by_gender	female	locationaa	CASKIN2_p.Ala647Thr	1
by_gender	female	locationaa	CASKIN2_p.Asp395Gly	1
by_gender	female	locationaa	CASP10_p.Arg21His	1
by_gender	female	locationaa	CASP2_p.Ala376Thr	1
by_gender	female	locationaa	CASP2_p.Ala421Ser	1
by_gender	female	locationaa	CASP2_p.Pro171His	1
by_gender	female	locationaa	CASP4_p.Phe235Leu	1
by_gender	female	locationaa	CASP4_p.Pro90Ser	1
by_gender	female	locationaa	CASP5_p.Ala247Thr	1
by_gender	female	locationaa	CASP5_p.Arg193His	1
by_gender	female	locationaa	CASP5_p.Ser44Tyr	1
by_gender	female	locationaa	CASP7_p.Val149Ile	1
by_gender	female	locationaa	CASP8AP2_p.Ala604Thr	1
by_gender	female	locationaa	CASP8AP2_p.Glu1251Ter	1
by_gender	female	locationaa	CASP8AP2_p.Thr1733Ile	1
by_gender	female	locationaa	CASP8_p.Arg432Ter	1
by_gender	female	locationaa	CASP8_p.Glu36Ter	1
by_gender	female	locationaa	CASR_p.Ala538Thr	1
by_gender	female	locationaa	CASR_p.Pro634Leu	1
by_gender	female	locationaa	CASS4_p.Asp557Tyr	1
by_gender	female	locationaa	CAST_p.Lys706Asn	1
by_gender	female	locationaa	CASZ1_p.Arg78Leu	1
by_gender	female	locationaa	CASZ1_p.Asp599Asn	1
by_gender	female	locationaa	CASZ1_p.Glu1596Lys	1
by_gender	female	locationaa	CATSPER1_p.Arg345His	1
by_gender	female	locationaa	CATSPER1_p.Gln153His	1
by_gender	female	locationaa	CATSPER1_p.Glu450Lys	1
by_gender	female	locationaa	CATSPER1_p.Glu750Ala	1
by_gender	female	locationaa	CATSPER1_p.Gly95Ser	1
by_gender	female	locationaa	CATSPER1_p.Leu504Ile	1
by_gender	female	locationaa	CATSPER3_p.Thr248Ile	1
by_gender	female	locationaa	CATSPERB_p.Ser275Ile	1
by_gender	female	locationaa	CATSPERD_p.Lys500Asn	1
by_gender	female	locationaa	CATSPERE_p.Ser495Asn	1
by_gender	female	locationaa	CATSPERG_p.Glu967Lys	1
by_gender	female	locationaa	CAT_p.Ala357Thr	1
by_gender	female	locationaa	CAVIN1_p.Arg267Trp	1
by_gender	female	locationaa	CAVIN2_p.Ala71Asp	1
by_gender	female	locationaa	CAVIN2_p.Lys102Glu	1
by_gender	female	locationaa	CAVIN3_p.Asp167Gly	1
by_gender	female	locationaa	CBFA2T2_p.Arg114Ter	1
by_gender	female	locationaa	CBFA2T2_p.His269Arg	1
by_gender	female	locationaa	CBFA2T2_p.Leu312Ile	1
by_gender	female	locationaa	CBFA2T2_p.Pro561Arg	1
by_gender	female	locationaa	CBLB_p.Arg58Lys	1
by_gender	female	locationaa	CBLL1_p.Pro476His	1
by_gender	female	locationaa	CBLL2_p.Arg310Cys	1
by_gender	female	locationaa	CBLL2_p.Glu370Lys	1
by_gender	female	locationaa	CBLL2_p.Ser308Leu	1
by_gender	female	locationaa	CBLN4_p.Leu41Met	1
by_gender	female	locationaa	CBWD1_p.Gly79Arg	1
by_gender	female	locationaa	CBX1_p.Arg85Cys	1
by_gender	female	locationaa	CBX1_p.Leu39Phe	1
by_gender	female	locationaa	CBX2_p.Leu214Arg	1
by_gender	female	locationaa	CBY2_p.Glu57Lys	1
by_gender	female	locationaa	CBY2_p.Pro45Leu	1
by_gender	female	locationaa	CC2D1B_p.Val366Met	1
by_gender	female	locationaa	CC2D2A_p.Lys507Asn	1
by_gender	female	locationaa	CCAR1_p.Arg284His	1
by_gender	female	locationaa	CCAR1_p.Ser507Leu	1
by_gender	female	locationaa	CCAR2_p.Glu682Ter	1
by_gender	female	locationaa	CCBE1_p.Gly230Asp	1
by_gender	female	locationaa	CCDC106_p.Arg78His	1
by_gender	female	locationaa	CCDC106_p.Glu228Ala	1
by_gender	female	locationaa	CCDC112_p.Ser134Asn	1
by_gender	female	locationaa	CCDC113_p.Thr168Pro	1
by_gender	female	locationaa	CCDC114_p.Glu268Lys	1
by_gender	female	locationaa	CCDC114_p.Glu306Lys	1
by_gender	female	locationaa	CCDC114_p.Gly640Glu	1
by_gender	female	locationaa	CCDC114_p.Thr577Met	1
by_gender	female	locationaa	CCDC116_p.Ala93Val	1
by_gender	female	locationaa	CCDC120_p.Pro262Gln	1
by_gender	female	locationaa	CCDC124_p.Ala152Thr	1
by_gender	female	locationaa	CCDC126_p.Ile5Phe	1
by_gender	female	locationaa	CCDC12_p.Ala77Val	1
by_gender	female	locationaa	CCDC130_p.Ser393Leu	1
by_gender	female	locationaa	CCDC130_p.Thr143Met	1
by_gender	female	locationaa	CCDC134_p.Val152Ile	1
by_gender	female	locationaa	CCDC137_p.Ala166Val	1
by_gender	female	locationaa	CCDC138_p.Ala534Asp	1
by_gender	female	locationaa	CCDC141_p.Arg1389Gln	1
by_gender	female	locationaa	CCDC141_p.Arg667Trp	1
by_gender	female	locationaa	CCDC141_p.Glu1019Lys	1
by_gender	female	locationaa	CCDC141_p.Lys866Asn	1
by_gender	female	locationaa	CCDC142_p.Ala586Val	1
by_gender	female	locationaa	CCDC144A_p.Glu7Ter	1
by_gender	female	locationaa	CCDC144A_p.Gly343Asp	1
by_gender	female	locationaa	CCDC144A_p.Val107Met	1
by_gender	female	locationaa	CCDC150_p.Ala1031Asp	1
by_gender	female	locationaa	CCDC151_p.Arg324His	1
by_gender	female	locationaa	CCDC158_p.Ala249Ser	1
by_gender	female	locationaa	CCDC159_p.Ser283Phe	1
by_gender	female	locationaa	CCDC15_p.Arg452Lys	1
by_gender	female	locationaa	CCDC15_p.Lys178Asn	1
by_gender	female	locationaa	CCDC163_p.Arg130Ile	1
by_gender	female	locationaa	CCDC163_p.Glu37Lys	1
by_gender	female	locationaa	CCDC167_p.His37Arg	1
by_gender	female	locationaa	CCDC170_p.Thr31Met	1
by_gender	female	locationaa	CCDC171_p.Asn495His	1
by_gender	female	locationaa	CCDC173_p.Ala399Asp	1
by_gender	female	locationaa	CCDC173_p.Ala462Thr	1
by_gender	female	locationaa	CCDC174_p.Glu126Lys	1
by_gender	female	locationaa	CCDC178_p.Ile442Thr	1
by_gender	female	locationaa	CCDC180_p.Thr115Ile	1
by_gender	female	locationaa	CCDC184_p.Met1?	1
by_gender	female	locationaa	CCDC185_p.Leu267Phe	1
by_gender	female	locationaa	CCDC186_p.Ala749Val	1
by_gender	female	locationaa	CCDC186_p.Lys380Thr	1
by_gender	female	locationaa	CCDC18_p.Glu832Lys	1
by_gender	female	locationaa	CCDC190_p.Ala215Thr	1
by_gender	female	locationaa	CCDC191_p.Gln708His	1
by_gender	female	locationaa	CCDC27_p.Lys518Glu	1
by_gender	female	locationaa	CCDC40_p.Arg509Cys	1
by_gender	female	locationaa	CCDC40_p.Thr427Met	1
by_gender	female	locationaa	CCDC40_p.Thr661Ala	1
by_gender	female	locationaa	CCDC42_p.Leu215Met	1
by_gender	female	locationaa	CCDC42_p.Lys307Asn	1
by_gender	female	locationaa	CCDC47_p.Ser210Phe	1
by_gender	female	locationaa	CCDC50_p.Asp369Asn	1
by_gender	female	locationaa	CCDC58_p.Glu115Lys	1
by_gender	female	locationaa	CCDC60_p.Ala336Val	1
by_gender	female	locationaa	CCDC60_p.Ile106Asn	1
by_gender	female	locationaa	CCDC62_p.Ile656Val	1
by_gender	female	locationaa	CCDC62_p.Thr83Ala	1
by_gender	female	locationaa	CCDC63_p.Asn175Thr	1
by_gender	female	locationaa	CCDC65_p.Lys6Asn	1
by_gender	female	locationaa	CCDC69_p.Arg55Gln	1
by_gender	female	locationaa	CCDC6_p.Lys273Asn	1
by_gender	female	locationaa	CCDC70_p.Glu93Ter	1
by_gender	female	locationaa	CCDC70_p.Phe124Ile	1
by_gender	female	locationaa	CCDC71L_p.Pro231Ser	1
by_gender	female	locationaa	CCDC73_p.Gln836His	1
by_gender	female	locationaa	CCDC73_p.Lys823Gln	1
by_gender	female	locationaa	CCDC74A_p.Ala184Val	1
by_gender	female	locationaa	CCDC7_p.Arg1065Ter	1
by_gender	female	locationaa	CCDC7_p.Arg757Met	1
by_gender	female	locationaa	CCDC7_p.Gln796Ter	1
by_gender	female	locationaa	CCDC7_p.Thr1203Ile	1
by_gender	female	locationaa	CCDC80_p.Arg87His	1
by_gender	female	locationaa	CCDC81_p.Gln596Ter	1
by_gender	female	locationaa	CCDC82_p.Glu499Lys	1
by_gender	female	locationaa	CCDC85A_p.Arg116Gln	1
by_gender	female	locationaa	CCDC85A_p.Lys226Asn	1
by_gender	female	locationaa	CCDC88B_p.Arg523Met	1
by_gender	female	locationaa	CCDC88B_p.Glu235Ala	1
by_gender	female	locationaa	CCDC88B_p.Glu503Asp	1
by_gender	female	locationaa	CCDC88C_p.Ala1134Thr	1
by_gender	female	locationaa	CCDC88C_p.Ala1408Asp	1
by_gender	female	locationaa	CCDC88C_p.Ala322Val	1
by_gender	female	locationaa	CCDC88C_p.Arg265Cys	1
by_gender	female	locationaa	CCDC88C_p.Arg614Trp	1
by_gender	female	locationaa	CCDC88C_p.Arg994His	1
by_gender	female	locationaa	CCDC88C_p.Leu1264Met	1
by_gender	female	locationaa	CCDC88C_p.Ser1496Ile	1
by_gender	female	locationaa	CCDC8_p.Arg57His	1
by_gender	female	locationaa	CCDC90B_p.Asp214Gly	1
by_gender	female	locationaa	CCDC91_p.Thr369Asn	1
by_gender	female	locationaa	CCDC92_p.Ser153Ile	1
by_gender	female	locationaa	CCDC93_p.Asn393MetfsTer4	1
by_gender	female	locationaa	CCDC93_p.Glu104Asp	1
by_gender	female	locationaa	CCDC96_p.Phe140Leu	1
by_gender	female	locationaa	CCDC9_p.Ala67Thr	1
by_gender	female	locationaa	CCER1_p.Ser36Leu	1
by_gender	female	locationaa	CCHCR1_p.Thr276Asn	1
by_gender	female	locationaa	CCIN_p.Arg130His	1
by_gender	female	locationaa	CCKAR_p.Ala411Ser	1
by_gender	female	locationaa	CCKAR_p.Glu23Lys	1
by_gender	female	locationaa	CCKAR_p.Lys262Thr	1
by_gender	female	locationaa	CCKBR_p.Arg395His	1
by_gender	female	locationaa	CCKBR_p.Ser154Ile	1
by_gender	female	locationaa	CCL1_p.Ala74Thr	1
by_gender	female	locationaa	CCL1_p.Ser23Ile	1
by_gender	female	locationaa	CCL21_p.Met87Lys	1
by_gender	female	locationaa	CCL24_p.Gly107Asp	1
by_gender	female	locationaa	CCL27_p.Leu46Ile	1
by_gender	female	locationaa	CCL3_p.Gln44His	1
by_gender	female	locationaa	CCM2_p.Thr305Met	1
by_gender	female	locationaa	CCN3_p.Ala273Thr	1
by_gender	female	locationaa	CCN3_p.Arg118His	1
by_gender	female	locationaa	CCN3_p.Lys122Thr	1
by_gender	female	locationaa	CCN6_p.Lys58Asn	1
by_gender	female	locationaa	CCNA1_p.Leu191Ile	1
by_gender	female	locationaa	CCNA1_p.Val357Met	1
by_gender	female	locationaa	CCNA2_p.Ala98Val	1
by_gender	female	locationaa	CCNA2_p.Arg293Lys	1
by_gender	female	locationaa	CCNA2_p.Pro79His	1
by_gender	female	locationaa	CCNB1IP1_p.Val25Ala	1
by_gender	female	locationaa	CCNB2_p.Arg32Gln	1
by_gender	female	locationaa	CCND2_p.Val76Ile	1
by_gender	female	locationaa	CCND3_p.Asn83His	1
by_gender	female	locationaa	CCNE1_p.Tyr253Cys	1
by_gender	female	locationaa	CCNE2_p.Asn181His	1
by_gender	female	locationaa	CCNF_p.Ser438Pro	1
by_gender	female	locationaa	CCNF_p.Val335Leu	1
by_gender	female	locationaa	CCNG2_p.Ser181Asn	1
by_gender	female	locationaa	CCNJ_p.Arg291Cys	1
by_gender	female	locationaa	CCNL1_p.Arg499His	1
by_gender	female	locationaa	CCNL1_p.Ser474Phe	1
by_gender	female	locationaa	CCNO_p.Arg296Trp	1
by_gender	female	locationaa	CCNYL1_p.Pro85Ser	1
by_gender	female	locationaa	CCNY_p.Ile215Thr	1
by_gender	female	locationaa	CCNY_p.Val194Met	1
by_gender	female	locationaa	CCP110_p.Glu643Asp	1
by_gender	female	locationaa	CCP110_p.Ser311Asn	1
by_gender	female	locationaa	CCR10_p.Ser264Ile	1
by_gender	female	locationaa	CCR1_p.Arg319Cys	1
by_gender	female	locationaa	CCR4_p.Pro93Leu	1
by_gender	female	locationaa	CCR7_p.Ala207Val	1
by_gender	female	locationaa	CCR9_p.Leu68Ile	1
by_gender	female	locationaa	CCRL2_p.Ala97Asp	1
by_gender	female	locationaa	CCRL2_p.Ser235Asn	1
by_gender	female	locationaa	CCSER1_p.Ala369Ser	1
by_gender	female	locationaa	CCSER2_p.Asn370Ile	1
by_gender	female	locationaa	CCS_p.Val99Met	1
by_gender	female	locationaa	CCT2_p.Ser363Ala	1
by_gender	female	locationaa	CCT6A_p.Ser236Pro	1
by_gender	female	locationaa	CCT7_p.Leu167Met	1
by_gender	female	locationaa	CCT8L2_p.Glu10Ter	1
by_gender	female	locationaa	CCT8L2_p.Leu127Gln	1
by_gender	female	locationaa	CD109_p.Gly34Trp	1
by_gender	female	locationaa	CD109_p.Thr840Ile	1
by_gender	female	locationaa	CD14_p.Asp303Asn	1
by_gender	female	locationaa	CD160_p.His48Tyr	1
by_gender	female	locationaa	CD163L1_p.Arg771Ter	1
by_gender	female	locationaa	CD163L1_p.Pro743Leu	1
by_gender	female	locationaa	CD163L1_p.Val299Ile	1
by_gender	female	locationaa	CD163L1_p.Val359Met	1
by_gender	female	locationaa	CD19_p.Pro20Ser	1
by_gender	female	locationaa	CD1A_p.Ser71Pro	1
by_gender	female	locationaa	CD1B_p.Asn17Ser	1
by_gender	female	locationaa	CD1B_p.Gly134Ter	1
by_gender	female	locationaa	CD1D_p.Arg219His	1
by_gender	female	locationaa	CD1E_p.Tyr268His	1
by_gender	female	locationaa	CD226_p.Val103Ile	1
by_gender	female	locationaa	CD22_p.Asp813Tyr	1
by_gender	female	locationaa	CD22_p.Ser729Ile	1
by_gender	female	locationaa	CD248_p.Glu334Lys	1
by_gender	female	locationaa	CD274_p.Thr290Met	1
by_gender	female	locationaa	CD276_p.Leu201Val	1
by_gender	female	locationaa	CD2_p.Phe3Cys	1
by_gender	female	locationaa	CD2_p.Thr28Met	1
by_gender	female	locationaa	CD300A_p.Trp239Ter	1
by_gender	female	locationaa	CD300LF_p.Gly30Asp	1
by_gender	female	locationaa	CD320_p.Ala236Val	1
by_gender	female	locationaa	CD33_p.Lys159Asn	1
by_gender	female	locationaa	CD3E_p.Glu27Ter	1
by_gender	female	locationaa	CD44_p.Glu708Asp	1
by_gender	female	locationaa	CD44_p.Ser226Ile	1
by_gender	female	locationaa	CD46_p.Tyr328His	1
by_gender	female	locationaa	CD4_p.Arg426Met	1
by_gender	female	locationaa	CD4_p.Ile458Val	1
by_gender	female	locationaa	CD55_p.Tyr127Cys	1
by_gender	female	locationaa	CD58_p.Arg152Ter	1
by_gender	female	locationaa	CD59_p.Ser25Ile	1
by_gender	female	locationaa	CD5L_p.Arg32Cys	1
by_gender	female	locationaa	CD5_p.Ser447Pro	1
by_gender	female	locationaa	CD63_p.Pro54Ser	1
by_gender	female	locationaa	CD80_p.Asp124Tyr	1
by_gender	female	locationaa	CD93_p.Ala315Val	1
by_gender	female	locationaa	CD93_p.Asn127Ser	1
by_gender	female	locationaa	CD93_p.Lys159Ter	1
by_gender	female	locationaa	CDADC1_p.Ala399Val	1
by_gender	female	locationaa	CDADC1_p.Lys175Asn	1
by_gender	female	locationaa	CDAN1_p.Asn320Ser	1
by_gender	female	locationaa	CDAN1_p.Lys341Asn	1
by_gender	female	locationaa	CDAN1_p.Pro516Leu	1
by_gender	female	locationaa	CDAN1_p.Ser277Leu	1
by_gender	female	locationaa	CDC14A_p.Ala470Val	1
by_gender	female	locationaa	CDC14A_p.Ala50Glu	1
by_gender	female	locationaa	CDC14B_p.Leu488Phe	1
by_gender	female	locationaa	CDC20B_p.Asn48Ser	1
by_gender	female	locationaa	CDC34_p.Arg76Gln	1
by_gender	female	locationaa	CDC37L1_p.Gly49Glu	1
by_gender	female	locationaa	CDC37_p.Glu200Ter	1
by_gender	female	locationaa	CDC42BPA_p.Arg1288Cys	1
by_gender	female	locationaa	CDC42BPA_p.Thr1505Asn	1
by_gender	female	locationaa	CDC42BPB_p.Thr405Met	1
by_gender	female	locationaa	CDC42BPG_p.Gln1065Ter	1
by_gender	female	locationaa	CDC42BPG_p.Glu632Asp	1
by_gender	female	locationaa	CDC42EP2_p.Arg94Trp	1
by_gender	female	locationaa	CDC42EP4_p.Arg16Cys	1
by_gender	female	locationaa	CDC42SE2_p.Arg22Trp	1
by_gender	female	locationaa	CDC5L_p.Ala234Thr	1
by_gender	female	locationaa	CDC6_p.Gln7His	1
by_gender	female	locationaa	CDC73_p.Ala191Thr	1
by_gender	female	locationaa	CDC73_p.Arg120Gln	1
by_gender	female	locationaa	CDC73_p.Pro275Leu	1
by_gender	female	locationaa	CDC7_p.Phe22Ser	1
by_gender	female	locationaa	CDCA2_p.Ala694Thr	1
by_gender	female	locationaa	CDCA4_p.Tyr188His	1
by_gender	female	locationaa	CDCA5_p.Ala200Thr	1
by_gender	female	locationaa	CDCA5_p.Thr151Ile	1
by_gender	female	locationaa	CDCA8_p.Ala173Val	1
by_gender	female	locationaa	CDCP1_p.Val42Ile	1
by_gender	female	locationaa	CDH10_p.Ala196Thr	1
by_gender	female	locationaa	CDH10_p.Ala679Val	1
by_gender	female	locationaa	CDH10_p.Asn761Lys	1
by_gender	female	locationaa	CDH10_p.Glu398Asp	1
by_gender	female	locationaa	CDH10_p.Ile431Thr	1
by_gender	female	locationaa	CDH10_p.Ser21Thr	1
by_gender	female	locationaa	CDH11_p.Ala475Thr	1
by_gender	female	locationaa	CDH11_p.Arg27Trp	1
by_gender	female	locationaa	CDH11_p.Arg693His	1
by_gender	female	locationaa	CDH11_p.Pro704His	1
by_gender	female	locationaa	CDH12_p.Thr30Pro	1
by_gender	female	locationaa	CDH15_p.Ala351Asp	1
by_gender	female	locationaa	CDH15_p.Gly391Cys	1
by_gender	female	locationaa	CDH17_p.Arg89Ile	1
by_gender	female	locationaa	CDH18_p.Ala618Thr	1
by_gender	female	locationaa	CDH18_p.Arg50His	1
by_gender	female	locationaa	CDH18_p.Asp240Ala	1
by_gender	female	locationaa	CDH18_p.Asp427Asn	1
by_gender	female	locationaa	CDH19_p.Arg683Lys	1
by_gender	female	locationaa	CDH1_p.Leu776Met	1
by_gender	female	locationaa	CDH20_p.Ala681Val	1
by_gender	female	locationaa	CDH20_p.Arg363His	1
by_gender	female	locationaa	CDH22_p.Asp445His	1
by_gender	female	locationaa	CDH22_p.Glu661Gly	1
by_gender	female	locationaa	CDH23_p.Ala3080Val	1
by_gender	female	locationaa	CDH23_p.Arg1168Gln	1
by_gender	female	locationaa	CDH23_p.Arg2967Cys	1
by_gender	female	locationaa	CDH23_p.Glu1528Lys	1
by_gender	female	locationaa	CDH26_p.Ala513Val	1
by_gender	female	locationaa	CDH2_p.Ala432Thr	1
by_gender	female	locationaa	CDH2_p.Arg430Trp	1
by_gender	female	locationaa	CDH2_p.Asp451Asn	1
by_gender	female	locationaa	CDH2_p.Pro645Ser	1
by_gender	female	locationaa	CDH4_p.Ala683Val	1
by_gender	female	locationaa	CDH4_p.Glu871Gly	1
by_gender	female	locationaa	CDH4_p.Val525Met	1
by_gender	female	locationaa	CDH5_p.Phe418Leu	1
by_gender	female	locationaa	CDH5_p.Thr455Ala	1
by_gender	female	locationaa	CDH6_p.Pro466Ser	1
by_gender	female	locationaa	CDH6_p.Thr184Met	1
by_gender	female	locationaa	CDH7_p.Ala724Val	1
by_gender	female	locationaa	CDH8_p.Arg4Trp	1
by_gender	female	locationaa	CDH8_p.Asp488Gly	1
by_gender	female	locationaa	CDH9_p.Ala308Val	1
by_gender	female	locationaa	CDH9_p.Asp95Asn	1
by_gender	female	locationaa	CDH9_p.Ser400Asn	1
by_gender	female	locationaa	CDHR1_p.Ala722Thr	1
by_gender	female	locationaa	CDHR1_p.Ala801Thr	1
by_gender	female	locationaa	CDHR1_p.Leu788Ile	1
by_gender	female	locationaa	CDHR2_p.Glu421Asp	1
by_gender	female	locationaa	CDHR2_p.Leu389His	1
by_gender	female	locationaa	CDHR3_p.Asn569Asp	1
by_gender	female	locationaa	CDIPT_p.Arg209His	1
by_gender	female	locationaa	CDIPT_p.Phe9Cys	1
by_gender	female	locationaa	CDK10_p.Arg29Met	1
by_gender	female	locationaa	CDK10_p.Lys198Asn	1
by_gender	female	locationaa	CDK12_p.Lys211Thr	1
by_gender	female	locationaa	CDK12_p.Pro526His	1
by_gender	female	locationaa	CDK13_p.Ser400Ile	1
by_gender	female	locationaa	CDK14_p.Asn390Asp	1
by_gender	female	locationaa	CDK18_p.Phe30Leu	1
by_gender	female	locationaa	CDK20_p.Asp263Tyr	1
by_gender	female	locationaa	CDK4_p.Arg122Cys	1
by_gender	female	locationaa	CDK4_p.Leu91Met	1
by_gender	female	locationaa	CDK5R1_p.Arg153His	1
by_gender	female	locationaa	CDK5RAP1_p.Arg169Gln	1
by_gender	female	locationaa	CDK5RAP2_p.Ala1015Thr	1
by_gender	female	locationaa	CDK5RAP2_p.Leu472Trp	1
by_gender	female	locationaa	CDK5RAP2_p.Lys471Thr	1
by_gender	female	locationaa	CDK5RAP3_p.Thr342Ser	1
by_gender	female	locationaa	CDK7_p.Gln320Ter	1
by_gender	female	locationaa	CDK8_p.Lys41Asn	1
by_gender	female	locationaa	CDK8_p.Trp94Ter	1
by_gender	female	locationaa	CDK9_p.Arg303Cys	1
by_gender	female	locationaa	CDKAL1_p.Val17Met	1
by_gender	female	locationaa	CDKL1_p.Arg313Gln	1
by_gender	female	locationaa	CDKL3_p.Ala301Val	1
by_gender	female	locationaa	CDKL4_p.Val106Ile	1
by_gender	female	locationaa	CDKL5_p.Ala1026Thr	1
by_gender	female	locationaa	CDKL5_p.Arg840Cys	1
by_gender	female	locationaa	CDKN2AIP_p.Glu521Asp	1
by_gender	female	locationaa	CDKN2A_p.Ala13Thr	1
by_gender	female	locationaa	CDKN2A_p.Arg58Ter	1
by_gender	female	locationaa	CDKN2A_p.Arg80Ter	1
by_gender	female	locationaa	CDKN2A_p.Glu69AlafsTer74	1
by_gender	female	locationaa	CDKN2A_p.Glu88GlyfsTer59	1
by_gender	female	locationaa	CDKN2A_p.Gly111AlafsTer3	1
by_gender	female	locationaa	CDKN2A_p.His83Tyr	1
by_gender	female	locationaa	CDKN2A_p.Leu16ProfsTer9	1
by_gender	female	locationaa	CDKN2A_p.Thr18_Ala19dup	1
by_gender	female	locationaa	CDKN2A_p.Tyr44Ter	1
by_gender	female	locationaa	CDKN2A_p.Val28_Glu33del	1
by_gender	female	locationaa	CDON_p.Arg927Cys	1
by_gender	female	locationaa	CDRT4_p.Asn132Lys	1
by_gender	female	locationaa	CDRT4_p.Ile44Thr	1
by_gender	female	locationaa	CDSN_p.Ser450Asn	1
by_gender	female	locationaa	CDT1_p.Ala347Thr	1
by_gender	female	locationaa	CDX4_p.Ala46Val	1
by_gender	female	locationaa	CDYL2_p.Arg82Ter	1
by_gender	female	locationaa	CDYL2_p.Asp129Gly	1
by_gender	female	locationaa	CEACAM16_p.Gln269His	1
by_gender	female	locationaa	CEACAM21_p.Ser96Ile	1
by_gender	female	locationaa	CEACAM3_p.Leu43Phe	1
by_gender	female	locationaa	CEACAM4_p.Arg98Gln	1
by_gender	female	locationaa	CEACAM5_p.Leu462His	1
by_gender	female	locationaa	CEACAM5_p.Pro525Ser	1
by_gender	female	locationaa	CEACAM6_p.Gln137Arg	1
by_gender	female	locationaa	CEACAM6_p.Val318Phe	1
by_gender	female	locationaa	CEACAM7_p.Ser3Pro	1
by_gender	female	locationaa	CEBPE_p.Ala101Val	1
by_gender	female	locationaa	CEBPZ_p.Arg543Ter	1
by_gender	female	locationaa	CEBPZ_p.Asp77Asn	1
by_gender	female	locationaa	CECR2_p.Ala745Val	1
by_gender	female	locationaa	CECR2_p.Ala800Asp	1
by_gender	female	locationaa	CECR2_p.Arg338Cys	1
by_gender	female	locationaa	CECR2_p.Arg387His	1
by_gender	female	locationaa	CECR2_p.His790Tyr	1
by_gender	female	locationaa	CECR2_p.Ser1331Leu	1
by_gender	female	locationaa	CECR2_p.Thr706Ile	1
by_gender	female	locationaa	CELF2_p.Phe209Ser	1
by_gender	female	locationaa	CELF2_p.Thr379Ile	1
by_gender	female	locationaa	CELF3_p.Phe115Leu	1
by_gender	female	locationaa	CELF4_p.Ala310Thr	1
by_gender	female	locationaa	CELF6_p.Pro114Ser	1
by_gender	female	locationaa	CELSR1_p.Ala2058Thr	1
by_gender	female	locationaa	CELSR1_p.Arg926His	1
by_gender	female	locationaa	CELSR1_p.Val445Met	1
by_gender	female	locationaa	CELSR2_p.Ala2735Val	1
by_gender	female	locationaa	CELSR2_p.Pro1944Ser	1
by_gender	female	locationaa	CELSR3_p.Ala3135Asp	1
by_gender	female	locationaa	CELSR3_p.Asp2893Asn	1
by_gender	female	locationaa	CELSR3_p.Asp677Asn	1
by_gender	female	locationaa	CELSR3_p.Leu2657Met	1
by_gender	female	locationaa	CELSR3_p.Pro2784Leu	1
by_gender	female	locationaa	CEL_p.Val311Gly	1
by_gender	female	locationaa	CEMIP2_p.Ser740Tyr	1
by_gender	female	locationaa	CEMIP_p.Pro1354His	1
by_gender	female	locationaa	CEMP1_p.Ala58Thr	1
by_gender	female	locationaa	CENATAC_p.Ser139Phe	1
by_gender	female	locationaa	CENPB_p.Ala118Thr	1
by_gender	female	locationaa	CENPC_p.Ala584Ser	1
by_gender	female	locationaa	CENPE_p.Arg2384Ter	1
by_gender	female	locationaa	CENPE_p.Gly1014Asp	1
by_gender	female	locationaa	CENPF_p.Gln1854His	1
by_gender	female	locationaa	CENPF_p.Glu1257Ter	1
by_gender	female	locationaa	CENPF_p.Ser2238Asn	1
by_gender	female	locationaa	CENPJ_p.Asp511Tyr	1
by_gender	female	locationaa	CENPJ_p.Tyr1096Phe	1
by_gender	female	locationaa	CENPL_p.Ala215Val	1
by_gender	female	locationaa	CENPT_p.Pro135Thr	1
by_gender	female	locationaa	CEP112_p.Arg219Ter	1
by_gender	female	locationaa	CEP112_p.Lys224Asn	1
by_gender	female	locationaa	CEP112_p.Thr153Ala	1
by_gender	female	locationaa	CEP120_p.Ala594Thr	1
by_gender	female	locationaa	CEP120_p.Arg72His	1
by_gender	female	locationaa	CEP120_p.Gly547Arg	1
by_gender	female	locationaa	CEP120_p.Ser193Ala	1
by_gender	female	locationaa	CEP128_p.Arg241His	1
by_gender	female	locationaa	CEP131_p.Ala871Val	1
by_gender	female	locationaa	CEP135_p.Arg510His	1
by_gender	female	locationaa	CEP135_p.Glu850Ter	1
by_gender	female	locationaa	CEP152_p.Ala831Asp	1
by_gender	female	locationaa	CEP152_p.Asp345Asn	1
by_gender	female	locationaa	CEP152_p.Asp741Asn	1
by_gender	female	locationaa	CEP152_p.Gln1685His	1
by_gender	female	locationaa	CEP162_p.Arg780Gly	1
by_gender	female	locationaa	CEP162_p.Arg926Ter	1
by_gender	female	locationaa	CEP164_p.Ser286Asn	1
by_gender	female	locationaa	CEP170B_p.Ala1162Val	1
by_gender	female	locationaa	CEP170B_p.Ala927Thr	1
by_gender	female	locationaa	CEP170_p.Arg995His	1
by_gender	female	locationaa	CEP192_p.Ala1477Val	1
by_gender	female	locationaa	CEP192_p.Val1484Ile	1
by_gender	female	locationaa	CEP192_p.Val1632Ile	1
by_gender	female	locationaa	CEP20_p.Glu6Lys	1
by_gender	female	locationaa	CEP250_p.Asp989Asn	1
by_gender	female	locationaa	CEP350_p.Lys587Arg	1
by_gender	female	locationaa	CEP350_p.Ser1544Asn	1
by_gender	female	locationaa	CEP44_p.Ser253Leu	1
by_gender	female	locationaa	CEP63_p.Arg46His	1
by_gender	female	locationaa	CEP68_p.Ser172Asn	1
by_gender	female	locationaa	CEP72_p.Met631Val	1
by_gender	female	locationaa	CEP76_p.Cys364Tyr	1
by_gender	female	locationaa	CEP78_p.Glu396Lys	1
by_gender	female	locationaa	CEP83_p.Leu542Ile	1
by_gender	female	locationaa	CEP85L_p.Asn540Thr	1
by_gender	female	locationaa	CEP85L_p.Thr306Ile	1
by_gender	female	locationaa	CEP89_p.Ser144Ile	1
by_gender	female	locationaa	CEP89_p.Ser82Ile	1
by_gender	female	locationaa	CEP95_p.Arg660Ter	1
by_gender	female	locationaa	CEP95_p.Ile257Thr	1
by_gender	female	locationaa	CEP97_p.Phe619Ile	1
by_gender	female	locationaa	CEPT1_p.Arg61Trp	1
by_gender	female	locationaa	CEPT1_p.Glu151Ter	1
by_gender	female	locationaa	CERCAM_p.Ser547Asn	1
by_gender	female	locationaa	CERKL_p.Asn396Thr	1
by_gender	female	locationaa	CERK_p.Ala59Thr	1
by_gender	female	locationaa	CERS2_p.Ala82Thr	1
by_gender	female	locationaa	CERS4_p.Glu186Ter	1
by_gender	female	locationaa	CERS5_p.Leu111Met	1
by_gender	female	locationaa	CES3_p.Ser432Phe	1
by_gender	female	locationaa	CES3_p.Trp558Ter	1
by_gender	female	locationaa	CES5A_p.Gly147Cys	1
by_gender	female	locationaa	CFAP100_p.Gln321His	1
by_gender	female	locationaa	CFAP206_p.Gly25Glu	1
by_gender	female	locationaa	CFAP20DC_p.Pro763Leu	1
by_gender	female	locationaa	CFAP20DC_p.Ser296Pro	1
by_gender	female	locationaa	CFAP221_p.Gln301His	1
by_gender	female	locationaa	CFAP221_p.His719Tyr	1
by_gender	female	locationaa	CFAP298-TCP10L_p.Arg38Trp	1
by_gender	female	locationaa	CFAP299_p.Arg106His	1
by_gender	female	locationaa	CFAP300_p.Ser217Tyr	1
by_gender	female	locationaa	CFAP36_p.Asp141Asn	1
by_gender	female	locationaa	CFAP44_p.Gly528Glu	1
by_gender	female	locationaa	CFAP46_p.Arg2677Trp	1
by_gender	female	locationaa	CFAP47_p.Ala1427Thr	1
by_gender	female	locationaa	CFAP47_p.Arg706Lys	1
by_gender	female	locationaa	CFAP47_p.Arg717Lys	1
by_gender	female	locationaa	CFAP47_p.Glu278Asp	1
by_gender	female	locationaa	CFAP47_p.Ser807Asn	1
by_gender	female	locationaa	CFAP52_p.Gly64Asp	1
by_gender	female	locationaa	CFAP52_p.Val464Ala	1
by_gender	female	locationaa	CFAP54_p.Glu2691Lys	1
by_gender	female	locationaa	CFAP54_p.Lys2580Thr	1
by_gender	female	locationaa	CFAP61_p.Ala635Thr	1
by_gender	female	locationaa	CFAP61_p.Arg1088Gln	1
by_gender	female	locationaa	CFAP61_p.Lys940Thr	1
by_gender	female	locationaa	CFAP61_p.Phe1204Cys	1
by_gender	female	locationaa	CFAP61_p.Ser607Tyr	1
by_gender	female	locationaa	CFAP61_p.Tyr357His	1
by_gender	female	locationaa	CFAP65_p.Ala761Thr	1
by_gender	female	locationaa	CFAP65_p.Arg1129His	1
by_gender	female	locationaa	CFAP69_p.Ile514Leu	1
by_gender	female	locationaa	CFAP70_p.Gly117Val	1
by_gender	female	locationaa	CFAP91_p.Asp134Glu	1
by_gender	female	locationaa	CFAP92_p.Glu56Asp	1
by_gender	female	locationaa	CFAP94_p.Ser611Asn	1
by_gender	female	locationaa	CFAP97_p.Ala510Val	1
by_gender	female	locationaa	CFAP97_p.Asp262Tyr	1
by_gender	female	locationaa	CFAP97_p.Gln486Lys	1
by_gender	female	locationaa	CFAP97_p.Ser320Phe	1
by_gender	female	locationaa	CFHR1_p.Leu288Ile	1
by_gender	female	locationaa	CFH_p.Ala425Val	1
by_gender	female	locationaa	CFH_p.Asp533Val	1
by_gender	female	locationaa	CFH_p.Pro25His	1
by_gender	female	locationaa	CFI_p.Asp519Asn	1
by_gender	female	locationaa	CFLAR_p.His7Arg	1
by_gender	female	locationaa	CFLAR_p.Pro197His	1
by_gender	female	locationaa	CGA_p.Lys68Glu	1
by_gender	female	locationaa	CGB5_p.Val49Ile	1
by_gender	female	locationaa	CGB8_p.Arg134His	1
by_gender	female	locationaa	CGNL1_p.Ala323Thr	1
by_gender	female	locationaa	CGNL1_p.Asp1068GlufsTer34	1
by_gender	female	locationaa	CGRRF1_p.Gly258Glu	1
by_gender	female	locationaa	CHAD_p.Ala22Thr	1
by_gender	female	locationaa	CHAF1A_p.Ala228Val	1
by_gender	female	locationaa	CHAF1B_p.Ala105Thr	1
by_gender	female	locationaa	CHAF1B_p.Thr306Ile	1
by_gender	female	locationaa	CHAMP1_p.Trp334Ter	1
by_gender	female	locationaa	CHAT_p.Arg504Ter	1
by_gender	female	locationaa	CHAT_p.Leu539Ile	1
by_gender	female	locationaa	CHAT_p.Ser414Ile	1
by_gender	female	locationaa	CHCHD3_p.Arg195Cys	1
by_gender	female	locationaa	CHCHD7_p.Arg73Lys	1
by_gender	female	locationaa	CHD1L_p.Leu171Arg	1
by_gender	female	locationaa	CHD2_p.Val883Ile	1
by_gender	female	locationaa	CHD3_p.Arg1698Ter	1
by_gender	female	locationaa	CHD3_p.Arg887Gln	1
by_gender	female	locationaa	CHD3_p.Pro612Gln	1
by_gender	female	locationaa	CHD4_p.Arg1092Gln	1
by_gender	female	locationaa	CHD4_p.Pro1520Thr	1
by_gender	female	locationaa	CHD4_p.Trp1701Ter	1
by_gender	female	locationaa	CHD5_p.Ala139Ser	1
by_gender	female	locationaa	CHD5_p.Ala1466Ser	1
by_gender	female	locationaa	CHD5_p.Ala1836Thr	1
by_gender	female	locationaa	CHD5_p.Ala801Val	1
by_gender	female	locationaa	CHD5_p.Gly1937Arg	1
by_gender	female	locationaa	CHD6_p.Ala1504Asp	1
by_gender	female	locationaa	CHD6_p.Arg1301Ter	1
by_gender	female	locationaa	CHD6_p.Glu487Gly	1
by_gender	female	locationaa	CHD6_p.Gly2017Glu	1
by_gender	female	locationaa	CHD6_p.Ser1738Leu	1
by_gender	female	locationaa	CHD7_p.Ala1428Asp	1
by_gender	female	locationaa	CHD7_p.Ala2372Ser	1
by_gender	female	locationaa	CHD7_p.Asn964His	1
by_gender	female	locationaa	CHD7_p.Gly1822Ser	1
by_gender	female	locationaa	CHD7_p.Ile1311Val	1
by_gender	female	locationaa	CHD8_p.Ala1744Thr	1
by_gender	female	locationaa	CHD8_p.Arg1429Trp	1
by_gender	female	locationaa	CHD8_p.Arg212Gln	1
by_gender	female	locationaa	CHD8_p.Pro538Ser	1
by_gender	female	locationaa	CHD8_p.Trp2340Ter	1
by_gender	female	locationaa	CHD9_p.Ala163Thr	1
by_gender	female	locationaa	CHD9_p.Ser2063Tyr	1
by_gender	female	locationaa	CHD9_p.Tyr796Ter	1
by_gender	female	locationaa	CHD9_p.Val1303Ile	1
by_gender	female	locationaa	CHDH_p.Phe402Val	1
by_gender	female	locationaa	CHERP_p.Arg262Trp	1
by_gender	female	locationaa	CHFR_p.Asp502Gly	1
by_gender	female	locationaa	CHGA_p.Ser98Arg	1
by_gender	female	locationaa	CHIT1_p.Thr172Pro	1
by_gender	female	locationaa	CHL1_p.Lys545Arg	1
by_gender	female	locationaa	CHML_p.Arg403His	1
by_gender	female	locationaa	CHML_p.Gly356Val	1
by_gender	female	locationaa	CHML_p.Ile478Val	1
by_gender	female	locationaa	CHMP2A_p.Ala200Thr	1
by_gender	female	locationaa	CHMP2B_p.Val82Phe	1
by_gender	female	locationaa	CHMP7_p.Ala152Thr	1
by_gender	female	locationaa	CHMP7_p.Asn413Ser	1
by_gender	female	locationaa	CHPF2_p.Ala670Val	1
by_gender	female	locationaa	CHPF2_p.Pro361Leu	1
by_gender	female	locationaa	CHPF_p.Ser634Tyr	1
by_gender	female	locationaa	CHRAC1_p.Val53Gly	1
by_gender	female	locationaa	CHRD_p.Leu586Phe	1
by_gender	female	locationaa	CHRD_p.Pro672Leu	1
by_gender	female	locationaa	CHRFAM7A_p.Leu188Ile	1
by_gender	female	locationaa	CHRM2_p.Ala185Asp	1
by_gender	female	locationaa	CHRM2_p.Leu312Met	1
by_gender	female	locationaa	CHRM2_p.Val106Ile	1
by_gender	female	locationaa	CHRM3_p.Tyr573Cys	1
by_gender	female	locationaa	CHRM5_p.Ala75Val	1
by_gender	female	locationaa	CHRM5_p.Gln268His	1
by_gender	female	locationaa	CHRM5_p.Ser207Tyr	1
by_gender	female	locationaa	CHRNA10_p.Gly217Ser	1
by_gender	female	locationaa	CHRNA10_p.Leu249Phe	1
by_gender	female	locationaa	CHRNA1_p.Arg346His	1
by_gender	female	locationaa	CHRNA1_p.Val18Ile	1
by_gender	female	locationaa	CHRNA2_p.Ala93Thr	1
by_gender	female	locationaa	CHRNA2_p.Val387Met	1
by_gender	female	locationaa	CHRNA3_p.Arg370Ser	1
by_gender	female	locationaa	CHRNA4_p.Glu270Lys	1
by_gender	female	locationaa	CHRNA9_p.Leu250Phe	1
by_gender	female	locationaa	CHRNB4_p.Gly384Val	1
by_gender	female	locationaa	CHRND_p.Arg244Cys	1
by_gender	female	locationaa	CHST10_p.Asp258Asn	1
by_gender	female	locationaa	CHST12_p.Arg289His	1
by_gender	female	locationaa	CHST14_p.Val258Ala	1
by_gender	female	locationaa	CHST2_p.Glu293Asp	1
by_gender	female	locationaa	CHST5_p.Val220Met	1
by_gender	female	locationaa	CHST6_p.Ser27Thr	1
by_gender	female	locationaa	CHST8_p.Ala393Thr	1
by_gender	female	locationaa	CHST8_p.Arg173Cys	1
by_gender	female	locationaa	CHST8_p.Arg258Cys	1
by_gender	female	locationaa	CHST9_p.Ala317Thr	1
by_gender	female	locationaa	CHST9_p.Asp402Asn	1
by_gender	female	locationaa	CHSY3_p.Arg375Gln	1
by_gender	female	locationaa	CHSY3_p.Ser360Tyr	1
by_gender	female	locationaa	CHSY3_p.Tyr742Cys	1
by_gender	female	locationaa	CHTF18_p.Glu149Ter	1
by_gender	female	locationaa	CIAO2A_p.Ala93Val	1
by_gender	female	locationaa	CIAO3_p.Arg167Ter	1
by_gender	female	locationaa	CIAPIN1_p.Ser307Ile	1
by_gender	female	locationaa	CIB1_p.Glu138Ter	1
by_gender	female	locationaa	CIB2_p.Gly162Asp	1
by_gender	female	locationaa	CIBAR1_p.Arg84Ter	1
by_gender	female	locationaa	CIC_p.Ala1243Thr	1
by_gender	female	locationaa	CIC_p.Ala1544Thr	1
by_gender	female	locationaa	CIDEA_p.Arg24Ter	1
by_gender	female	locationaa	CIDEA_p.Thr82Ile	1
by_gender	female	locationaa	CILP2_p.Pro1108Ser	1
by_gender	female	locationaa	CIP2A_p.Cys6Ter	1
by_gender	female	locationaa	CIP2A_p.Glu868Gln	1
by_gender	female	locationaa	CITED2_p.Met114Ile	1
by_gender	female	locationaa	CIT_p.Ala1102Thr	1
by_gender	female	locationaa	CIT_p.Ala1854Thr	1
by_gender	female	locationaa	CIT_p.Arg831Gln	1
by_gender	female	locationaa	CIT_p.Ser1735Asn	1
by_gender	female	locationaa	CIZ1_p.Pro152His	1
by_gender	female	locationaa	CKAP2L_p.Leu227Val	1
by_gender	female	locationaa	CKAP2L_p.Pro209Leu	1
by_gender	female	locationaa	CKAP4_p.Glu295Asp	1
by_gender	female	locationaa	CKAP5_p.Arg1885Trp	1
by_gender	female	locationaa	CKB_p.Arg13His	1
by_gender	female	locationaa	CKMT1A_p.Arg269Trp	1
by_gender	female	locationaa	CKMT1A_p.Val328Ala	1
by_gender	female	locationaa	CKMT2_p.Lys419Asn	1
by_gender	female	locationaa	CKM_p.Arg316His	1
by_gender	female	locationaa	CKM_p.Thr71Asn	1
by_gender	female	locationaa	CKM_p.Val84Phe	1
by_gender	female	locationaa	CLASP1_p.Pro310Ser	1
by_gender	female	locationaa	CLASRP_p.Arg115His	1
by_gender	female	locationaa	CLASRP_p.Arg278Trp	1
by_gender	female	locationaa	CLCA1_p.Leu227Ile	1
by_gender	female	locationaa	CLCA2_p.Pro536His	1
by_gender	female	locationaa	CLCA4_p.Ser364Ile	1
by_gender	female	locationaa	CLCA4_p.Thr61Met	1
by_gender	female	locationaa	CLCN2_p.Ala510Val	1
by_gender	female	locationaa	CLCN2_p.Arg836Gln	1
by_gender	female	locationaa	CLCN4_p.Ala477Val	1
by_gender	female	locationaa	CLCN5_p.Val536Met	1
by_gender	female	locationaa	CLCN6_p.Val837Met	1
by_gender	female	locationaa	CLCN7_p.Pro199Ser	1
by_gender	female	locationaa	CLCN7_p.Ser232Phe	1
by_gender	female	locationaa	CLCNKA_p.Gly455Glu	1
by_gender	female	locationaa	CLDN17_p.Arg210Ter	1
by_gender	female	locationaa	CLDN3_p.Glu188Lys	1
by_gender	female	locationaa	CLDN9_p.Ala79Val	1
by_gender	female	locationaa	CLEC11A_p.Glu42Val	1
by_gender	female	locationaa	CLEC12A_p.Trp190Ter	1
by_gender	female	locationaa	CLEC12B_p.Gln112His	1
by_gender	female	locationaa	CLEC12B_p.Glu105Gly	1
by_gender	female	locationaa	CLEC14A_p.Arg193His	1
by_gender	female	locationaa	CLEC14A_p.Arg234His	1
by_gender	female	locationaa	CLEC14A_p.Ser312Asn	1
by_gender	female	locationaa	CLEC16A_p.Ala468Thr	1
by_gender	female	locationaa	CLEC18A_p.Trp101Cys	1
by_gender	female	locationaa	CLEC18B_p.Leu420Gln	1
by_gender	female	locationaa	CLEC18C_p.Val106Met	1
by_gender	female	locationaa	CLEC2B_p.Cys144Arg	1
by_gender	female	locationaa	CLEC4A_p.Arg202Cys	1
by_gender	female	locationaa	CLEC4E_p.Glu61Ala	1
by_gender	female	locationaa	CLEC4F_p.Asp78Asn	1
by_gender	female	locationaa	CLEC4F_p.Glu220Ter	1
by_gender	female	locationaa	CLEC4M_p.Ala301Val	1
by_gender	female	locationaa	CLEC9A_p.Ala50Thr	1
by_gender	female	locationaa	CLGN_p.Ala312Val	1
by_gender	female	locationaa	CLHC1_p.Ala417Val	1
by_gender	female	locationaa	CLIC2_p.Ala197Val	1
by_gender	female	locationaa	CLIC5_p.Arg383Cys	1
by_gender	female	locationaa	CLIC6_p.Ala695Thr	1
by_gender	female	locationaa	CLIP1_p.Gly116Ser	1
by_gender	female	locationaa	CLIP1_p.Gly243Asp	1
by_gender	female	locationaa	CLIP1_p.Thr571Pro	1
by_gender	female	locationaa	CLIP2_p.Ala265Val	1
by_gender	female	locationaa	CLIP3_p.Arg187Gln	1
by_gender	female	locationaa	CLIP3_p.Leu181Met	1
by_gender	female	locationaa	CLIP4_p.Arg594Ile	1
by_gender	female	locationaa	CLK1_p.Ala189Ser	1
by_gender	female	locationaa	CLK1_p.Asp217Gly	1
by_gender	female	locationaa	CLK1_p.Leu246Arg	1
by_gender	female	locationaa	CLK2_p.Glu433Gln	1
by_gender	female	locationaa	CLK3_p.Arg183Ter	1
by_gender	female	locationaa	CLN3_p.Arg296Cys	1
by_gender	female	locationaa	CLN5_p.Glu189Ter	1
by_gender	female	locationaa	CLOCK_p.Leu520Ter	1
by_gender	female	locationaa	CLOCK_p.Thr711Ala	1
by_gender	female	locationaa	CLOCK_p.Val52Gly	1
by_gender	female	locationaa	CLPX_p.Arg428Lys	1
by_gender	female	locationaa	CLRN3_p.Ser20Thr	1
by_gender	female	locationaa	CLSPN_p.Glu1030Lys	1
by_gender	female	locationaa	CLSTN2_p.Ala669Thr	1
by_gender	female	locationaa	CLSTN2_p.Arg820Gln	1
by_gender	female	locationaa	CLSTN2_p.Asp641Ala	1
by_gender	female	locationaa	CLSTN3_p.Arg869His	1
by_gender	female	locationaa	CLSTN3_p.Gln671Lys	1
by_gender	female	locationaa	CLSTN3_p.Thr155Ser	1
by_gender	female	locationaa	CLTB_p.Ala2Thr	1
by_gender	female	locationaa	CLTCL1_p.Ala247Thr	1
by_gender	female	locationaa	CLTCL1_p.Ala880Asp	1
by_gender	female	locationaa	CLTC_p.Ala1032Thr	1
by_gender	female	locationaa	CLTC_p.Asn486Asp	1
by_gender	female	locationaa	CLUH_p.Ser669Asn	1
by_gender	female	locationaa	CLVS1_p.Trp16Cys	1
by_gender	female	locationaa	CMA1_p.Leu39Met	1
by_gender	female	locationaa	CMIP_p.Leu297Phe	1
by_gender	female	locationaa	CMKLR1_p.Lys71Met	1
by_gender	female	locationaa	CMTM8_p.Val50Phe	1
by_gender	female	locationaa	CMTR1_p.Leu582Met	1
by_gender	female	locationaa	CMTR2_p.Lys456Thr	1
by_gender	female	locationaa	CMTR2_p.Ser124Ile	1
by_gender	female	locationaa	CMYA5_p.Glu1617Asp	1
by_gender	female	locationaa	CMYA5_p.Glu530Lys	1
by_gender	female	locationaa	CMYA5_p.Lys2111Thr	1
by_gender	female	locationaa	CMYA5_p.Ser2822Leu	1
by_gender	female	locationaa	CMYA5_p.Ser3252Tyr	1
by_gender	female	locationaa	CMYA5_p.Thr758Ala	1
by_gender	female	locationaa	CMYA5_p.Tyr2523Cys	1
by_gender	female	locationaa	CNBD2_p.Gly286Ser	1
by_gender	female	locationaa	CNBP_p.Arg11Ter	1
by_gender	female	locationaa	CNBP_p.Thr133Ile	1
by_gender	female	locationaa	CNDP2_p.Ala464Thr	1
by_gender	female	locationaa	CNGA3_p.Leu219Ile	1
by_gender	female	locationaa	CNGA3_p.Phe385Leu	1
by_gender	female	locationaa	CNGB1_p.Asp1160Tyr	1
by_gender	female	locationaa	CNGB1_p.Pro69Ser	1
by_gender	female	locationaa	CNGB1_p.Thr547Asn	1
by_gender	female	locationaa	CNGB1_p.Val409Gly	1
by_gender	female	locationaa	CNKSR2_p.Pro249His	1
by_gender	female	locationaa	CNKSR3_p.Gln315His	1
by_gender	female	locationaa	CNMD_p.His263Arg	1
by_gender	female	locationaa	CNMD_p.Val216Met	1
by_gender	female	locationaa	CNN2_p.Gly99Asp	1
by_gender	female	locationaa	CNN3_p.Arg33His	1
by_gender	female	locationaa	CNNM1_p.Pro948Ser	1
by_gender	female	locationaa	CNNM2_p.Ala874Thr	1
by_gender	female	locationaa	CNNM2_p.Ser489Phe	1
by_gender	female	locationaa	CNNM3_p.Ser529Gly	1
by_gender	female	locationaa	CNNM4_p.Arg50Lys	1
by_gender	female	locationaa	CNNM4_p.Glu343Asp	1
by_gender	female	locationaa	CNNM4_p.Glu414Ala	1
by_gender	female	locationaa	CNOT10_p.Val425Ala	1
by_gender	female	locationaa	CNOT2_p.Ser300Tyr	1
by_gender	female	locationaa	CNOT3_p.Arg177His	1
by_gender	female	locationaa	CNOT3_p.Arg735Trp	1
by_gender	female	locationaa	CNOT3_p.Arg90Trp	1
by_gender	female	locationaa	CNOT3_p.Gly722Val	1
by_gender	female	locationaa	CNOT4_p.Leu423Pro	1
by_gender	female	locationaa	CNOT6L_p.Ala348Val	1
by_gender	female	locationaa	CNOT6L_p.His362Tyr	1
by_gender	female	locationaa	CNOT6L_p.Thr59Pro	1
by_gender	female	locationaa	CNOT6L_p.Val406Met	1
by_gender	female	locationaa	CNPPD1_p.Pro389His	1
by_gender	female	locationaa	CNPY1_p.Lys27Asn	1
by_gender	female	locationaa	CNP_p.Ala329Thr	1
by_gender	female	locationaa	CNP_p.Gly60Arg	1
by_gender	female	locationaa	CNTD1_p.Ala33Ser	1
by_gender	female	locationaa	CNTD1_p.Ser238Asn	1
by_gender	female	locationaa	CNTLN_p.Ala1242Ser	1
by_gender	female	locationaa	CNTLN_p.Lys751Thr	1
by_gender	female	locationaa	CNTN1_p.Arg766Ter	1
by_gender	female	locationaa	CNTN1_p.Pro695Ser	1
by_gender	female	locationaa	CNTN1_p.Thr452Ala	1
by_gender	female	locationaa	CNTN2_p.Trp544Ter	1
by_gender	female	locationaa	CNTN3_p.Ala811Thr	1
by_gender	female	locationaa	CNTN3_p.Ser587Ter	1
by_gender	female	locationaa	CNTN3_p.Ser587Thr	1
by_gender	female	locationaa	CNTN4_p.Arg169His	1
by_gender	female	locationaa	CNTN4_p.Arg269Met	1
by_gender	female	locationaa	CNTN4_p.Ser514Asn	1
by_gender	female	locationaa	CNTN5_p.Thr311Ala	1
by_gender	female	locationaa	CNTN6_p.Gly556Ter	1
by_gender	female	locationaa	CNTN6_p.Gly808Ter	1
by_gender	female	locationaa	CNTN6_p.Leu458Ile	1
by_gender	female	locationaa	CNTNAP1_p.Ala200Thr	1
by_gender	female	locationaa	CNTNAP2_p.Arg906Cys	1
by_gender	female	locationaa	CNTNAP2_p.Asp556His	1
by_gender	female	locationaa	CNTNAP2_p.Trp84Ter	1
by_gender	female	locationaa	CNTNAP3_p.Ile764Ser	1
by_gender	female	locationaa	CNTNAP3_p.Ser586Tyr	1
by_gender	female	locationaa	CNTNAP4_p.His1032Tyr	1
by_gender	female	locationaa	CNTNAP4_p.Met357Leu	1
by_gender	female	locationaa	CNTNAP4_p.Phe113Val	1
by_gender	female	locationaa	CNTNAP4_p.Pro371Leu	1
by_gender	female	locationaa	CNTNAP4_p.Thr921Met	1
by_gender	female	locationaa	CNTNAP5_p.Ala1004Asp	1
by_gender	female	locationaa	CNTNAP5_p.Arg6Trp	1
by_gender	female	locationaa	CNTNAP5_p.Asp215Val	1
by_gender	female	locationaa	CNTNAP5_p.Phe804Cys	1
by_gender	female	locationaa	CNTRL_p.Gln930His	1
by_gender	female	locationaa	CNTRL_p.Leu105Ile	1
by_gender	female	locationaa	CNTRL_p.Lys964Asn	1
by_gender	female	locationaa	CNTRL_p.Ser702Ile	1
by_gender	female	locationaa	COBLL1_p.Asp908Asn	1
by_gender	female	locationaa	COBL_p.Pro1097Leu	1
by_gender	female	locationaa	COCH_p.Gly439Val	1
by_gender	female	locationaa	COG1_p.Glu388Val	1
by_gender	female	locationaa	COG1_p.Leu452Arg	1
by_gender	female	locationaa	COG3_p.Asn441Thr	1
by_gender	female	locationaa	COG4_p.Arg369His	1
by_gender	female	locationaa	COG4_p.Glu31Asp	1
by_gender	female	locationaa	COG7_p.Thr692Ile	1
by_gender	female	locationaa	COG7_p.Val377Ala	1
by_gender	female	locationaa	COL10A1_p.Ala678Asp	1
by_gender	female	locationaa	COL11A1_p.Gly1015Ala	1
by_gender	female	locationaa	COL11A1_p.Pro455Thr	1
by_gender	female	locationaa	COL11A1_p.Tyr235Ter	1
by_gender	female	locationaa	COL11A1_p.Val129Gly	1
by_gender	female	locationaa	COL11A2_p.Gln651His	1
by_gender	female	locationaa	COL11A2_p.Tyr716Ter	1
by_gender	female	locationaa	COL12A1_p.Asp1816Tyr	1
by_gender	female	locationaa	COL12A1_p.Gln1805His	1
by_gender	female	locationaa	COL12A1_p.Val257Leu	1
by_gender	female	locationaa	COL14A1_p.Lys2Asn	1
by_gender	female	locationaa	COL15A1_p.Glu148Asp	1
by_gender	female	locationaa	COL16A1_p.Pro1044Leu	1
by_gender	female	locationaa	COL17A1_p.Arg584Ter	1
by_gender	female	locationaa	COL17A1_p.Gly857Ser	1
by_gender	female	locationaa	COL18A1_p.Arg641His	1
by_gender	female	locationaa	COL18A1_p.Gly1051Ser	1
by_gender	female	locationaa	COL18A1_p.Gly1122Arg	1
by_gender	female	locationaa	COL19A1_p.Gln526Ter	1
by_gender	female	locationaa	COL1A1_p.Gly287Asp	1
by_gender	female	locationaa	COL1A2_p.Ala855Val	1
by_gender	female	locationaa	COL1A2_p.Arg777His	1
by_gender	female	locationaa	COL1A2_p.Arg938Cys	1
by_gender	female	locationaa	COL1A2_p.Gly322Asp	1
by_gender	female	locationaa	COL1A2_p.Val285Ala	1
by_gender	female	locationaa	COL21A1_p.Glu275Lys	1
by_gender	female	locationaa	COL21A1_p.Gly954Ter	1
by_gender	female	locationaa	COL22A1_p.Arg695Ter	1
by_gender	female	locationaa	COL22A1_p.Gly1255TrpfsTer56	1
by_gender	female	locationaa	COL24A1_p.Ala232Thr	1
by_gender	female	locationaa	COL24A1_p.Pro1135His	1
by_gender	female	locationaa	COL24A1_p.Thr343Ile	1
by_gender	female	locationaa	COL25A1_p.Gly461Glu	1
by_gender	female	locationaa	COL25A1_p.Gly470Val	1
by_gender	female	locationaa	COL27A1_p.Ala1411Thr	1
by_gender	female	locationaa	COL28A1_p.Ala535Ser	1
by_gender	female	locationaa	COL28A1_p.Arg226Cys	1
by_gender	female	locationaa	COL2A1_p.Glu955Lys	1
by_gender	female	locationaa	COL2A1_p.Ile112Thr	1
by_gender	female	locationaa	COL3A1_p.Gly885Ser	1
by_gender	female	locationaa	COL3A1_p.Pro1123Ser	1
by_gender	female	locationaa	COL3A1_p.Pro607Leu	1
by_gender	female	locationaa	COL4A1_p.Gln988His	1
by_gender	female	locationaa	COL4A1_p.Gly359Cys	1
by_gender	female	locationaa	COL4A2_p.Ala676Val	1
by_gender	female	locationaa	COL4A2_p.Gln5Lys	1
by_gender	female	locationaa	COL4A2_p.Gly833Cys	1
by_gender	female	locationaa	COL4A2_p.Thr1653Pro	1
by_gender	female	locationaa	COL4A3_p.Pro1109Leu	1
by_gender	female	locationaa	COL4A4_p.Glu380Ter	1
by_gender	female	locationaa	COL4A4_p.Gly341Val	1
by_gender	female	locationaa	COL4A4_p.Ile1559Met	1
by_gender	female	locationaa	COL4A4_p.Lys42Thr	1
by_gender	female	locationaa	COL4A5_p.Gly1170Ser	1
by_gender	female	locationaa	COL4A5_p.Pro1517His	1
by_gender	female	locationaa	COL4A6_p.Gly439Val	1
by_gender	female	locationaa	COL4A6_p.Pro699Ser	1
by_gender	female	locationaa	COL4A6_p.Ser928Leu	1
by_gender	female	locationaa	COL5A1_p.Arg1203Gln	1
by_gender	female	locationaa	COL5A1_p.Arg1783His	1
by_gender	female	locationaa	COL5A1_p.Asp195Asn	1
by_gender	female	locationaa	COL5A1_p.Glu497Ter	1
by_gender	female	locationaa	COL5A1_p.Gly1456Cys	1
by_gender	female	locationaa	COL5A1_p.Gly652Asp	1
by_gender	female	locationaa	COL5A1_p.Gly799Asp	1
by_gender	female	locationaa	COL5A1_p.Lys1554Glu	1
by_gender	female	locationaa	COL5A1_p.Thr264Met	1
by_gender	female	locationaa	COL5A2_p.Glu38Ter	1
by_gender	female	locationaa	COL5A2_p.Gly1038Ser	1
by_gender	female	locationaa	COL5A2_p.Gly867Glu	1
by_gender	female	locationaa	COL5A3_p.Asp1279Tyr	1
by_gender	female	locationaa	COL5A3_p.Glu829Lys	1
by_gender	female	locationaa	COL5A3_p.Gly1304Ser	1
by_gender	female	locationaa	COL5A3_p.Gly677Arg	1
by_gender	female	locationaa	COL5A3_p.Lys266Asn	1
by_gender	female	locationaa	COL6A1_p.Ile327Thr	1
by_gender	female	locationaa	COL6A2_p.Ala924Thr	1
by_gender	female	locationaa	COL6A2_p.Arg380Cys	1
by_gender	female	locationaa	COL6A2_p.Gly379Ter	1
by_gender	female	locationaa	COL6A2_p.Val598Glu	1
by_gender	female	locationaa	COL6A2_p.Val980Met	1
by_gender	female	locationaa	COL6A3_p.Arg925Lys	1
by_gender	female	locationaa	COL6A3_p.Gln1199Glu	1
by_gender	female	locationaa	COL6A3_p.Leu2507Ile	1
by_gender	female	locationaa	COL6A3_p.Pro2876Leu	1
by_gender	female	locationaa	COL6A3_p.Ser2679Asn	1
by_gender	female	locationaa	COL6A6_p.Phe1057Ser	1
by_gender	female	locationaa	COL6A6_p.Tyr493Ter	1
by_gender	female	locationaa	COL7A1_p.Arg1594Trp	1
by_gender	female	locationaa	COL7A1_p.Arg51Cys	1
by_gender	female	locationaa	COL7A1_p.Gly2046Asp	1
by_gender	female	locationaa	COL7A1_p.Lys2137Glu	1
by_gender	female	locationaa	COL7A1_p.Pro1423Leu	1
by_gender	female	locationaa	COL8A2_p.Gly267Glu	1
by_gender	female	locationaa	COL8A2_p.Gly418Val	1
by_gender	female	locationaa	COL9A1_p.Gly568Arg	1
by_gender	female	locationaa	COLEC11_p.Ala191Thr	1
by_gender	female	locationaa	COLEC11_p.Arg162His	1
by_gender	female	locationaa	COLEC12_p.Ala6Thr	1
by_gender	female	locationaa	COLEC12_p.Gln468His	1
by_gender	female	locationaa	COLEC12_p.Gly461Asp	1
by_gender	female	locationaa	COMMD1_p.Asn17Thr	1
by_gender	female	locationaa	COMMD6_p.Ser31Asn	1
by_gender	female	locationaa	COMP_p.Arg721Cys	1
by_gender	female	locationaa	COP1_p.Ser108Asn	1
by_gender	female	locationaa	COPA_p.Gln1140His	1
by_gender	female	locationaa	COPA_p.Lys8Asn	1
by_gender	female	locationaa	COPB1_p.Arg316Ter	1
by_gender	female	locationaa	COPB1_p.Phe219Ser	1
by_gender	female	locationaa	COPB2_p.Arg103Cys	1
by_gender	female	locationaa	COPG1_p.Asp736Ala	1
by_gender	female	locationaa	COPRS_p.Glu71Lys	1
by_gender	female	locationaa	COPS6_p.Ala223Ser	1
by_gender	female	locationaa	COPS8_p.Leu71Pro	1
by_gender	female	locationaa	COPS9_p.Lys37Thr	1
by_gender	female	locationaa	COPZ2_p.Ile176Val	1
by_gender	female	locationaa	COQ9_p.Ser127Phe	1
by_gender	female	locationaa	CORIN_p.Ser82Asn	1
by_gender	female	locationaa	CORO1B_p.Glu454Asp	1
by_gender	female	locationaa	CORO2B_p.Arg18Gln	1
by_gender	female	locationaa	CORO7_p.Ala730Thr	1
by_gender	female	locationaa	COX4I2_p.Gln143Pro	1
by_gender	female	locationaa	COX7C_p.Phe53Val	1
by_gender	female	locationaa	CPA1_p.Gln147His	1
by_gender	female	locationaa	CPA5_p.Ser168Asn	1
by_gender	female	locationaa	CPAMD8_p.Glu93Asp	1
by_gender	female	locationaa	CPAMD8_p.Tyr1650Cys	1
by_gender	female	locationaa	CPB1_p.Ala339Asp	1
by_gender	female	locationaa	CPEB1_p.Arg229Cys	1
by_gender	female	locationaa	CPEB1_p.Arg611Cys	1
by_gender	female	locationaa	CPEB1_p.Ser549Arg	1
by_gender	female	locationaa	CPEB2_p.Gln826Ter	1
by_gender	female	locationaa	CPEB3_p.Gln137His	1
by_gender	female	locationaa	CPEB4_p.Lys580Thr	1
by_gender	female	locationaa	CPE_p.Ter477LeuextTer4	1
by_gender	female	locationaa	CPLANE2_p.Ala225Val	1
by_gender	female	locationaa	CPLX4_p.Asp121Asn	1
by_gender	female	locationaa	CPM_p.Thr279Met	1
by_gender	female	locationaa	CPN1_p.Ala90Val	1
by_gender	female	locationaa	CPN2_p.Ser484Ile	1
by_gender	female	locationaa	CPNE2_p.Thr145Met	1
by_gender	female	locationaa	CPNE3_p.Met176Ile	1
by_gender	female	locationaa	CPNE4_p.Arg366Met	1
by_gender	female	locationaa	CPNE4_p.Leu439Met	1
by_gender	female	locationaa	CPNE5_p.Ala238Asp	1
by_gender	female	locationaa	CPNE5_p.Ala360Val	1
by_gender	female	locationaa	CPNE6_p.Val457Met	1
by_gender	female	locationaa	CPNE9_p.Arg84Cys	1
by_gender	female	locationaa	CPO_p.Arg136Cys	1
by_gender	female	locationaa	CPS1_p.Glu255Lys	1
by_gender	female	locationaa	CPS1_p.Ile858Asn	1
by_gender	female	locationaa	CPS1_p.Ser1216Asn	1
by_gender	female	locationaa	CPS1_p.Ser918Ter	1
by_gender	female	locationaa	CPSF1_p.Ala242Ser	1
by_gender	female	locationaa	CPSF1_p.Arg1046Cys	1
by_gender	female	locationaa	CPSF2_p.Asp238Asn	1
by_gender	female	locationaa	CPSF2_p.His312Arg	1
by_gender	female	locationaa	CPSF2_p.Leu392Pro	1
by_gender	female	locationaa	CPSF4_p.Glu118Lys	1
by_gender	female	locationaa	CPSF6_p.Leu448Pro	1
by_gender	female	locationaa	CPT1A_p.Pro714Leu	1
by_gender	female	locationaa	CPT1B_p.Arg245Ter	1
by_gender	female	locationaa	CPT1B_p.Gln358His	1
by_gender	female	locationaa	CPT1B_p.Phe585Val	1
by_gender	female	locationaa	CPT1C_p.Arg102Gln	1
by_gender	female	locationaa	CPT2_p.Ser320Leu	1
by_gender	female	locationaa	CPXCR1_p.Asp108Ala	1
by_gender	female	locationaa	CPXM1_p.Glu347Lys	1
by_gender	female	locationaa	CPXM2_p.Arg753Ter	1
by_gender	female	locationaa	CP_p.Met965Thr	1
by_gender	female	locationaa	CP_p.Tyr24His	1
by_gender	female	locationaa	CR1_p.Gly18Ser	1
by_gender	female	locationaa	CR2_p.Leu283Phe	1
by_gender	female	locationaa	CR2_p.Lys386Arg	1
by_gender	female	locationaa	CR2_p.Phe241Tyr	1
by_gender	female	locationaa	CRACD_p.Arg1220Met	1
by_gender	female	locationaa	CRACD_p.Arg223His	1
by_gender	female	locationaa	CRACR2A_p.Gly102Asp	1
by_gender	female	locationaa	CRADD_p.Arg10His	1
by_gender	female	locationaa	CRADD_p.Val26Ile	1
by_gender	female	locationaa	CRB1_p.Ala593Thr	1
by_gender	female	locationaa	CRB1_p.Asn30Thr	1
by_gender	female	locationaa	CRB1_p.Phe1248Cys	1
by_gender	female	locationaa	CRB1_p.Phe742Leu	1
by_gender	female	locationaa	CRB1_p.Pro132Ser	1
by_gender	female	locationaa	CRB2_p.Arg477Leu	1
by_gender	female	locationaa	CRB2_p.Gly379Asp	1
by_gender	female	locationaa	CRB2_p.Leu751His	1
by_gender	female	locationaa	CREB3L2_p.Ala499Thr	1
by_gender	female	locationaa	CREB3L2_p.Pro400Ser	1
by_gender	female	locationaa	CREB3L3_p.Ala7Val	1
by_gender	female	locationaa	CREBBP_p.Leu1218Met	1
by_gender	female	locationaa	CREBZF_p.Ala151Val	1
by_gender	female	locationaa	CRELD1_p.Glu225Asp	1
by_gender	female	locationaa	CRHR2_p.Ser392Pro	1
by_gender	female	locationaa	CRIM1_p.Pro900Ser	1
by_gender	female	locationaa	CRISP1_p.Val56Gly	1
by_gender	female	locationaa	CRK_p.Ala134Val	1
by_gender	female	locationaa	CRLF1_p.Ala118Thr	1
by_gender	female	locationaa	CRMP1_p.Asp140Asn	1
by_gender	female	locationaa	CRNN_p.Ala371Asp	1
by_gender	female	locationaa	CROT_p.Gly234Val	1
by_gender	female	locationaa	CROT_p.Trp353Ter	1
by_gender	female	locationaa	CRTAM_p.Arg199Ter	1
by_gender	female	locationaa	CRTC1_p.Ala495Thr	1
by_gender	female	locationaa	CRX_p.Ala198Thr	1
by_gender	female	locationaa	CRX_p.Gln99His	1
by_gender	female	locationaa	CRY1_p.Arg263Ter	1
by_gender	female	locationaa	CRYBB2_p.Arg145Trp	1
by_gender	female	locationaa	CRYBB2_p.Arg191His	1
by_gender	female	locationaa	CRYBG1_p.Ile838Thr	1
by_gender	female	locationaa	CRYBG1_p.Ser1271Asn	1
by_gender	female	locationaa	CRYBG2_p.Gly112Arg	1
by_gender	female	locationaa	CRYBG3_p.Glu2096Ala	1
by_gender	female	locationaa	CRYBG3_p.Trp2824Ter	1
by_gender	female	locationaa	CRYGB_p.Ile4Thr	1
by_gender	female	locationaa	CRYGC_p.Arg60Ter	1
by_gender	female	locationaa	CRYGD_p.Arg115His	1
by_gender	female	locationaa	CRYZL1_p.Ala41Val	1
by_gender	female	locationaa	CSAD_p.Ser187Leu	1
by_gender	female	locationaa	CSE1L_p.Asn410Lys	1
by_gender	female	locationaa	CSE1L_p.Pro592Ser	1
by_gender	female	locationaa	CSF1R_p.Gly690Ser	1
by_gender	female	locationaa	CSF1_p.Pro253Ser	1
by_gender	female	locationaa	CSF2RB_p.Val785Ala	1
by_gender	female	locationaa	CSF3R_p.Phe156Ser	1
by_gender	female	locationaa	CSGALNACT2_p.Ala104Val	1
by_gender	female	locationaa	CSMD1_p.Ala1450Ser	1
by_gender	female	locationaa	CSMD1_p.Ala3491Val	1
by_gender	female	locationaa	CSMD1_p.Arg1091Cys	1
by_gender	female	locationaa	CSMD1_p.Gly2894Asp	1
by_gender	female	locationaa	CSMD1_p.Phe309Leu	1
by_gender	female	locationaa	CSMD1_p.Pro2591His	1
by_gender	female	locationaa	CSMD1_p.Ser1360Ile	1
by_gender	female	locationaa	CSMD2_p.Glu1303Lys	1
by_gender	female	locationaa	CSMD3_p.Ala1695Val	1
by_gender	female	locationaa	CSMD3_p.Arg758Gln	1
by_gender	female	locationaa	CSMD3_p.Glu3678Ala	1
by_gender	female	locationaa	CSMD3_p.Gly742Glu	1
by_gender	female	locationaa	CSMD3_p.His2374Arg	1
by_gender	female	locationaa	CSMD3_p.Leu2328Ile	1
by_gender	female	locationaa	CSMD3_p.Phe1902Val	1
by_gender	female	locationaa	CSMD3_p.Ser1601Ala	1
by_gender	female	locationaa	CSMD3_p.Ser2724Arg	1
by_gender	female	locationaa	CSNK1A1L_p.Met144Val	1
by_gender	female	locationaa	CSNK1A1L_p.Ser25Phe	1
by_gender	female	locationaa	CSNK1D_p.His414Tyr	1
by_gender	female	locationaa	CSPG4_p.Ala1941Thr	1
by_gender	female	locationaa	CSPG4_p.Gln1963Leu	1
by_gender	female	locationaa	CSPG4_p.Gln708Ter	1
by_gender	female	locationaa	CSPG4_p.Leu886Phe	1
by_gender	female	locationaa	CSPG4_p.Val472Met	1
by_gender	female	locationaa	CSPG5_p.Leu216Pro	1
by_gender	female	locationaa	CSPP1_p.Val583Ile	1
by_gender	female	locationaa	CSRNP3_p.Arg118Trp	1
by_gender	female	locationaa	CSRNP3_p.Leu288Met	1
by_gender	female	locationaa	CST9L_p.Arg45Cys	1
by_gender	female	locationaa	CSTF2_p.Pro184Leu	1
by_gender	female	locationaa	CSTF3_p.Glu222Ala	1
by_gender	female	locationaa	CSTF3_p.Glu224Ala	1
by_gender	female	locationaa	CSTF3_p.Lys438Asn	1
by_gender	female	locationaa	CT55_p.Gly28Asp	1
by_gender	female	locationaa	CTAG2_p.Ala158Thr	1
by_gender	female	locationaa	CTBP2_p.Ile317Ser	1
by_gender	female	locationaa	CTC1_p.Ala821Asp	1
by_gender	female	locationaa	CTC1_p.Arg1178Ter	1
by_gender	female	locationaa	CTC1_p.Pro1173Ser	1
by_gender	female	locationaa	CTC1_p.Ser433Arg	1
by_gender	female	locationaa	CTCF_p.Gln267Ter	1
by_gender	female	locationaa	CTCF_p.Leu538Ile	1
by_gender	female	locationaa	CTDSP2_p.Gly34Glu	1
by_gender	female	locationaa	CTNNA1_p.Ala363Thr	1
by_gender	female	locationaa	CTNNA1_p.Arg300His	1
by_gender	female	locationaa	CTNNA1_p.Arg540His	1
by_gender	female	locationaa	CTNNA1_p.Asp639Asn	1
by_gender	female	locationaa	CTNNA2_p.Ala234Thr	1
by_gender	female	locationaa	CTNNA2_p.Arg931Gln	1
by_gender	female	locationaa	CTNNA2_p.Ser107Ala	1
by_gender	female	locationaa	CTNNA3_p.Arg95His	1
by_gender	female	locationaa	CTNNA3_p.Glu862Gly	1
by_gender	female	locationaa	CTNNAL1_p.Asp651Gly	1
by_gender	female	locationaa	CTNNAL1_p.Lys63Thr	1
by_gender	female	locationaa	CTNNB1_p.Arg542His	1
by_gender	female	locationaa	CTNNB1_p.Glu396Asp	1
by_gender	female	locationaa	CTNNB1_p.Ile140Asn	1
by_gender	female	locationaa	CTNNB1_p.Thr41Ala	1
by_gender	female	locationaa	CTNND2_p.Ala500Val	1
by_gender	female	locationaa	CTNND2_p.Arg411Trp	1
by_gender	female	locationaa	CTPS1_p.Gln502His	1
by_gender	female	locationaa	CTPS1_p.Glu259Lys	1
by_gender	female	locationaa	CTPS2_p.Glu510Lys	1
by_gender	female	locationaa	CTR9_p.Arg3Trp	1
by_gender	female	locationaa	CTR9_p.Leu796Ser	1
by_gender	female	locationaa	CTR9_p.Pro266Ser	1
by_gender	female	locationaa	CTR9_p.Pro583His	1
by_gender	female	locationaa	CTSB_p.His128Tyr	1
by_gender	female	locationaa	CTSB_p.Tyr173LeufsTer2	1
by_gender	female	locationaa	CTSE_p.Ser106Tyr	1
by_gender	female	locationaa	CTSG_p.Trp66Arg	1
by_gender	female	locationaa	CTSK_p.Lys191Asn	1
by_gender	female	locationaa	CTSO_p.Val297Ile	1
by_gender	female	locationaa	CTSS_p.Lys218Thr	1
by_gender	female	locationaa	CTSS_p.Thr273Ile	1
by_gender	female	locationaa	CTSV_p.Gly93Cys	1
by_gender	female	locationaa	CTSV_p.Leu114PhefsTer13	1
by_gender	female	locationaa	CTTNBP2_p.Ala1498Val	1
by_gender	female	locationaa	CTTNBP2_p.Leu829Met	1
by_gender	female	locationaa	CTTNBP2_p.Leu862Phe	1
by_gender	female	locationaa	CTTNBP2_p.Phe1337Leu	1
by_gender	female	locationaa	CTTNBP2_p.Thr1036Pro	1
by_gender	female	locationaa	CTU2_p.Gly192Asp	1
by_gender	female	locationaa	CUBN_p.Arg3382Ile	1
by_gender	female	locationaa	CUBN_p.Asp3413Ala	1
by_gender	female	locationaa	CUBN_p.Glu2566Lys	1
by_gender	female	locationaa	CUBN_p.Leu3440Arg	1
by_gender	female	locationaa	CUBN_p.Pro2651His	1
by_gender	female	locationaa	CUBN_p.Thr791Ile	1
by_gender	female	locationaa	CUL1_p.Asp112Asn	1
by_gender	female	locationaa	CUL3_p.Asp558Gly	1
by_gender	female	locationaa	CUL4B_p.Ser503Ile	1
by_gender	female	locationaa	CUL5_p.His164Tyr	1
by_gender	female	locationaa	CUL7_p.Arg1542Trp	1
by_gender	female	locationaa	CUL7_p.Arg27His	1
by_gender	female	locationaa	CUL7_p.Arg661Trp	1
by_gender	female	locationaa	CUL7_p.Asp709Asn	1
by_gender	female	locationaa	CUL7_p.Gln1558His	1
by_gender	female	locationaa	CUL7_p.Trp464Ter	1
by_gender	female	locationaa	CUL9_p.Ala1920Val	1
by_gender	female	locationaa	CUX1_p.Arg1179Ter	1
by_gender	female	locationaa	CUX1_p.Glu1044Asp	1
by_gender	female	locationaa	CUX1_p.Glu36Lys	1
by_gender	female	locationaa	CUX1_p.Gly1155Trp	1
by_gender	female	locationaa	CUX2_p.Glu889Lys	1
by_gender	female	locationaa	CUZD1_p.Ala398Thr	1
by_gender	female	locationaa	CUZD1_p.Pro565His	1
by_gender	female	locationaa	CWC22_p.Leu185Pro	1
by_gender	female	locationaa	CWC25_p.Leu240Ile	1
by_gender	female	locationaa	CWC27_p.Ala211Thr	1
by_gender	female	locationaa	CWH43_p.Arg509Lys	1
by_gender	female	locationaa	CWH43_p.Gly248Glu	1
by_gender	female	locationaa	CXCR1_p.Ala232Val	1
by_gender	female	locationaa	CXCR4_p.Ser263Phe	1
by_gender	female	locationaa	CXXC1_p.Arg522His	1
by_gender	female	locationaa	CXXC1_p.Asp301Val	1
by_gender	female	locationaa	CXXC4_p.Pro249Ser	1
by_gender	female	locationaa	CXorf21_p.Leu278Met	1
by_gender	female	locationaa	CXorf21_p.Pro114Gln	1
by_gender	female	locationaa	CYB5R3_p.Leu13Ile	1
by_gender	female	locationaa	CYBC1_p.Arg147His	1
by_gender	female	locationaa	CYBRD1_p.Trp224Ter	1
by_gender	female	locationaa	CYFIP2_p.Arg514Ter	1
by_gender	female	locationaa	CYFIP2_p.Leu415Met	1
by_gender	female	locationaa	CYLC1_p.Asp223Glu	1
by_gender	female	locationaa	CYLC1_p.Phe405Val	1
by_gender	female	locationaa	CYLC1_p.Pro614His	1
by_gender	female	locationaa	CYLC2_p.Gln73His	1
by_gender	female	locationaa	CYP11B1_p.Arg412Cys	1
by_gender	female	locationaa	CYP11B2_p.Gly60Asp	1
by_gender	female	locationaa	CYP17A1_p.Ser210Ile	1
by_gender	female	locationaa	CYP19A1_p.Ala73Thr	1
by_gender	female	locationaa	CYP1A1_p.Leu240Ile	1
by_gender	female	locationaa	CYP1A2_p.Arg358Trp	1
by_gender	female	locationaa	CYP1B1_p.Ser393Ile	1
by_gender	female	locationaa	CYP20A1_p.Gly170Asp	1
by_gender	female	locationaa	CYP26A1_p.Tyr355Cys	1
by_gender	female	locationaa	CYP27A1_p.Gly372Arg	1
by_gender	female	locationaa	CYP27C1_p.Ser93Asn	1
by_gender	female	locationaa	CYP2A13_p.Thr212Met	1
by_gender	female	locationaa	CYP2A7_p.Gln25Ter	1
by_gender	female	locationaa	CYP2B6_p.Glu82Asp	1
by_gender	female	locationaa	CYP2C18_p.Ala350Asp	1
by_gender	female	locationaa	CYP2C18_p.Gly137Trp	1
by_gender	female	locationaa	CYP2C8_p.Pro317Ser	1
by_gender	female	locationaa	CYP2C9_p.Arg186His	1
by_gender	female	locationaa	CYP2D6_p.Ala90Val	1
by_gender	female	locationaa	CYP2E1_p.Asp167Asn	1
by_gender	female	locationaa	CYP2F1_p.Leu132Ile	1
by_gender	female	locationaa	CYP2R1_p.Asn192Thr	1
by_gender	female	locationaa	CYP2R1_p.Gly74Ala	1
by_gender	female	locationaa	CYP2S1_p.Arg166Cys	1
by_gender	female	locationaa	CYP2S1_p.Met222Ile	1
by_gender	female	locationaa	CYP39A1_p.Ala340Asp	1
by_gender	female	locationaa	CYP39A1_p.Gly70Glu	1
by_gender	female	locationaa	CYP3A5_p.Asn341Ser	1
by_gender	female	locationaa	CYP3A7_p.Asp201Tyr	1
by_gender	female	locationaa	CYP3A7_p.Tyr355Cys	1
by_gender	female	locationaa	CYP46A1_p.Val87Ile	1
by_gender	female	locationaa	CYP4A22_p.Pro387Ser	1
by_gender	female	locationaa	CYP4F11_p.Lys288Thr	1
by_gender	female	locationaa	CYP4F12_p.Leu240Ile	1
by_gender	female	locationaa	CYP4F22_p.Arg507Trp	1
by_gender	female	locationaa	CYP4F2_p.Ala320Ser	1
by_gender	female	locationaa	CYP4F2_p.Glu438Asp	1
by_gender	female	locationaa	CYP4V2_p.Arg452His	1
by_gender	female	locationaa	CYP4Z1_p.Ser23Ala	1
by_gender	female	locationaa	CYP7A1_p.Thr419Ala	1
by_gender	female	locationaa	CYP8B1_p.Arg306Gln	1
by_gender	female	locationaa	CYP8B1_p.Trp4Gly	1
by_gender	female	locationaa	CYSLTR2_p.Tyr119His	1
by_gender	female	locationaa	CYTH2_p.Arg205Trp	1
by_gender	female	locationaa	CYTH3_p.Glu298Ala	1
by_gender	female	locationaa	CYTL1_p.Glu122Ter	1
by_gender	female	locationaa	D2HGDH_p.Arg152His	1
by_gender	female	locationaa	D2HGDH_p.Gly433Asp	1
by_gender	female	locationaa	D2HGDH_p.Val415Met	1
by_gender	female	locationaa	DAAM1_p.Arg1041Leu	1
by_gender	female	locationaa	DAAM1_p.Ile161Ser	1
by_gender	female	locationaa	DAAM1_p.Lys489Asn	1
by_gender	female	locationaa	DAAM2_p.Ala941Val	1
by_gender	female	locationaa	DAAM2_p.Arg617Cys	1
by_gender	female	locationaa	DAAM2_p.Ser833Tyr	1
by_gender	female	locationaa	DAB2IP_p.Arg968Ser	1
by_gender	female	locationaa	DAB2_p.Trp364Ter	1
by_gender	female	locationaa	DACH1_p.Arg720Ser	1
by_gender	female	locationaa	DACH1_p.Thr739Ile	1
by_gender	female	locationaa	DACH2_p.Ala296Val	1
by_gender	female	locationaa	DACH2_p.Lys368Asn	1
by_gender	female	locationaa	DACH2_p.Pro325Thr	1
by_gender	female	locationaa	DACT1_p.Arg112Lys	1
by_gender	female	locationaa	DACT1_p.Val246Ile	1
by_gender	female	locationaa	DAG1_p.Ala375Thr	1
by_gender	female	locationaa	DAGLA_p.Arg288His	1
by_gender	female	locationaa	DAGLA_p.His612Pro	1
by_gender	female	locationaa	DAGLA_p.Tyr123His	1
by_gender	female	locationaa	DAGLB_p.Ala50Asp	1
by_gender	female	locationaa	DAGLB_p.Pro170Thr	1
by_gender	female	locationaa	DAO_p.Arg290Gln	1
by_gender	female	locationaa	DAO_p.Gly50Ser	1
by_gender	female	locationaa	DAPK1_p.Arg310Cys	1
by_gender	female	locationaa	DAPK1_p.Arg54Trp	1
by_gender	female	locationaa	DAPP1_p.Ser101Thr	1
by_gender	female	locationaa	DARS1_p.Arg345Lys	1
by_gender	female	locationaa	DAW1_p.Asp31Tyr	1
by_gender	female	locationaa	DAW1_p.Gly110Ter	1
by_gender	female	locationaa	DAXX_p.Ala297Ser	1
by_gender	female	locationaa	DAXX_p.Pro280LeufsTer14	1
by_gender	female	locationaa	DAXX_p.Ser542Gly	1
by_gender	female	locationaa	DBF4B_p.Leu57Met	1
by_gender	female	locationaa	DBNDD2_p.Arg113His	1
by_gender	female	locationaa	DBP_p.Arg273His	1
by_gender	female	locationaa	DBP_p.Val304Met	1
by_gender	female	locationaa	DBR1_p.Tyr58Cys	1
by_gender	female	locationaa	DBT_p.Gly73Ala	1
by_gender	female	locationaa	DCAF11_p.Arg202Ter	1
by_gender	female	locationaa	DCAF13_p.Arg392Cys	1
by_gender	female	locationaa	DCAF15_p.Asp198Gly	1
by_gender	female	locationaa	DCAF15_p.Asp522Gly	1
by_gender	female	locationaa	DCAF1_p.Ala886Val	1
by_gender	female	locationaa	DCAF1_p.Arg37Met	1
by_gender	female	locationaa	DCAF4L1_p.Arg163Trp	1
by_gender	female	locationaa	DCAF4L2_p.His137Gln	1
by_gender	female	locationaa	DCAF4_p.Leu207Met	1
by_gender	female	locationaa	DCAF5_p.Ile660Met	1
by_gender	female	locationaa	DCAF8L1_p.Val242Ala	1
by_gender	female	locationaa	DCAF8_p.Ser578Ile	1
by_gender	female	locationaa	DCBLD2_p.Gly179Val	1
by_gender	female	locationaa	DCBLD2_p.Tyr264Ter	1
by_gender	female	locationaa	DCC_p.Ala63Thr	1
by_gender	female	locationaa	DCC_p.Leu415Ile	1
by_gender	female	locationaa	DCDC1_p.Asp1099Ala	1
by_gender	female	locationaa	DCDC1_p.His1633Tyr	1
by_gender	female	locationaa	DCDC1_p.His669Arg	1
by_gender	female	locationaa	DCDC1_p.Leu289Arg	1
by_gender	female	locationaa	DCHS1_p.Ala2517Thr	1
by_gender	female	locationaa	DCHS1_p.Ala3144Thr	1
by_gender	female	locationaa	DCHS1_p.Ala533Val	1
by_gender	female	locationaa	DCHS1_p.Arg318Gln	1
by_gender	female	locationaa	DCHS1_p.Glu1610Lys	1
by_gender	female	locationaa	DCHS1_p.Leu1305Ile	1
by_gender	female	locationaa	DCHS1_p.Leu246Met	1
by_gender	female	locationaa	DCHS1_p.Ser1192Asn	1
by_gender	female	locationaa	DCHS1_p.Tyr228Ter	1
by_gender	female	locationaa	DCHS1_p.Val2835Ala	1
by_gender	female	locationaa	DCLK1_p.Gly651Ser	1
by_gender	female	locationaa	DCLK1_p.Val59Ala	1
by_gender	female	locationaa	DCLRE1B_p.Leu289Met	1
by_gender	female	locationaa	DCLRE1B_p.Leu57Phe	1
by_gender	female	locationaa	DCLRE1C_p.Tyr174Cys	1
by_gender	female	locationaa	DCN_p.Ala259Asp	1
by_gender	female	locationaa	DCP1B_p.Arg344Cys	1
by_gender	female	locationaa	DCP1B_p.Pro246His	1
by_gender	female	locationaa	DCP1B_p.Thr177Ala	1
by_gender	female	locationaa	DCPS_p.Ala282Thr	1
by_gender	female	locationaa	DCPS_p.Phe63Ile	1
by_gender	female	locationaa	DCST1_p.Ala604Thr	1
by_gender	female	locationaa	DCST2_p.Leu509Ile	1
by_gender	female	locationaa	DCST2_p.Val450Ala	1
by_gender	female	locationaa	DCSTAMP_p.Arg249Lys	1
by_gender	female	locationaa	DCTN1_p.Arg455His	1
by_gender	female	locationaa	DCTN1_p.Gly600Cys	1
by_gender	female	locationaa	DCT_p.Asp208Tyr	1
by_gender	female	locationaa	DCT_p.Glu517Ter	1
by_gender	female	locationaa	DCT_p.Tyr430Ter	1
by_gender	female	locationaa	DCUN1D3_p.Glu284Lys	1
by_gender	female	locationaa	DCUN1D4_p.Pro62Ser	1
by_gender	female	locationaa	DDB1_p.Gly686Asp	1
by_gender	female	locationaa	DDB1_p.Thr703Ile	1
by_gender	female	locationaa	DDHD1_p.Asp223Asn	1
by_gender	female	locationaa	DDHD1_p.His249Arg	1
by_gender	female	locationaa	DDHD2_p.Asp383Tyr	1
by_gender	female	locationaa	DDI1_p.Ser63Phe	1
by_gender	female	locationaa	DDIAS_p.Ala87Val	1
by_gender	female	locationaa	DDN_p.Pro192Leu	1
by_gender	female	locationaa	DDOST_p.Glu91Ter	1
by_gender	female	locationaa	DDO_p.Gly12Cys	1
by_gender	female	locationaa	DDO_p.Pro174Leu	1
by_gender	female	locationaa	DDR1_p.Arg344His	1
by_gender	female	locationaa	DDR1_p.Leu688Met	1
by_gender	female	locationaa	DDR2_p.Trp425Ter	1
by_gender	female	locationaa	DDX10_p.Gln462Pro	1
by_gender	female	locationaa	DDX10_p.Lys665Arg	1
by_gender	female	locationaa	DDX10_p.Tyr551Ter	1
by_gender	female	locationaa	DDX11_p.Leu729Met	1
by_gender	female	locationaa	DDX11_p.Thr473Met	1
by_gender	female	locationaa	DDX18_p.Ala454Val	1
by_gender	female	locationaa	DDX20_p.Arg801Lys	1
by_gender	female	locationaa	DDX24_p.Ala516Ser	1
by_gender	female	locationaa	DDX24_p.Val148Ile	1
by_gender	female	locationaa	DDX25_p.Asn396Thr	1
by_gender	female	locationaa	DDX27_p.Lys691ArgfsTer4	1
by_gender	female	locationaa	DDX27_p.Thr41Asn	1
by_gender	female	locationaa	DDX28_p.Asp389Gly	1
by_gender	female	locationaa	DDX31_p.Ala620Ser	1
by_gender	female	locationaa	DDX31_p.Arg764Thr	1
by_gender	female	locationaa	DDX39A_p.Asp244Asn	1
by_gender	female	locationaa	DDX3X_p.Thr368Ala	1
by_gender	female	locationaa	DDX42_p.Asn572Thr	1
by_gender	female	locationaa	DDX43_p.Ala63Thr	1
by_gender	female	locationaa	DDX46_p.Ala945Val	1
by_gender	female	locationaa	DDX46_p.Thr971Ala	1
by_gender	female	locationaa	DDX47_p.Arg166Ser	1
by_gender	female	locationaa	DDX47_p.Arg62Cys	1
by_gender	female	locationaa	DDX4_p.Gly180Asp	1
by_gender	female	locationaa	DDX4_p.Lys527Gln	1
by_gender	female	locationaa	DDX4_p.Met82Leu	1
by_gender	female	locationaa	DDX4_p.Val659Leu	1
by_gender	female	locationaa	DDX50_p.Arg269Cys	1
by_gender	female	locationaa	DDX50_p.Val288Ala	1
by_gender	female	locationaa	DDX51_p.Ser220Pro	1
by_gender	female	locationaa	DDX53_p.Phe629Val	1
by_gender	female	locationaa	DDX54_p.Arg800Ter	1
by_gender	female	locationaa	DDX54_p.Val511Ile	1
by_gender	female	locationaa	DDX55_p.Arg398Ile	1
by_gender	female	locationaa	DDX56_p.Glu161Lys	1
by_gender	female	locationaa	DDX56_p.Leu246Ile	1
by_gender	female	locationaa	DDX58_p.Ile345Thr	1
by_gender	female	locationaa	DDX59_p.Ala44Asp	1
by_gender	female	locationaa	DDX59_p.Lys348Asn	1
by_gender	female	locationaa	DDX5_p.Ala304Ser	1
by_gender	female	locationaa	DDX5_p.Arg496Ser	1
by_gender	female	locationaa	DDX60L_p.Arg297His	1
by_gender	female	locationaa	DDX60L_p.Asn1062His	1
by_gender	female	locationaa	DDX60L_p.Lys1370Glu	1
by_gender	female	locationaa	DDX60_p.Arg70His	1
by_gender	female	locationaa	DDX60_p.Asp853Ala	1
by_gender	female	locationaa	DEAF1_p.Pro177His	1
by_gender	female	locationaa	DECR1_p.Val175Met	1
by_gender	female	locationaa	DECR2_p.Gln237Ter	1
by_gender	female	locationaa	DEDD_p.Leu26Met	1
by_gender	female	locationaa	DEF6_p.Asp296Val	1
by_gender	female	locationaa	DEF8_p.Cys234Arg	1
by_gender	female	locationaa	DEFA4_p.Ser51Arg	1
by_gender	female	locationaa	DEFA6_p.Ala19Asp	1
by_gender	female	locationaa	DEFA6_p.Leu29Pro	1
by_gender	female	locationaa	DEFB119_p.Arg23His	1
by_gender	female	locationaa	DEFB128_p.Gly49Glu	1
by_gender	female	locationaa	DEGS1_p.Phe300Leu	1
by_gender	female	locationaa	DEK_p.Leu109Val	1
by_gender	female	locationaa	DELE1_p.His53Arg	1
by_gender	female	locationaa	DENND1C_p.Thr700Ile	1
by_gender	female	locationaa	DENND1C_p.Val66Met	1
by_gender	female	locationaa	DENND2A_p.Asn30Ser	1
by_gender	female	locationaa	DENND2B_p.Asn594Asp	1
by_gender	female	locationaa	DENND2B_p.Lys1097Asn	1
by_gender	female	locationaa	DENND2B_p.Ser457Asn	1
by_gender	female	locationaa	DENND2D_p.Ala182Thr	1
by_gender	female	locationaa	DENND3_p.Glu630Lys	1
by_gender	female	locationaa	DENND3_p.Val33Ile	1
by_gender	female	locationaa	DENND4A_p.Ala129Thr	1
by_gender	female	locationaa	DENND4A_p.Phe628Leu	1
by_gender	female	locationaa	DENND4A_p.Trp1337Cys	1
by_gender	female	locationaa	DENND4B_p.Ala781Thr	1
by_gender	female	locationaa	DENND4B_p.Arg1101Trp	1
by_gender	female	locationaa	DENND4B_p.Arg1348Trp	1
by_gender	female	locationaa	DENND4B_p.Thr1355Ile	1
by_gender	female	locationaa	DENND4C_p.Arg1160Met	1
by_gender	female	locationaa	DENND5A_p.Arg849Met	1
by_gender	female	locationaa	DENND5A_p.Ser539Ile	1
by_gender	female	locationaa	DENND5B_p.Phe546Ser	1
by_gender	female	locationaa	DEPDC4_p.Glu233Lys	1
by_gender	female	locationaa	DEPDC5_p.Leu1093Met	1
by_gender	female	locationaa	DERL1_p.Ser10Asn	1
by_gender	female	locationaa	DES_p.Arg383His	1
by_gender	female	locationaa	DGAT1_p.Arg250His	1
by_gender	female	locationaa	DGAT2L6_p.Pro148Leu	1
by_gender	female	locationaa	DGCR2_p.Arg202Leu	1
by_gender	female	locationaa	DGCR2_p.Thr434Met	1
by_gender	female	locationaa	DGCR8_p.Ala656Val	1
by_gender	female	locationaa	DGCR8_p.Pro283Leu	1
by_gender	female	locationaa	DGKB_p.Arg248Gln	1
by_gender	female	locationaa	DGKB_p.Arg534Ter	1
by_gender	female	locationaa	DGKB_p.Thr2Pro	1
by_gender	female	locationaa	DGKD_p.Ala172Thr	1
by_gender	female	locationaa	DGKG_p.Val367Met	1
by_gender	female	locationaa	DGKI_p.Gln272His	1
by_gender	female	locationaa	DGKI_p.Val519Ile	1
by_gender	female	locationaa	DGKK_p.Asp440Glu	1
by_gender	female	locationaa	DGKK_p.Ser519Tyr	1
by_gender	female	locationaa	DGKQ_p.Arg687His	1
by_gender	female	locationaa	DGKZ_p.Ala975Asp	1
by_gender	female	locationaa	DHCR7_p.Asp310Glu	1
by_gender	female	locationaa	DHDDS_p.Ala77Thr	1
by_gender	female	locationaa	DHFR_p.Arg66Ter	1
by_gender	female	locationaa	DHH_p.Ala109Thr	1
by_gender	female	locationaa	DHH_p.Gly26Asp	1
by_gender	female	locationaa	DHPS_p.Glu218Ter	1
by_gender	female	locationaa	DHRS13_p.Ala332Thr	1
by_gender	female	locationaa	DHRS13_p.Arg140Trp	1
by_gender	female	locationaa	DHRS13_p.Phe91Val	1
by_gender	female	locationaa	DHRS1_p.Ala48Val	1
by_gender	female	locationaa	DHRS2_p.His240Asn	1
by_gender	female	locationaa	DHRS3_p.Val232Gly	1
by_gender	female	locationaa	DHRS4L2_p.Pro181His	1
by_gender	female	locationaa	DHRS4_p.Val114Leu	1
by_gender	female	locationaa	DHRS9_p.Ala182Val	1
by_gender	female	locationaa	DHX15_p.Arg51Gln	1
by_gender	female	locationaa	DHX16_p.Arg494His	1
by_gender	female	locationaa	DHX16_p.Gln153His	1
by_gender	female	locationaa	DHX16_p.Val516Met	1
by_gender	female	locationaa	DHX30_p.Arg1142Trp	1
by_gender	female	locationaa	DHX30_p.Arg1154Cys	1
by_gender	female	locationaa	DHX30_p.Arg356His	1
by_gender	female	locationaa	DHX30_p.Gln52His	1
by_gender	female	locationaa	DHX30_p.Leu280Phe	1
by_gender	female	locationaa	DHX34_p.Ala572Thr	1
by_gender	female	locationaa	DHX36_p.Arg695Gln	1
by_gender	female	locationaa	DHX36_p.Leu886Phe	1
by_gender	female	locationaa	DHX37_p.Arg1031Trp	1
by_gender	female	locationaa	DHX38_p.Glu917Lys	1
by_gender	female	locationaa	DHX40_p.Ala211Val	1
by_gender	female	locationaa	DHX57_p.Arg1291Ter	1
by_gender	female	locationaa	DHX57_p.Arg967Cys	1
by_gender	female	locationaa	DHX57_p.Leu582Met	1
by_gender	female	locationaa	DHX58_p.Cys322Tyr	1
by_gender	female	locationaa	DHX9_p.Arg1018Cys	1
by_gender	female	locationaa	DHX9_p.Arg764Ter	1
by_gender	female	locationaa	DHX9_p.Gln580Ter	1
by_gender	female	locationaa	DIAPH1_p.Ala189Thr	1
by_gender	female	locationaa	DIAPH1_p.Arg1219His	1
by_gender	female	locationaa	DIAPH1_p.Lys830Asn	1
by_gender	female	locationaa	DIAPH3_p.Ala104Ser	1
by_gender	female	locationaa	DICER1_p.Arg1368His	1
by_gender	female	locationaa	DICER1_p.Arg944Gln	1
by_gender	female	locationaa	DICER1_p.Lys1249Thr	1
by_gender	female	locationaa	DICER1_p.Lys1759Arg	1
by_gender	female	locationaa	DICER1_p.Val1080Met	1
by_gender	female	locationaa	DIDO1_p.Ala619Val	1
by_gender	female	locationaa	DIDO1_p.Arg82Trp	1
by_gender	female	locationaa	DIDO1_p.Asp1352Gly	1
by_gender	female	locationaa	DIDO1_p.Glu289Asp	1
by_gender	female	locationaa	DIDO1_p.Thr1298Met	1
by_gender	female	locationaa	DIO2_p.Arg214His	1
by_gender	female	locationaa	DIO3_p.Arg68His	1
by_gender	female	locationaa	DIO3_p.Asp96Asn	1
by_gender	female	locationaa	DIP2B_p.Ala342Thr	1
by_gender	female	locationaa	DIP2C_p.Ala813Val	1
by_gender	female	locationaa	DIP2C_p.Gly795Asp	1
by_gender	female	locationaa	DIP2C_p.Pro766Leu	1
by_gender	female	locationaa	DIP2C_p.Val1016Met	1
by_gender	female	locationaa	DIPK1A_p.Arg25Trp	1
by_gender	female	locationaa	DIPK2A_p.Ala264Thr	1
by_gender	female	locationaa	DIPK2A_p.Asp287Asn	1
by_gender	female	locationaa	DIPK2A_p.Gly78Asp	1
by_gender	female	locationaa	DIRAS1_p.Val111Met	1
by_gender	female	locationaa	DIRAS2_p.Ala81Thr	1
by_gender	female	locationaa	DISC1_p.Asp151Tyr	1
by_gender	female	locationaa	DISP1_p.Leu1315Met	1
by_gender	female	locationaa	DISP2_p.Arg536His	1
by_gender	female	locationaa	DISP2_p.Ser1243Asn	1
by_gender	female	locationaa	DISP3_p.Arg164His	1
by_gender	female	locationaa	DISP3_p.Ser132Phe	1
by_gender	female	locationaa	DISP3_p.Thr1326Met	1
by_gender	female	locationaa	DISP3_p.Val174Ile	1
by_gender	female	locationaa	DIXDC1_p.Arg524His	1
by_gender	female	locationaa	DKK2_p.Arg230His	1
by_gender	female	locationaa	DKK4_p.Ser39Pro	1
by_gender	female	locationaa	DLAT_p.Arg435Ter	1
by_gender	female	locationaa	DLAT_p.Ser202Leu	1
by_gender	female	locationaa	DLAT_p.Ser516Asn	1
by_gender	female	locationaa	DLC1_p.Arg1384Cys	1
by_gender	female	locationaa	DLC1_p.Arg918Trp	1
by_gender	female	locationaa	DLC1_p.Lys675Arg	1
by_gender	female	locationaa	DLC1_p.Pro643Ser	1
by_gender	female	locationaa	DLEC1_p.Ala1707Thr	1
by_gender	female	locationaa	DLEC1_p.Asp383Glu	1
by_gender	female	locationaa	DLEC1_p.Glu1350Ala	1
by_gender	female	locationaa	DLEC1_p.Glu946Lys	1
by_gender	female	locationaa	DLG1_p.Gln124Ter	1
by_gender	female	locationaa	DLG2_p.Ala8Thr	1
by_gender	female	locationaa	DLG2_p.Val367CysfsTer2	1
by_gender	female	locationaa	DLG4_p.Ser188Ile	1
by_gender	female	locationaa	DLG5_p.Val244Met	1
by_gender	female	locationaa	DLGAP1_p.Ala247Val	1
by_gender	female	locationaa	DLGAP1_p.Arg109Trp	1
by_gender	female	locationaa	DLGAP1_p.Arg639Met	1
by_gender	female	locationaa	DLGAP1_p.Gln322Ter	1
by_gender	female	locationaa	DLGAP2_p.Ala534Val	1
by_gender	female	locationaa	DLGAP2_p.Ala817Val	1
by_gender	female	locationaa	DLGAP2_p.Arg763Ter	1
by_gender	female	locationaa	DLGAP2_p.Thr774Met	1
by_gender	female	locationaa	DLGAP3_p.Asp194Glu	1
by_gender	female	locationaa	DLGAP4_p.Ala685Thr	1
by_gender	female	locationaa	DLGAP4_p.Arg817Trp	1
by_gender	female	locationaa	DLGAP4_p.Gly5Ser	1
by_gender	female	locationaa	DLGAP4_p.Ser725Ile	1
by_gender	female	locationaa	DLGAP5_p.Arg496Ter	1
by_gender	female	locationaa	DLK1_p.Gly241Cys	1
by_gender	female	locationaa	DLK2_p.Gln67His	1
by_gender	female	locationaa	DLL4_p.Ile221Phe	1
by_gender	female	locationaa	DMAC1_p.Arg42His	1
by_gender	female	locationaa	DMAC1_p.Ser11Tyr	1
by_gender	female	locationaa	DMBT1_p.Asn2189Thr	1
by_gender	female	locationaa	DMBT1_p.Ser150Leu	1
by_gender	female	locationaa	DMBT1_p.Ser180Asn	1
by_gender	female	locationaa	DMBT1_p.Ser1910Tyr	1
by_gender	female	locationaa	DMBX1_p.Lys211Arg	1
by_gender	female	locationaa	DMD_p.Asn2783Thr	1
by_gender	female	locationaa	DMD_p.Ser162Arg	1
by_gender	female	locationaa	DMD_p.Tyr3354Phe	1
by_gender	female	locationaa	DMD_p.Val100Ile	1
by_gender	female	locationaa	DMGDH_p.Glu303Lys	1
by_gender	female	locationaa	DMGDH_p.Ser480Phe	1
by_gender	female	locationaa	DMPK_p.Gly207Val	1
by_gender	female	locationaa	DMPK_p.Gly341Ser	1
by_gender	female	locationaa	DMRT1_p.Gln167His	1
by_gender	female	locationaa	DMRT3_p.Pro410Ser	1
by_gender	female	locationaa	DMRT3_p.Ser199Phe	1
by_gender	female	locationaa	DMRTA2_p.Glu348Lys	1
by_gender	female	locationaa	DMRTA2_p.Pro209Leu	1
by_gender	female	locationaa	DMTF1_p.Ala459Thr	1
by_gender	female	locationaa	DMTF1_p.Gln35His	1
by_gender	female	locationaa	DMTF1_p.Val591Ile	1
by_gender	female	locationaa	DMTN_p.Gly107Arg	1
by_gender	female	locationaa	DMXL1_p.Asp1006Tyr	1
by_gender	female	locationaa	DMXL1_p.Met1076Ile	1
by_gender	female	locationaa	DMXL1_p.Ser689Ile	1
by_gender	female	locationaa	DMXL1_p.Thr1431Met	1
by_gender	female	locationaa	DMXL2_p.Arg1234Lys	1
by_gender	female	locationaa	DNA2_p.Gly786Trp	1
by_gender	female	locationaa	DNAAF2_p.Val795Ala	1
by_gender	female	locationaa	DNAAF3_p.Pro30His	1
by_gender	female	locationaa	DNAAF5_p.Arg496Cys	1
by_gender	female	locationaa	DNAAF5_p.Arg836His	1
by_gender	female	locationaa	DNAH10_p.Ala3142Thr	1
by_gender	female	locationaa	DNAH10_p.Arg1988His	1
by_gender	female	locationaa	DNAH10_p.Arg3377Trp	1
by_gender	female	locationaa	DNAH10_p.Arg454Cys	1
by_gender	female	locationaa	DNAH10_p.Arg562His	1
by_gender	female	locationaa	DNAH10_p.Glu108Lys	1
by_gender	female	locationaa	DNAH10_p.Glu1257Lys	1
by_gender	female	locationaa	DNAH10_p.Ile929Met	1
by_gender	female	locationaa	DNAH10_p.Leu2663Met	1
by_gender	female	locationaa	DNAH10_p.Leu4221Ile	1
by_gender	female	locationaa	DNAH10_p.Pro1516His	1
by_gender	female	locationaa	DNAH11_p.Ala1615Thr	1
by_gender	female	locationaa	DNAH11_p.Arg1480Ter	1
by_gender	female	locationaa	DNAH11_p.Asp1062Asn	1
by_gender	female	locationaa	DNAH11_p.Asp764Asn	1
by_gender	female	locationaa	DNAH11_p.His3584Asp	1
by_gender	female	locationaa	DNAH11_p.Lys893Thr	1
by_gender	female	locationaa	DNAH11_p.Thr862Ile	1
by_gender	female	locationaa	DNAH17_p.Ala376Ser	1
by_gender	female	locationaa	DNAH17_p.Asn4073Ser	1
by_gender	female	locationaa	DNAH17_p.Glu1716Asp	1
by_gender	female	locationaa	DNAH17_p.Leu3352Met	1
by_gender	female	locationaa	DNAH17_p.Leu3404Met	1
by_gender	female	locationaa	DNAH17_p.Phe2990Leu	1
by_gender	female	locationaa	DNAH17_p.Thr1866Ile	1
by_gender	female	locationaa	DNAH17_p.Thr3036Met	1
by_gender	female	locationaa	DNAH1_p.Ala748Thr	1
by_gender	female	locationaa	DNAH1_p.Arg115His	1
by_gender	female	locationaa	DNAH1_p.Gly2819Arg	1
by_gender	female	locationaa	DNAH1_p.Leu1229Met	1
by_gender	female	locationaa	DNAH1_p.Leu1473Met	1
by_gender	female	locationaa	DNAH1_p.Leu2133Phe	1
by_gender	female	locationaa	DNAH2_p.Ala4258Thr	1
by_gender	female	locationaa	DNAH2_p.Asn2111Thr	1
by_gender	female	locationaa	DNAH2_p.Asp2228Glu	1
by_gender	female	locationaa	DNAH2_p.Gln1032Ter	1
by_gender	female	locationaa	DNAH2_p.Gln2575His	1
by_gender	female	locationaa	DNAH2_p.Glu3089Gln	1
by_gender	female	locationaa	DNAH2_p.Leu640Phe	1
by_gender	female	locationaa	DNAH3_p.Ala3453Ser	1
by_gender	female	locationaa	DNAH3_p.Ala3664Val	1
by_gender	female	locationaa	DNAH3_p.Arg1604His	1
by_gender	female	locationaa	DNAH3_p.Arg3745His	1
by_gender	female	locationaa	DNAH3_p.Asp3351Gly	1
by_gender	female	locationaa	DNAH3_p.Cys2960Ter	1
by_gender	female	locationaa	DNAH3_p.Lys3188Asn	1
by_gender	female	locationaa	DNAH3_p.Lys912Thr	1
by_gender	female	locationaa	DNAH5_p.Ala3307Thr	1
by_gender	female	locationaa	DNAH5_p.Cys1040Ter	1
by_gender	female	locationaa	DNAH5_p.Gly4544Asp	1
by_gender	female	locationaa	DNAH5_p.Pro701Leu	1
by_gender	female	locationaa	DNAH6_p.Asn458His	1
by_gender	female	locationaa	DNAH6_p.His807Tyr	1
by_gender	female	locationaa	DNAH6_p.Ser782Phe	1
by_gender	female	locationaa	DNAH7_p.Ala2013Asp	1
by_gender	female	locationaa	DNAH7_p.Arg3272Trp	1
by_gender	female	locationaa	DNAH7_p.Gly1979Glu	1
by_gender	female	locationaa	DNAH8_p.Ala1954Val	1
by_gender	female	locationaa	DNAH8_p.Arg3380Ile	1
by_gender	female	locationaa	DNAH8_p.Leu415Met	1
by_gender	female	locationaa	DNAH9_p.Ala2657Thr	1
by_gender	female	locationaa	DNAH9_p.Arg2947Ter	1
by_gender	female	locationaa	DNAH9_p.Arg3286His	1
by_gender	female	locationaa	DNAH9_p.Arg491Met	1
by_gender	female	locationaa	DNAH9_p.Asp4104Asn	1
by_gender	female	locationaa	DNAH9_p.Glu466Ter	1
by_gender	female	locationaa	DNAH9_p.Ser2018Leu	1
by_gender	female	locationaa	DNAH9_p.Thr528Ile	1
by_gender	female	locationaa	DNAH9_p.Tyr2715His	1
by_gender	female	locationaa	DNAI1_p.His392Asn	1
by_gender	female	locationaa	DNAI2_p.Val6Met	1
by_gender	female	locationaa	DNAI4_p.Ser847Leu	1
by_gender	female	locationaa	DNAI4_p.Trp476Ter	1
by_gender	female	locationaa	DNAI4_p.Val554Ile	1
by_gender	female	locationaa	DNAJB11_p.Arg176Gln	1
by_gender	female	locationaa	DNAJB1_p.Glu309Asp	1
by_gender	female	locationaa	DNAJB7_p.Ala175Thr	1
by_gender	female	locationaa	DNAJB8_p.Arg123Cys	1
by_gender	female	locationaa	DNAJC13_p.Lys1187Asn	1
by_gender	female	locationaa	DNAJC13_p.Lys568Thr	1
by_gender	female	locationaa	DNAJC19_p.Ser3Gly	1
by_gender	female	locationaa	DNAJC1_p.Glu482Lys	1
by_gender	female	locationaa	DNAJC22_p.Gln127His	1
by_gender	female	locationaa	DNAJC28_p.Cys62Ter	1
by_gender	female	locationaa	DNAJC2_p.Pro162His	1
by_gender	female	locationaa	DNAJC30_p.Asp42Tyr	1
by_gender	female	locationaa	DNAJC3_p.Arg498Gly	1
by_gender	female	locationaa	DNAJC3_p.Gln147Pro	1
by_gender	female	locationaa	DNAJC5G_p.Ala41Thr	1
by_gender	female	locationaa	DNAJC5_p.Ala65Thr	1
by_gender	female	locationaa	DNAJC5_p.Ala70Thr	1
by_gender	female	locationaa	DNAL4_p.Phe46Leu	1
by_gender	female	locationaa	DNASE1L1_p.Arg194His	1
by_gender	female	locationaa	DNASE1L3_p.Val197Ile	1
by_gender	female	locationaa	DNASE1_p.Ala81Thr	1
by_gender	female	locationaa	DNER_p.Ala362Thr	1
by_gender	female	locationaa	DNHD1_p.Gln251Pro	1
by_gender	female	locationaa	DNHD1_p.Tyr3770Cys	1
by_gender	female	locationaa	DNHD1_p.Val572Ala	1
by_gender	female	locationaa	DNM1L_p.Cys470Tyr	1
by_gender	female	locationaa	DNM1L_p.Glu702Ter	1
by_gender	female	locationaa	DNM1_p.Asp352Asn	1
by_gender	female	locationaa	DNM1_p.Met580Thr	1
by_gender	female	locationaa	DNM2_p.Arg812Gln	1
by_gender	female	locationaa	DNMBP_p.Asn1156Lys	1
by_gender	female	locationaa	DNMBP_p.Asp874Gly	1
by_gender	female	locationaa	DNMBP_p.Phe1040Leu	1
by_gender	female	locationaa	DNMT3A_p.Ala398Val	1
by_gender	female	locationaa	DNMT3A_p.Arg790Met	1
by_gender	female	locationaa	DNMT3A_p.Gln615His	1
by_gender	female	locationaa	DNMT3B_p.Arg573Trp	1
by_gender	female	locationaa	DNMT3B_p.Asn352Thr	1
by_gender	female	locationaa	DNTTIP1_p.Arg148Cys	1
by_gender	female	locationaa	DNTT_p.Ala24Thr	1
by_gender	female	locationaa	DOC2A_p.Ala62Thr	1
by_gender	female	locationaa	DOCK10_p.Arg1660His	1
by_gender	female	locationaa	DOCK10_p.Arg1872Trp	1
by_gender	female	locationaa	DOCK10_p.Leu2043Arg	1
by_gender	female	locationaa	DOCK11_p.Leu912HisfsTer4	1
by_gender	female	locationaa	DOCK11_p.Ser73Tyr	1
by_gender	female	locationaa	DOCK1_p.Asp1502Asn	1
by_gender	female	locationaa	DOCK1_p.Leu1590Pro	1
by_gender	female	locationaa	DOCK1_p.Pro1334Ser	1
by_gender	female	locationaa	DOCK2_p.Arg1357Trp	1
by_gender	female	locationaa	DOCK2_p.Arg1596Ter	1
by_gender	female	locationaa	DOCK2_p.Arg1704Lys	1
by_gender	female	locationaa	DOCK2_p.Arg512Gln	1
by_gender	female	locationaa	DOCK2_p.Ser1813Arg	1
by_gender	female	locationaa	DOCK3_p.Leu451Ile	1
by_gender	female	locationaa	DOCK3_p.Leu479Ile	1
by_gender	female	locationaa	DOCK3_p.Thr1728Ile	1
by_gender	female	locationaa	DOCK4_p.Ala1699Val	1
by_gender	female	locationaa	DOCK4_p.Arg1908Gln	1
by_gender	female	locationaa	DOCK4_p.Arg905Trp	1
by_gender	female	locationaa	DOCK5_p.Asp746Asn	1
by_gender	female	locationaa	DOCK6_p.Arg1340His	1
by_gender	female	locationaa	DOCK6_p.Glu213Ter	1
by_gender	female	locationaa	DOCK7_p.Arg1940Ter	1
by_gender	female	locationaa	DOCK7_p.Asp1810Glu	1
by_gender	female	locationaa	DOCK7_p.Asp184Asn	1
by_gender	female	locationaa	DOCK8_p.Arg1363Trp	1
by_gender	female	locationaa	DOCK8_p.His1480Asp	1
by_gender	female	locationaa	DOCK8_p.Pro694Ser	1
by_gender	female	locationaa	DOCK8_p.Pro710His	1
by_gender	female	locationaa	DOCK9_p.Glu249Gly	1
by_gender	female	locationaa	DOCK9_p.Glu317Lys	1
by_gender	female	locationaa	DOCK9_p.Phe1169Cys	1
by_gender	female	locationaa	DOK4_p.Asn304Thr	1
by_gender	female	locationaa	DOK4_p.Ile62Ser	1
by_gender	female	locationaa	DOK5_p.Arg236Cys	1
by_gender	female	locationaa	DOK5_p.Arg265His	1
by_gender	female	locationaa	DOK5_p.Glu162Ala	1
by_gender	female	locationaa	DOK7_p.Ala487Ser	1
by_gender	female	locationaa	DOLK_p.Ala50Val	1
by_gender	female	locationaa	DOLK_p.Ser323Pro	1
by_gender	female	locationaa	DOP1A_p.Ile89Ser	1
by_gender	female	locationaa	DOP1A_p.Pro2211Ser	1
by_gender	female	locationaa	DOP1A_p.Val2390Met	1
by_gender	female	locationaa	DOP1B_p.Asp1134Asn	1
by_gender	female	locationaa	DOP1B_p.Glu1168Lys	1
by_gender	female	locationaa	DOP1B_p.Lys640Asn	1
by_gender	female	locationaa	DOP1B_p.Thr1654Met	1
by_gender	female	locationaa	DOT1L_p.Ala1430Val	1
by_gender	female	locationaa	DPEP3_p.Gly316Asp	1
by_gender	female	locationaa	DPF1_p.Lys245Asn	1
by_gender	female	locationaa	DPH1_p.Arg309Ter	1
by_gender	female	locationaa	DPH1_p.Gly290Asp	1
by_gender	female	locationaa	DPM3_p.Ala86Val	1
by_gender	female	locationaa	DPP10_p.Lys126Glu	1
by_gender	female	locationaa	DPP10_p.Ser26Arg	1
by_gender	female	locationaa	DPP10_p.Ser26Asn	1
by_gender	female	locationaa	DPP3_p.Asp186Asn	1
by_gender	female	locationaa	DPP3_p.Leu193Ile	1
by_gender	female	locationaa	DPP4_p.Glu677Ala	1
by_gender	female	locationaa	DPP6_p.Arg510Trp	1
by_gender	female	locationaa	DPP6_p.Gly416Glu	1
by_gender	female	locationaa	DPP9_p.Lys484Asn	1
by_gender	female	locationaa	DPPA2_p.Lys200Asn	1
by_gender	female	locationaa	DPY19L2_p.Ala242Val	1
by_gender	female	locationaa	DPY19L3_p.Ser501Asn	1
by_gender	female	locationaa	DPYD_p.Ala721Thr	1
by_gender	female	locationaa	DPYD_p.Phe879Ser	1
by_gender	female	locationaa	DPYD_p.Pro237Ser	1
by_gender	female	locationaa	DPYSL2_p.Ala243Thr	1
by_gender	female	locationaa	DPYSL4_p.Ala267Val	1
by_gender	female	locationaa	DPYSL5_p.His230Tyr	1
by_gender	female	locationaa	DPYSL5_p.Ser252Leu	1
by_gender	female	locationaa	DPYS_p.Ala187Val	1
by_gender	female	locationaa	DPYS_p.Lys205Asn	1
by_gender	female	locationaa	DQX1_p.Asp455Gly	1
by_gender	female	locationaa	DRAXIN_p.Ala93Asp	1
by_gender	female	locationaa	DRAXIN_p.Pro52Thr	1
by_gender	female	locationaa	DRC3_p.Glu374Lys	1
by_gender	female	locationaa	DRC7_p.Ala769Val	1
by_gender	female	locationaa	DRC7_p.Leu56Met	1
by_gender	female	locationaa	DRD1_p.Ala166Glu	1
by_gender	female	locationaa	DRD1_p.Arg226Trp	1
by_gender	female	locationaa	DRD1_p.Val58Ala	1
by_gender	female	locationaa	DRG2_p.Asp115Asn	1
by_gender	female	locationaa	DRG2_p.Lys273Thr	1
by_gender	female	locationaa	DRGX_p.Arg202His	1
by_gender	female	locationaa	DRGX_p.Phe16Ile	1
by_gender	female	locationaa	DROSHA_p.Glu1090Lys	1
by_gender	female	locationaa	DROSHA_p.Phe607Leu	1
by_gender	female	locationaa	DROSHA_p.Thr628Met	1
by_gender	female	locationaa	DRP2_p.Lys605Glu	1
by_gender	female	locationaa	DRP2_p.Phe578Ser	1
by_gender	female	locationaa	DRP2_p.Ser475Asn	1
by_gender	female	locationaa	DSC1_p.Arg868Pro	1
by_gender	female	locationaa	DSC1_p.Lys894Gln	1
by_gender	female	locationaa	DSC1_p.Pro308Ser	1
by_gender	female	locationaa	DSC2_p.Gly193Val	1
by_gender	female	locationaa	DSC3_p.Arg176Cys	1
by_gender	female	locationaa	DSC3_p.Thr519Ile	1
by_gender	female	locationaa	DSC3_p.Thr817Pro	1
by_gender	female	locationaa	DSC3_p.Val603Ala	1
by_gender	female	locationaa	DSCAML1_p.Arg178His	1
by_gender	female	locationaa	DSCAML1_p.Arg1803Trp	1
by_gender	female	locationaa	DSCAML1_p.Ile1742Leu	1
by_gender	female	locationaa	DSCAML1_p.Leu1547Phe	1
by_gender	female	locationaa	DSCAML1_p.Thr412Met	1
by_gender	female	locationaa	DSCAM_p.Ala213Thr	1
by_gender	female	locationaa	DSCAM_p.Arg1335Trp	1
by_gender	female	locationaa	DSCAM_p.Arg498Ter	1
by_gender	female	locationaa	DSCAM_p.Leu561Arg	1
by_gender	female	locationaa	DSCC1_p.Gly193Val	1
by_gender	female	locationaa	DSCC1_p.Ser220Pro	1
by_gender	female	locationaa	DSEL_p.Arg981Ile	1
by_gender	female	locationaa	DSEL_p.Glu1090Lys	1
by_gender	female	locationaa	DSE_p.Ala714Asp	1
by_gender	female	locationaa	DSE_p.Arg97His	1
by_gender	female	locationaa	DSG1_p.Arg887Ter	1
by_gender	female	locationaa	DSG1_p.Gly966Cys	1
by_gender	female	locationaa	DSG2_p.Val470Ala	1
by_gender	female	locationaa	DSG4_p.Asp827Gly	1
by_gender	female	locationaa	DSG4_p.Pro523Ser	1
by_gender	female	locationaa	DSP_p.Ala2710Val	1
by_gender	female	locationaa	DSP_p.Glu1844Lys	1
by_gender	female	locationaa	DSP_p.Lys2435Asn	1
by_gender	female	locationaa	DSP_p.Phe1072Leu	1
by_gender	female	locationaa	DST_p.Ala153Thr	1
by_gender	female	locationaa	DST_p.Ala708Val	1
by_gender	female	locationaa	DST_p.Arg1831His	1
by_gender	female	locationaa	DST_p.Arg488His	1
by_gender	female	locationaa	DST_p.Arg988Lys	1
by_gender	female	locationaa	DST_p.Asp1256Ala	1
by_gender	female	locationaa	DST_p.Asp199Tyr	1
by_gender	female	locationaa	DST_p.Asp6887Asn	1
by_gender	female	locationaa	DST_p.Leu2132Phe	1
by_gender	female	locationaa	DST_p.Ser3382Arg	1
by_gender	female	locationaa	DTL_p.Pro10Arg	1
by_gender	female	locationaa	DTX1_p.Ala42Val	1
by_gender	female	locationaa	DTX2_p.Leu452Met	1
by_gender	female	locationaa	DUOX1_p.Arg1043His	1
by_gender	female	locationaa	DUOX1_p.Arg746Gln	1
by_gender	female	locationaa	DUOX1_p.Gly1262Val	1
by_gender	female	locationaa	DUOX1_p.Leu1468Met	1
by_gender	female	locationaa	DUOX1_p.Thr463Ile	1
by_gender	female	locationaa	DUOXA2_p.Ala145Thr	1
by_gender	female	locationaa	DUOXA2_p.Gly6Ser	1
by_gender	female	locationaa	DUS1L_p.Leu185Met	1
by_gender	female	locationaa	DUS3L_p.Arg199His	1
by_gender	female	locationaa	DUS3L_p.Leu123Met	1
by_gender	female	locationaa	DUS4L-BCAP29_p.Ala99Val	1
by_gender	female	locationaa	DUSP10_p.Val419Ile	1
by_gender	female	locationaa	DUSP12_p.Arg121Gln	1
by_gender	female	locationaa	DUSP13_p.Ile103Ser	1
by_gender	female	locationaa	DUSP14_p.Ser169Leu	1
by_gender	female	locationaa	DUSP15_p.Ala289Thr	1
by_gender	female	locationaa	DUSP16_p.Val509Met	1
by_gender	female	locationaa	DUSP22_p.Ser83Asn	1
by_gender	female	locationaa	DUSP26_p.Phe13Cys	1
by_gender	female	locationaa	DUSP6_p.Asp342Tyr	1
by_gender	female	locationaa	DUSP7_p.Pro311Thr	1
by_gender	female	locationaa	DUT_p.Gly175Asp	1
by_gender	female	locationaa	DVL1_p.Gly293Ser	1
by_gender	female	locationaa	DVL2_p.Pro409Ser	1
by_gender	female	locationaa	DVL2_p.Pro669Leu	1
by_gender	female	locationaa	DYM_p.Phe328Tyr	1
by_gender	female	locationaa	DYNC1H1_p.Ala284Val	1
by_gender	female	locationaa	DYNC1H1_p.Ala821Val	1
by_gender	female	locationaa	DYNC1H1_p.Arg1378Ter	1
by_gender	female	locationaa	DYNC1H1_p.Thr3796Asn	1
by_gender	female	locationaa	DYNC1I2_p.Val335Met	1
by_gender	female	locationaa	DYNC1LI1_p.Asn433Ser	1
by_gender	female	locationaa	DYNC1LI1_p.Gly334Ter	1
by_gender	female	locationaa	DYNC1LI1_p.Phe361Ser	1
by_gender	female	locationaa	DYNC1LI2_p.Ala2Ser	1
by_gender	female	locationaa	DYNC2H1_p.Arg3081Cys	1
by_gender	female	locationaa	DYNC2H1_p.Arg3685Ile	1
by_gender	female	locationaa	DYNC2H1_p.Asn2915Ile	1
by_gender	female	locationaa	DYNC2H1_p.Asp1249Tyr	1
by_gender	female	locationaa	DYNC2H1_p.Cys34Tyr	1
by_gender	female	locationaa	DYNC2H1_p.Leu3940Phe	1
by_gender	female	locationaa	DYNC2H1_p.Phe2556Cys	1
by_gender	female	locationaa	DYNC2I1_p.Asn299His	1
by_gender	female	locationaa	DYNC2I1_p.His272Tyr	1
by_gender	female	locationaa	DYRK1A_p.Pro728Ser	1
by_gender	female	locationaa	DYRK1B_p.Ala218Thr	1
by_gender	female	locationaa	DYRK1B_p.Ser504Ile	1
by_gender	female	locationaa	DYRK3_p.Asp335Asn	1
by_gender	female	locationaa	DYRK4_p.Arg404Trp	1
by_gender	female	locationaa	DYRK4_p.Glu224Asp	1
by_gender	female	locationaa	DYSF_p.Gly1543Val	1
by_gender	female	locationaa	DYSF_p.Val907Ile	1
by_gender	female	locationaa	DZIP1L_p.Ala591Thr	1
by_gender	female	locationaa	DZIP1_p.Arg219Leu	1
by_gender	female	locationaa	DZIP1_p.Gly156Asp	1
by_gender	female	locationaa	DZIP3_p.Glu632Asp	1
by_gender	female	locationaa	DZIP3_p.Gly802Glu	1
by_gender	female	locationaa	E2F3_p.Ala16Thr	1
by_gender	female	locationaa	E2F3_p.Asp452Asn	1
by_gender	female	locationaa	E2F4_p.Gln180His	1
by_gender	female	locationaa	E2F4_p.Ser323Ile	1
by_gender	female	locationaa	E2F4_p.Thr293Ser	1
by_gender	female	locationaa	E2F5_p.Pro238His	1
by_gender	female	locationaa	E2F5_p.Ser165Tyr	1
by_gender	female	locationaa	E2F5_p.Thr250Ala	1
by_gender	female	locationaa	E2F7_p.Ser286Phe	1
by_gender	female	locationaa	E2F8_p.Ala69Val	1
by_gender	female	locationaa	E4F1_p.Pro462_Gln467del	1
by_gender	female	locationaa	E4F1_p.Val121Met	1
by_gender	female	locationaa	EARS2_p.Ala125Val	1
by_gender	female	locationaa	EBAG9_p.Asn206Lys	1
by_gender	female	locationaa	EBAG9_p.Lys111Met	1
by_gender	female	locationaa	EBLN2_p.Ala239Thr	1
by_gender	female	locationaa	EBPL_p.Glu190Asp	1
by_gender	female	locationaa	EBPL_p.Thr97Ala	1
by_gender	female	locationaa	ECE1_p.Ala229Thr	1
by_gender	female	locationaa	ECE1_p.Gly606Ser	1
by_gender	female	locationaa	ECE2_p.Glu29Asp	1
by_gender	female	locationaa	ECEL1_p.Asp619Asn	1
by_gender	female	locationaa	ECEL1_p.Tyr625His	1
by_gender	female	locationaa	ECHDC1_p.Glu282Lys	1
by_gender	female	locationaa	ECHDC3_p.Arg136Gln	1
by_gender	female	locationaa	ECI2_p.Ala163Val	1
by_gender	female	locationaa	ECM1_p.Lys465Gln	1
by_gender	female	locationaa	ECM1_p.Ser198Tyr	1
by_gender	female	locationaa	ECM2_p.Glu183Ter	1
by_gender	female	locationaa	ECM2_p.Val95Ala	1
by_gender	female	locationaa	ECPAS_p.Ala1313Val	1
by_gender	female	locationaa	ECPAS_p.Arg1516Gln	1
by_gender	female	locationaa	ECRG4_p.Ala52Val	1
by_gender	female	locationaa	ECRG4_p.Arg121His	1
by_gender	female	locationaa	ECSIT_p.Ile264Val	1
by_gender	female	locationaa	ECT2L_p.Gln439His	1
by_gender	female	locationaa	ECT2_p.Ala725Thr	1
by_gender	female	locationaa	ECT2_p.Leu321Ile	1
by_gender	female	locationaa	ECT2_p.Ser622Asn	1
by_gender	female	locationaa	ECT2_p.Thr846Ile	1
by_gender	female	locationaa	EDA2R_p.Asp221Asn	1
by_gender	female	locationaa	EDAR_p.Ser283Ile	1
by_gender	female	locationaa	EDA_p.Ser22Asn	1
by_gender	female	locationaa	EDC3_p.His168Tyr	1
by_gender	female	locationaa	EDC4_p.Ala770Val	1
by_gender	female	locationaa	EDDM3A_p.Pro41Ser	1
by_gender	female	locationaa	EDEM1_p.Arg631Cys	1
by_gender	female	locationaa	EDEM2_p.Ser147Phe	1
by_gender	female	locationaa	EDIL3_p.Asp52Tyr	1
by_gender	female	locationaa	EDN1_p.Trp73Ter	1
by_gender	female	locationaa	EDN3_p.Ala237Thr	1
by_gender	female	locationaa	EDNRB_p.Arg291Ter	1
by_gender	female	locationaa	EDNRB_p.Lys141Asn	1
by_gender	female	locationaa	EDRF1_p.Arg1162Trp	1
by_gender	female	locationaa	EDRF1_p.Thr383Ala	1
by_gender	female	locationaa	EEA1_p.Ala654Ser	1
by_gender	female	locationaa	EEA1_p.Glu366Lys	1
by_gender	female	locationaa	EEA1_p.Ile887Val	1
by_gender	female	locationaa	EED_p.Ile363Val	1
by_gender	female	locationaa	EEF1AKMT1_p.Tyr203Cys	1
by_gender	female	locationaa	EEF1AKNMT_p.Ala453Val	1
by_gender	female	locationaa	EEF1AKNMT_p.Pro656His	1
by_gender	female	locationaa	EEF1D_p.Gln222His	1
by_gender	female	locationaa	EEF1D_p.Lys107Glu	1
by_gender	female	locationaa	EEF1G_p.Arg353Met	1
by_gender	female	locationaa	EEF1G_p.Pro198Thr	1
by_gender	female	locationaa	EEF2_p.Arg716His	1
by_gender	female	locationaa	EEF2_p.His816Leu	1
by_gender	female	locationaa	EEF2_p.Ile293Val	1
by_gender	female	locationaa	EEF2_p.Tyr457Ter	1
by_gender	female	locationaa	EEFSEC_p.Leu141Met	1
by_gender	female	locationaa	EEPD1_p.Lys23Asn	1
by_gender	female	locationaa	EEPD1_p.Pro453Ser	1
by_gender	female	locationaa	EFCAB11_p.Ser148Ile	1
by_gender	female	locationaa	EFCAB13_p.Glu708Ter	1
by_gender	female	locationaa	EFCAB1_p.Arg98Leu	1
by_gender	female	locationaa	EFCAB3_p.Leu223Ile	1
by_gender	female	locationaa	EFCAB5_p.Arg1256His	1
by_gender	female	locationaa	EFCAB5_p.Arg609His	1
by_gender	female	locationaa	EFCAB5_p.Arg869Ter	1
by_gender	female	locationaa	EFCAB5_p.Lys902Asn	1
by_gender	female	locationaa	EFCAB5_p.Pro1496Ser	1
by_gender	female	locationaa	EFCAB6_p.Ala180Thr	1
by_gender	female	locationaa	EFCAB6_p.Lys733Asn	1
by_gender	female	locationaa	EFCAB6_p.Thr424Ile	1
by_gender	female	locationaa	EFEMP1_p.Ala120Val	1
by_gender	female	locationaa	EFEMP1_p.Arg376Ter	1
by_gender	female	locationaa	EFEMP1_p.Val488Met	1
by_gender	female	locationaa	EFEMP2_p.Arg216Cys	1
by_gender	female	locationaa	EFHB_p.Ala707Val	1
by_gender	female	locationaa	EFL1_p.Asn168Thr	1
by_gender	female	locationaa	EFL1_p.Lys701Asn	1
by_gender	female	locationaa	EFR3A_p.Gln287His	1
by_gender	female	locationaa	EFR3A_p.Ile560Thr	1
by_gender	female	locationaa	EFR3A_p.Val349Ile	1
by_gender	female	locationaa	EFS_p.Ala241Val	1
by_gender	female	locationaa	EFTUD2_p.Ala274Asp	1
by_gender	female	locationaa	EFTUD2_p.Glu127Asp	1
by_gender	female	locationaa	EFTUD2_p.Ile181Thr	1
by_gender	female	locationaa	EFTUD2_p.Phe718Leu	1
by_gender	female	locationaa	EFTUD2_p.Pro956His	1
by_gender	female	locationaa	EGFL6_p.Asp94Gly	1
by_gender	female	locationaa	EGFL6_p.Gly431Val	1
by_gender	female	locationaa	EGFL7_p.Cys161Tyr	1
by_gender	female	locationaa	EGFLAM_p.Ser446Ala	1
by_gender	female	locationaa	EGFR_p.Arg669Ter	1
by_gender	female	locationaa	EGFR_p.Asp800Gly	1
by_gender	female	locationaa	EGF_p.Ala661Val	1
by_gender	female	locationaa	EGF_p.Ser150Phe	1
by_gender	female	locationaa	EGR1_p.Gln186His	1
by_gender	female	locationaa	EGR1_p.Leu40Met	1
by_gender	female	locationaa	EGR1_p.Thr539Ala	1
by_gender	female	locationaa	EGR3_p.Gly112Glu	1
by_gender	female	locationaa	EHD2_p.Leu481Phe	1
by_gender	female	locationaa	EHD3_p.Ala131Thr	1
by_gender	female	locationaa	EHD3_p.Ala336Thr	1
by_gender	female	locationaa	EHD3_p.Ala430Val	1
by_gender	female	locationaa	EHD3_p.Arg41His	1
by_gender	female	locationaa	EHD3_p.Glu272Ala	1
by_gender	female	locationaa	EHD3_p.Lys208Gln	1
by_gender	female	locationaa	EHMT1_p.Arg138Lys	1
by_gender	female	locationaa	EHMT1_p.Pro677Ser	1
by_gender	female	locationaa	EHMT2_p.Arg802His	1
by_gender	female	locationaa	EHMT2_p.Thr250Ile	1
by_gender	female	locationaa	EI24_p.Glu236Ter	1
by_gender	female	locationaa	EID3_p.Ala32Thr	1
by_gender	female	locationaa	EIF2AK2_p.Gly206Cys	1
by_gender	female	locationaa	EIF2AK2_p.Ser226Leu	1
by_gender	female	locationaa	EIF2AK3_p.Ala713Ser	1
by_gender	female	locationaa	EIF2AK3_p.Gly327Glu	1
by_gender	female	locationaa	EIF2B5_p.Val560Leu	1
by_gender	female	locationaa	EIF2D_p.Ser336Ile	1
by_gender	female	locationaa	EIF3A_p.His204Tyr	1
by_gender	female	locationaa	EIF3D_p.Arg222His	1
by_gender	female	locationaa	EIF3H_p.Glu199Lys	1
by_gender	female	locationaa	EIF3K_p.Arg97Trp	1
by_gender	female	locationaa	EIF4A2_p.Val342Met	1
by_gender	female	locationaa	EIF4B_p.Pro342His	1
by_gender	female	locationaa	EIF4EBP2_p.Arg62Pro	1
by_gender	female	locationaa	EIF4ENIF1_p.Pro609His	1
by_gender	female	locationaa	EIF4G1_p.Arg1193Trp	1
by_gender	female	locationaa	EIF4G1_p.Asp854Gly	1
by_gender	female	locationaa	EIF4G1_p.Leu1338Ile	1
by_gender	female	locationaa	EIF4G1_p.Lys602Asn	1
by_gender	female	locationaa	EIF4G1_p.Val1554Met	1
by_gender	female	locationaa	EIF4G3_p.Asn345Asp	1
by_gender	female	locationaa	EIF4G3_p.Ser1567Phe	1
by_gender	female	locationaa	EIF4G3_p.Ser273Phe	1
by_gender	female	locationaa	EIF4H_p.Gln247Ter	1
by_gender	female	locationaa	EIF5B_p.Arg416Ile	1
by_gender	female	locationaa	EIF5B_p.Met1024Val	1
by_gender	female	locationaa	EIF5_p.Arg302Ter	1
by_gender	female	locationaa	EIPR1_p.Ala138Ser	1
by_gender	female	locationaa	ELAC2_p.Ala272Asp	1
by_gender	female	locationaa	ELAC2_p.Ala450Val	1
by_gender	female	locationaa	ELAC2_p.Ala467Val	1
by_gender	female	locationaa	ELAPOR2_p.Val835Ala	1
by_gender	female	locationaa	ELAVL1_p.Ser60Ile	1
by_gender	female	locationaa	ELAVL2_p.Cys316Tyr	1
by_gender	female	locationaa	ELAVL3_p.Thr210Met	1
by_gender	female	locationaa	ELAVL4_p.Leu246Met	1
by_gender	female	locationaa	ELF3_p.Asp223Gly	1
by_gender	female	locationaa	ELFN2_p.Glu140Lys	1
by_gender	female	locationaa	ELFN2_p.Ser711Asn	1
by_gender	female	locationaa	ELL_p.Gln576His	1
by_gender	female	locationaa	ELMO1_p.Asp194Val	1
by_gender	female	locationaa	ELMO1_p.Phe654Cys	1
by_gender	female	locationaa	ELMO2_p.Ser42Leu	1
by_gender	female	locationaa	ELMO3_p.Ser769Asn	1
by_gender	female	locationaa	ELMOD1_p.Tyr16Ter	1
by_gender	female	locationaa	ELMOD2_p.Ser203Phe	1
by_gender	female	locationaa	ELOA2_p.Ala742Val	1
by_gender	female	locationaa	ELOA2_p.Thr650Met	1
by_gender	female	locationaa	ELOC_p.Ala53Val	1
by_gender	female	locationaa	ELOVL3_p.Phe15Leu	1
by_gender	female	locationaa	ELOVL4_p.Pro72His	1
by_gender	female	locationaa	ELOVL6_p.Ala195Val	1
by_gender	female	locationaa	ELP1_p.Leu1007Phe	1
by_gender	female	locationaa	ELP1_p.Thr168Ile	1
by_gender	female	locationaa	ELP3_p.Arg230Ter	1
by_gender	female	locationaa	ELP6_p.Gly86Ter	1
by_gender	female	locationaa	ELSPBP1_p.Arg73His	1
by_gender	female	locationaa	ELSPBP1_p.Pro128Thr	1
by_gender	female	locationaa	EMC1_p.Arg993Ter	1
by_gender	female	locationaa	EMC1_p.Phe291Leu	1
by_gender	female	locationaa	EMC3_p.Thr204Met	1
by_gender	female	locationaa	EMILIN2_p.Glu147Lys	1
by_gender	female	locationaa	EML1_p.Ala572Thr	1
by_gender	female	locationaa	EML1_p.Ser336Tyr	1
by_gender	female	locationaa	EML1_p.Val710Met	1
by_gender	female	locationaa	EML2_p.Ala207Asp	1
by_gender	female	locationaa	EML2_p.Arg317Trp	1
by_gender	female	locationaa	EML3_p.Ala326Thr	1
by_gender	female	locationaa	EML3_p.Arg536His	1
by_gender	female	locationaa	EML4_p.Val343Ile	1
by_gender	female	locationaa	EML5_p.Arg678Ter	1
by_gender	female	locationaa	EML5_p.Gly1901Glu	1
by_gender	female	locationaa	EMSY_p.Ala116Thr	1
by_gender	female	locationaa	EMSY_p.Ser1212Leu	1
by_gender	female	locationaa	EMX2_p.Gly62Asp	1
by_gender	female	locationaa	EN1_p.Arg326Cys	1
by_gender	female	locationaa	EN1_p.Gly231Asp	1
by_gender	female	locationaa	ENAM_p.Gln966His	1
by_gender	female	locationaa	ENAM_p.His1054Asn	1
by_gender	female	locationaa	ENAM_p.Ser456Asn	1
by_gender	female	locationaa	ENC1_p.Glu366Gly	1
by_gender	female	locationaa	ENDOU_p.Gln222His	1
by_gender	female	locationaa	ENDOV_p.Asp181Asn	1
by_gender	female	locationaa	ENKUR_p.Arg226Cys	1
by_gender	female	locationaa	ENO1_p.Asn52Ile	1
by_gender	female	locationaa	ENOSF1_p.Gly109Asp	1
by_gender	female	locationaa	ENOX1_p.Ala32Val	1
by_gender	female	locationaa	ENOX1_p.Phe77Cys	1
by_gender	female	locationaa	ENOX1_p.Val42Met	1
by_gender	female	locationaa	ENOX2_p.Leu425Ile	1
by_gender	female	locationaa	ENPEP_p.Gly38Asp	1
by_gender	female	locationaa	ENPEP_p.Gly417Glu	1
by_gender	female	locationaa	ENPEP_p.Gly501Arg	1
by_gender	female	locationaa	ENPP2_p.Pro797Ser	1
by_gender	female	locationaa	ENPP2_p.Ser808Arg	1
by_gender	female	locationaa	ENPP3_p.Ala311Val	1
by_gender	female	locationaa	ENPP3_p.Gly537Asp	1
by_gender	female	locationaa	ENPP4_p.Ser174Leu	1
by_gender	female	locationaa	ENPP5_p.Ser370Tyr	1
by_gender	female	locationaa	ENPP5_p.Val406Ala	1
by_gender	female	locationaa	ENPP7_p.Arg217Trp	1
by_gender	female	locationaa	ENTHD1_p.Ser124Ala	1
by_gender	female	locationaa	ENTPD2_p.Phe293Ile	1
by_gender	female	locationaa	ENTPD4_p.Ala457Thr	1
by_gender	female	locationaa	ENTPD4_p.Asn158Ser	1
by_gender	female	locationaa	ENTPD4_p.Leu71Met	1
by_gender	female	locationaa	ENTPD5_p.Thr410Met	1
by_gender	female	locationaa	ENTPD7_p.Ser453Ala	1
by_gender	female	locationaa	EOLA1_p.Leu72Arg	1
by_gender	female	locationaa	EOLA2_p.Asp102Asn	1
by_gender	female	locationaa	EP300_p.Ala1629Val	1
by_gender	female	locationaa	EP300_p.Ala75Val	1
by_gender	female	locationaa	EP300_p.Arg2263Ter	1
by_gender	female	locationaa	EP300_p.Asp574Gly	1
by_gender	female	locationaa	EP400_p.Ser2140Phe	1
by_gender	female	locationaa	EPAS1_p.Ala664Ser	1
by_gender	female	locationaa	EPAS1_p.Ala684Thr	1
by_gender	female	locationaa	EPAS1_p.Lys392Asn	1
by_gender	female	locationaa	EPB41L1_p.Asn555Ser	1
by_gender	female	locationaa	EPB41L1_p.Gly463Glu	1
by_gender	female	locationaa	EPB41L1_p.Pro415Ser	1
by_gender	female	locationaa	EPB41L3_p.Glu687Asp	1
by_gender	female	locationaa	EPB41L4A_p.Glu82Lys	1
by_gender	female	locationaa	EPB41L4A_p.Lys201Thr	1
by_gender	female	locationaa	EPB41L4A_p.Val45Ile	1
by_gender	female	locationaa	EPB41L4B_p.Glu885Ter	1
by_gender	female	locationaa	EPB41L4B_p.Pro719His	1
by_gender	female	locationaa	EPB41_p.Ser92Tyr	1
by_gender	female	locationaa	EPC1_p.Arg775Ter	1
by_gender	female	locationaa	EPC1_p.Ser2Gly	1
by_gender	female	locationaa	EPC1_p.Ser807Tyr	1
by_gender	female	locationaa	EPC2_p.Ala560Thr	1
by_gender	female	locationaa	EPC2_p.Ala563Val	1
by_gender	female	locationaa	EPC2_p.Thr257Ala	1
by_gender	female	locationaa	EPG5_p.Ala488Thr	1
by_gender	female	locationaa	EPG5_p.Gln2341His	1
by_gender	female	locationaa	EPHA10_p.Arg100His	1
by_gender	female	locationaa	EPHA10_p.Glu694Asp	1
by_gender	female	locationaa	EPHA10_p.Ser898Ile	1
by_gender	female	locationaa	EPHA1_p.Arg261Trp	1
by_gender	female	locationaa	EPHA1_p.Cys262Tyr	1
by_gender	female	locationaa	EPHA1_p.Leu968Ile	1
by_gender	female	locationaa	EPHA2_p.Arg560Cys	1
by_gender	female	locationaa	EPHA2_p.Asn84Lys	1
by_gender	female	locationaa	EPHA2_p.Cys369Ter	1
by_gender	female	locationaa	EPHA2_p.Ser386Leu	1
by_gender	female	locationaa	EPHA4_p.Arg883His	1
by_gender	female	locationaa	EPHA4_p.Asp132Gly	1
by_gender	female	locationaa	EPHA5_p.Arg693His	1
by_gender	female	locationaa	EPHA5_p.Thr334Ser	1
by_gender	female	locationaa	EPHA5_p.Thr516Met	1
by_gender	female	locationaa	EPHA5_p.Val460Ile	1
by_gender	female	locationaa	EPHA5_p.Val774Ala	1
by_gender	female	locationaa	EPHA6_p.Asp243Asn	1
by_gender	female	locationaa	EPHA7_p.Asp37Asn	1
by_gender	female	locationaa	EPHA8_p.Ala685Thr	1
by_gender	female	locationaa	EPHA8_p.Arg179His	1
by_gender	female	locationaa	EPHA8_p.Ser297Asn	1
by_gender	female	locationaa	EPHA8_p.Thr219Ala	1
by_gender	female	locationaa	EPHB2_p.Asn566Ser	1
by_gender	female	locationaa	EPHB2_p.Cys1053Tyr	1
by_gender	female	locationaa	EPHB3_p.Thr993Met	1
by_gender	female	locationaa	EPHB4_p.Ala220Thr	1
by_gender	female	locationaa	EPHB4_p.Arg56His	1
by_gender	female	locationaa	EPHB4_p.Gly913Asp	1
by_gender	female	locationaa	EPHB6_p.Gly573Glu	1
by_gender	female	locationaa	EPHB6_p.Phe790Cys	1
by_gender	female	locationaa	EPHX1_p.Asp353Asn	1
by_gender	female	locationaa	EPHX1_p.Leu272Ile	1
by_gender	female	locationaa	EPM2AIP1_p.Glu303Lys	1
by_gender	female	locationaa	EPN1_p.Ala459Val	1
by_gender	female	locationaa	EPN3_p.Glu55Lys	1
by_gender	female	locationaa	EPOR_p.Arg92Cys	1
by_gender	female	locationaa	EPOR_p.Thr114Met	1
by_gender	female	locationaa	EPPK1_p.Ala115Asp	1
by_gender	female	locationaa	EPPK1_p.Ser1390Asn	1
by_gender	female	locationaa	EPRS1_p.Thr1391Ala	1
by_gender	female	locationaa	EPS15_p.Ala195Val	1
by_gender	female	locationaa	EPS8L1_p.Cys45Ter	1
by_gender	female	locationaa	EPS8L2_p.Ser390Pro	1
by_gender	female	locationaa	EPS8L3_p.Ser445Asn	1
by_gender	female	locationaa	EPS8_p.Arg468His	1
by_gender	female	locationaa	EPSTI1_p.Gln124His	1
by_gender	female	locationaa	EPSTI1_p.Ser205Asn	1
by_gender	female	locationaa	EPX_p.Arg63His	1
by_gender	female	locationaa	EPX_p.Arg673Gln	1
by_gender	female	locationaa	EPX_p.Leu372Met	1
by_gender	female	locationaa	EPYC_p.Ile93Thr	1
by_gender	female	locationaa	ERBB2_p.Ala339Thr	1
by_gender	female	locationaa	ERBB2_p.Ala87Thr	1
by_gender	female	locationaa	ERBB2_p.Arg1146Gln	1
by_gender	female	locationaa	ERBB2_p.Val842Ile	1
by_gender	female	locationaa	ERBB3_p.Arg683Trp	1
by_gender	female	locationaa	ERBB3_p.Asp922Tyr	1
by_gender	female	locationaa	ERBB4_p.Ala672Asp	1
by_gender	female	locationaa	ERBB4_p.Arg196Cys	1
by_gender	female	locationaa	ERBB4_p.Asn1044Asp	1
by_gender	female	locationaa	ERBB4_p.Glu1144Ter	1
by_gender	female	locationaa	ERBB4_p.Pro697Ser	1
by_gender	female	locationaa	ERBIN_p.Asn1029Ser	1
by_gender	female	locationaa	ERBIN_p.Lys381Asn	1
by_gender	female	locationaa	ERBIN_p.Ser1160Arg	1
by_gender	female	locationaa	ERC1_p.Arg419Ser	1
by_gender	female	locationaa	ERC1_p.Arg816Ter	1
by_gender	female	locationaa	ERC1_p.Lys563Asn	1
by_gender	female	locationaa	ERC1_p.Ser185Ile	1
by_gender	female	locationaa	ERC2_p.Arg896Ter	1
by_gender	female	locationaa	ERC2_p.Gln222His	1
by_gender	female	locationaa	ERC2_p.Glu616Lys	1
by_gender	female	locationaa	ERCC1_p.Glu62Lys	1
by_gender	female	locationaa	ERCC3_p.Val113Met	1
by_gender	female	locationaa	ERCC4_p.Lys264Asn	1
by_gender	female	locationaa	ERCC4_p.Val578Met	1
by_gender	female	locationaa	ERCC6L2_p.Ala247Val	1
by_gender	female	locationaa	ERCC6L_p.Leu361ProfsTer6	1
by_gender	female	locationaa	ERCC6_p.Cys1034Tyr	1
by_gender	female	locationaa	ERF_p.Arg329His	1
by_gender	female	locationaa	ERF_p.Arg483His	1
by_gender	female	locationaa	ERF_p.Gly414Val	1
by_gender	female	locationaa	ERF_p.Ser306Ile	1
by_gender	female	locationaa	ERICH1_p.Ala237Thr	1
by_gender	female	locationaa	ERICH3_p.Ala1308Val	1
by_gender	female	locationaa	ERICH3_p.Gln1390His	1
by_gender	female	locationaa	ERICH3_p.Gly1469Ter	1
by_gender	female	locationaa	ERICH3_p.Leu975Phe	1
by_gender	female	locationaa	ERICH3_p.Met523Val	1
by_gender	female	locationaa	ERICH3_p.Ser363Ile	1
by_gender	female	locationaa	ERICH3_p.Thr1152Ser	1
by_gender	female	locationaa	ERMAP_p.Arg73His	1
by_gender	female	locationaa	ERN1_p.Asn405Ser	1
by_gender	female	locationaa	ERN1_p.Pro751Ser	1
by_gender	female	locationaa	ERN1_p.Val803Ile	1
by_gender	female	locationaa	ERN2_p.Arg885His	1
by_gender	female	locationaa	ERN2_p.Gly652Cys	1
by_gender	female	locationaa	ERN2_p.Tyr909Ter	1
by_gender	female	locationaa	ERO1A_p.Leu457Ter	1
by_gender	female	locationaa	ERO1B_p.Ala111Thr	1
by_gender	female	locationaa	ERO1B_p.Arg312Gln	1
by_gender	female	locationaa	ERV3-1_p.Ala321Thr	1
by_gender	female	locationaa	ERVW-1_p.Thr495Asn	1
by_gender	female	locationaa	ESCO1_p.Glu596Ter	1
by_gender	female	locationaa	ESCO1_p.Lys78Thr	1
by_gender	female	locationaa	ESCO1_p.Phe547Leu	1
by_gender	female	locationaa	ESD_p.Ala277Asp	1
by_gender	female	locationaa	ESF1_p.Tyr766Ser	1
by_gender	female	locationaa	ESPL1_p.Asp847Asn	1
by_gender	female	locationaa	ESPL1_p.Gln1248Ter	1
by_gender	female	locationaa	ESPNL_p.Leu275Phe	1
by_gender	female	locationaa	ESR1_p.Arg477Leu	1
by_gender	female	locationaa	ESR2_p.Arg227His	1
by_gender	female	locationaa	ESRP2_p.Ala674Thr	1
by_gender	female	locationaa	ESRP2_p.Cys726Trp	1
by_gender	female	locationaa	ESRRA_p.Ala192Thr	1
by_gender	female	locationaa	ESYT2_p.Gly698Asp	1
by_gender	female	locationaa	ESYT3_p.Arg752Ter	1
by_gender	female	locationaa	ESYT3_p.Met830Thr	1
by_gender	female	locationaa	ETAA1_p.Leu191Arg	1
by_gender	female	locationaa	ETAA1_p.Ser683Phe	1
by_gender	female	locationaa	ETFDH_p.Ala189Thr	1
by_gender	female	locationaa	ETHE1_p.Ala150Thr	1
by_gender	female	locationaa	ETNK2_p.Ala289Val	1
by_gender	female	locationaa	ETNPPL_p.Glu44Lys	1
by_gender	female	locationaa	ETS2_p.Ala151Thr	1
by_gender	female	locationaa	ETV2_p.Gly110Cys	1
by_gender	female	locationaa	ETV3L_p.Arg151Gln	1
by_gender	female	locationaa	ETV5_p.Pro401Leu	1
by_gender	female	locationaa	ETV7_p.Ala262Thr	1
by_gender	female	locationaa	EVC2_p.Arg500Trp	1
by_gender	female	locationaa	EVC2_p.Thr1225Ala	1
by_gender	female	locationaa	EVPL_p.Asp1836Asn	1
by_gender	female	locationaa	EVPL_p.Gln523His	1
by_gender	female	locationaa	EVPL_p.Lys1165Asn	1
by_gender	female	locationaa	EVPL_p.Pro368LeufsTer73	1
by_gender	female	locationaa	EVPL_p.Val1910Ile	1
by_gender	female	locationaa	EVX1_p.Ala179Thr	1
by_gender	female	locationaa	EVX1_p.Ser126Gly	1
by_gender	female	locationaa	EXD2_p.Ala127Thr	1
by_gender	female	locationaa	EXD3_p.Lys708Asn	1
by_gender	female	locationaa	EXO1_p.Ala322Thr	1
by_gender	female	locationaa	EXO1_p.Ser355Asn	1
by_gender	female	locationaa	EXO5_p.Ala227Val	1
by_gender	female	locationaa	EXOC1_p.Arg867Cys	1
by_gender	female	locationaa	EXOC3L4_p.Gly94Asp	1
by_gender	female	locationaa	EXOC3_p.Trp192Arg	1
by_gender	female	locationaa	EXOC4_p.Arg82His	1
by_gender	female	locationaa	EXOC5_p.Ser319Cys	1
by_gender	female	locationaa	EXOC6B_p.Thr766Ile	1
by_gender	female	locationaa	EXOSC10_p.Leu407Met	1
by_gender	female	locationaa	EXOSC3_p.Ala170Thr	1
by_gender	female	locationaa	EXOSC8_p.Gly220Val	1
by_gender	female	locationaa	EXOSC9_p.Ala254Thr	1
by_gender	female	locationaa	EXPH5_p.Ala1363Asp	1
by_gender	female	locationaa	EXT1_p.Arg701Ter	1
by_gender	female	locationaa	EXT1_p.Glu129Lys	1
by_gender	female	locationaa	EXT2_p.Arg557Trp	1
by_gender	female	locationaa	EXT2_p.Leu35Met	1
by_gender	female	locationaa	EXTL1_p.Ser672Ile	1
by_gender	female	locationaa	EXTL2_p.Ala88Asp	1
by_gender	female	locationaa	EXTL2_p.Ser156Ile	1
by_gender	female	locationaa	EXTL3_p.Arg178Gln	1
by_gender	female	locationaa	EXTL3_p.Arg513Cys	1
by_gender	female	locationaa	EXTL3_p.Asn181Asp	1
by_gender	female	locationaa	EXTL3_p.Lys125Asn	1
by_gender	female	locationaa	EXTL3_p.Pro638His	1
by_gender	female	locationaa	EXTL3_p.Val713Ile	1
by_gender	female	locationaa	EYA1_p.Arg440Trp	1
by_gender	female	locationaa	EYA1_p.Ser292Tyr	1
by_gender	female	locationaa	EYA2_p.Ala381Thr	1
by_gender	female	locationaa	EYA2_p.Ala91Val	1
by_gender	female	locationaa	EYA4_p.Tyr580Cys	1
by_gender	female	locationaa	EYS_p.Asp86Asn	1
by_gender	female	locationaa	EYS_p.Phe465Val	1
by_gender	female	locationaa	EYS_p.Tyr452Ter	1
by_gender	female	locationaa	EZH2_p.Ala237Ser	1
by_gender	female	locationaa	EZH2_p.Arg653Ile	1
by_gender	female	locationaa	EZH2_p.Val577Ala	1
by_gender	female	locationaa	EZHIP_p.Ala263Val	1
by_gender	female	locationaa	EZHIP_p.His205Tyr	1
by_gender	female	locationaa	EZHIP_p.Ser363Tyr	1
by_gender	female	locationaa	F10_p.Arg346His	1
by_gender	female	locationaa	F10_p.Lys428Asn	1
by_gender	female	locationaa	F10_p.Pro472His	1
by_gender	female	locationaa	F11R_p.Gly116Ser	1
by_gender	female	locationaa	F12_p.Asp422Tyr	1
by_gender	female	locationaa	F13A1_p.Tyr104His	1
by_gender	female	locationaa	F13B_p.Ala61Val	1
by_gender	female	locationaa	F2RL1_p.Asp340Asn	1
by_gender	female	locationaa	F2RL2_p.Thr39Ser	1
by_gender	female	locationaa	F2RL3_p.Pro360Thr	1
by_gender	female	locationaa	F5_p.Glu358Ala	1
by_gender	female	locationaa	F5_p.Thr333Asn	1
by_gender	female	locationaa	F8_p.Arg1724Lys	1
by_gender	female	locationaa	F8_p.Arg1768Cys	1
by_gender	female	locationaa	F8_p.Ser700Leu	1
by_gender	female	locationaa	FAAH2_p.Gly87Glu	1
by_gender	female	locationaa	FAAP100_p.Ala742Val	1
by_gender	female	locationaa	FABP4_p.Glu110Asp	1
by_gender	female	locationaa	FADS1_p.Met142Ile	1
by_gender	female	locationaa	FADS3_p.Tyr266His	1
by_gender	female	locationaa	FADS3_p.Val327Asp	1
by_gender	female	locationaa	FAF2_p.Ala166Asp	1
by_gender	female	locationaa	FAF2_p.Asn72Asp	1
by_gender	female	locationaa	FAHD1_p.Ser36Ile	1
by_gender	female	locationaa	FAM102A_p.Glu346Lys	1
by_gender	female	locationaa	FAM111A_p.Thr289Ala	1
by_gender	female	locationaa	FAM117B_p.Asn500LysfsTer8	1
by_gender	female	locationaa	FAM120A_p.Arg175Lys	1
by_gender	female	locationaa	FAM120A_p.Lys818ArgfsTer18	1
by_gender	female	locationaa	FAM120A_p.Thr407Met	1
by_gender	female	locationaa	FAM120B_p.Asp513Asn	1
by_gender	female	locationaa	FAM120B_p.Gly149Cys	1
by_gender	female	locationaa	FAM120C_p.Asp1096Tyr	1
by_gender	female	locationaa	FAM120C_p.Gly302Asp	1
by_gender	female	locationaa	FAM124B_p.Leu106Met	1
by_gender	female	locationaa	FAM126A_p.Glu395ArgfsTer22	1
by_gender	female	locationaa	FAM126B_p.Val44Gly	1
by_gender	female	locationaa	FAM131A_p.Arg203Cys	1
by_gender	female	locationaa	FAM131B_p.Arg310Trp	1
by_gender	female	locationaa	FAM133A_p.Ser163Ter	1
by_gender	female	locationaa	FAM135A_p.Arg1302His	1
by_gender	female	locationaa	FAM135A_p.Asn841His	1
by_gender	female	locationaa	FAM135A_p.Gly1325Arg	1
by_gender	female	locationaa	FAM135B_p.Asp446Asn	1
by_gender	female	locationaa	FAM13B_p.Arg553Ter	1
by_gender	female	locationaa	FAM13B_p.Arg617Trp	1
by_gender	female	locationaa	FAM13B_p.Asp515Asn	1
by_gender	female	locationaa	FAM13B_p.Gly59Arg	1
by_gender	female	locationaa	FAM149A_p.Pro499Leu	1
by_gender	female	locationaa	FAM149A_p.Ser724Leu	1
by_gender	female	locationaa	FAM149A_p.Val461Ile	1
by_gender	female	locationaa	FAM151A_p.Trp439Ter	1
by_gender	female	locationaa	FAM151A_p.Val166Ile	1
by_gender	female	locationaa	FAM151B_p.Asn236Lys	1
by_gender	female	locationaa	FAM155A_p.Ala43Thr	1
by_gender	female	locationaa	FAM160A2_p.Glu472Ter	1
by_gender	female	locationaa	FAM160A2_p.Thr73Ile	1
by_gender	female	locationaa	FAM160B1_p.Ala160Val	1
by_gender	female	locationaa	FAM160B2_p.Leu236Met	1
by_gender	female	locationaa	FAM161A_p.Ala357Val	1
by_gender	female	locationaa	FAM161A_p.Arg528Ile	1
by_gender	female	locationaa	FAM162A_p.Arg100Gln	1
by_gender	female	locationaa	FAM166B_p.Ser5Ile	1
by_gender	female	locationaa	FAM169A_p.Pro387His	1
by_gender	female	locationaa	FAM171B_p.Pro614Ser	1
by_gender	female	locationaa	FAM181A_p.Phe75Val	1
by_gender	female	locationaa	FAM184A_p.Ala493Ser	1
by_gender	female	locationaa	FAM184A_p.Lys450Asn	1
by_gender	female	locationaa	FAM184A_p.Thr1026Ile	1
by_gender	female	locationaa	FAM186B_p.Glu542Asp	1
by_gender	female	locationaa	FAM20A_p.Asn312Ser	1
by_gender	female	locationaa	FAM20A_p.Ser439Tyr	1
by_gender	female	locationaa	FAM20A_p.Val527Leu	1
by_gender	female	locationaa	FAM214A_p.Arg75Gly	1
by_gender	female	locationaa	FAM219A_p.Arg86Gln	1
by_gender	female	locationaa	FAM220A_p.Lys222Asn	1
by_gender	female	locationaa	FAM227B_p.Ala200Thr	1
by_gender	female	locationaa	FAM227B_p.Ile171Met	1
by_gender	female	locationaa	FAM228A_p.Asp154Asn	1
by_gender	female	locationaa	FAM234B_p.Ile125Val	1
by_gender	female	locationaa	FAM234B_p.Pro619Ser	1
by_gender	female	locationaa	FAM241B_p.Leu101Phe	1
by_gender	female	locationaa	FAM3D_p.Asp149Asn	1
by_gender	female	locationaa	FAM47A_p.Arg487Gln	1
by_gender	female	locationaa	FAM47A_p.Glu307Lys	1
by_gender	female	locationaa	FAM47B_p.Ala116Val	1
by_gender	female	locationaa	FAM47B_p.Ala162Thr	1
by_gender	female	locationaa	FAM50B_p.Gln92His	1
by_gender	female	locationaa	FAM53A_p.Ala79Thr	1
by_gender	female	locationaa	FAM53A_p.Ser266Thr	1
by_gender	female	locationaa	FAM53C_p.Ala253Val	1
by_gender	female	locationaa	FAM53C_p.Ser212Asn	1
by_gender	female	locationaa	FAM71A_p.Ala328Val	1
by_gender	female	locationaa	FAM71B_p.Ala361Val	1
by_gender	female	locationaa	FAM71B_p.Met408Thr	1
by_gender	female	locationaa	FAM71B_p.Thr602Pro	1
by_gender	female	locationaa	FAM71D_p.Ile193Thr	1
by_gender	female	locationaa	FAM76B_p.Arg114Trp	1
by_gender	female	locationaa	FAM78A_p.Gly37Glu	1
by_gender	female	locationaa	FAM78A_p.Lys82Asn	1
by_gender	female	locationaa	FAM78B_p.Ser155Asn	1
by_gender	female	locationaa	FAM83A_p.Ala351Thr	1
by_gender	female	locationaa	FAM83B_p.Lys25Asn	1
by_gender	female	locationaa	FAM83C_p.Ser711Ile	1
by_gender	female	locationaa	FAM83C_p.Thr139Ile	1
by_gender	female	locationaa	FAM83D_p.Gly455Glu	1
by_gender	female	locationaa	FAM83G_p.Gly578Val	1
by_gender	female	locationaa	FAM83H_p.Ala103Val	1
by_gender	female	locationaa	FAM83H_p.Arg4His	1
by_gender	female	locationaa	FAM8A1_p.Leu314_Val315del	1
by_gender	female	locationaa	FAM91A1_p.Gln202His	1
by_gender	female	locationaa	FAM91A1_p.Val87Met	1
by_gender	female	locationaa	FAM9B_p.Thr33Ala	1
by_gender	female	locationaa	FAN1_p.Thr511Asn	1
by_gender	female	locationaa	FANCA_p.Ala1097Val	1
by_gender	female	locationaa	FANCA_p.Leu617Val	1
by_gender	female	locationaa	FANCC_p.Pro346Leu	1
by_gender	female	locationaa	FANCG_p.Ala514Thr	1
by_gender	female	locationaa	FANCM_p.Arg1099Cys	1
by_gender	female	locationaa	FANCM_p.Val618Leu	1
by_gender	female	locationaa	FAP_p.Ser71Phe	1
by_gender	female	locationaa	FAR1_p.Trp401Cys	1
by_gender	female	locationaa	FARP1_p.Phe1002Ser	1
by_gender	female	locationaa	FARP1_p.Pro428His	1
by_gender	female	locationaa	FARP2_p.Gly745Asp	1
by_gender	female	locationaa	FARSA_p.Glu195Lys	1
by_gender	female	locationaa	FARSB_p.Thr256Met	1
by_gender	female	locationaa	FASLG_p.Met213Val	1
by_gender	female	locationaa	FASN_p.Ala2197Thr	1
by_gender	female	locationaa	FASN_p.Ala656Val	1
by_gender	female	locationaa	FASN_p.Arg2233Trp	1
by_gender	female	locationaa	FASN_p.Arg2413Cys	1
by_gender	female	locationaa	FASTKD2_p.Arg660Trp	1
by_gender	female	locationaa	FASTKD2_p.Ser96Ile	1
by_gender	female	locationaa	FASTKD3_p.Arg40Cys	1
by_gender	female	locationaa	FASTKD3_p.Leu306Ile	1
by_gender	female	locationaa	FAT1_p.Arg191Gln	1
by_gender	female	locationaa	FAT1_p.Asp2349Tyr	1
by_gender	female	locationaa	FAT1_p.Gly2867Asp	1
by_gender	female	locationaa	FAT1_p.Gly3103Ter	1
by_gender	female	locationaa	FAT1_p.Gly3953Val	1
by_gender	female	locationaa	FAT1_p.Ser965Asn	1
by_gender	female	locationaa	FAT2_p.Ala2249Asp	1
by_gender	female	locationaa	FAT2_p.Arg4071His	1
by_gender	female	locationaa	FAT2_p.Arg411Gln	1
by_gender	female	locationaa	FAT2_p.Asp3003Asn	1
by_gender	female	locationaa	FAT2_p.Glu1289Lys	1
by_gender	female	locationaa	FAT2_p.Glu1808Asp	1
by_gender	female	locationaa	FAT2_p.Gly201Ser	1
by_gender	female	locationaa	FAT2_p.Leu1512Val	1
by_gender	female	locationaa	FAT2_p.Thr50Ala	1
by_gender	female	locationaa	FAT3_p.Arg3910His	1
by_gender	female	locationaa	FAT3_p.Asn1191Asp	1
by_gender	female	locationaa	FAT3_p.Asp2542Asn	1
by_gender	female	locationaa	FAT3_p.Gln179Arg	1
by_gender	female	locationaa	FAT4_p.Arg231Trp	1
by_gender	female	locationaa	FAT4_p.Arg2960Ter	1
by_gender	female	locationaa	FAT4_p.Cys4808Tyr	1
by_gender	female	locationaa	FAT4_p.Glu1566Asp	1
by_gender	female	locationaa	FAT4_p.Gly4788Arg	1
by_gender	female	locationaa	FAT4_p.His697Arg	1
by_gender	female	locationaa	FAT4_p.Ile2247Thr	1
by_gender	female	locationaa	FAT4_p.Leu4923Ile	1
by_gender	female	locationaa	FAT4_p.Ser931Ile	1
by_gender	female	locationaa	FAT4_p.Thr1437Ala	1
by_gender	female	locationaa	FAT4_p.Tyr480Cys	1
by_gender	female	locationaa	FAT4_p.Val1663Met	1
by_gender	female	locationaa	FAT4_p.Val2194Ala	1
by_gender	female	locationaa	FAU_p.Ala7Thr	1
by_gender	female	locationaa	FAXC_p.Ala189Val	1
by_gender	female	locationaa	FBH1_p.Ala18Val	1
by_gender	female	locationaa	FBH1_p.Arg172Gln	1
by_gender	female	locationaa	FBLL1_p.Gly162Cys	1
by_gender	female	locationaa	FBLN5_p.Asp288Ala	1
by_gender	female	locationaa	FBLN7_p.Asp395Gly	1
by_gender	female	locationaa	FBL_p.Ala235Asp	1
by_gender	female	locationaa	FBN1_p.Arg1125Gln	1
by_gender	female	locationaa	FBN1_p.Arg1539Gln	1
by_gender	female	locationaa	FBN1_p.Arg344His	1
by_gender	female	locationaa	FBN1_p.Asp1155Asn	1
by_gender	female	locationaa	FBN1_p.Glu2667Lys	1
by_gender	female	locationaa	FBN1_p.Gly2802Asp	1
by_gender	female	locationaa	FBN2_p.Arg2329Ter	1
by_gender	female	locationaa	FBN2_p.Asp2191Asn	1
by_gender	female	locationaa	FBN2_p.Gly1094Arg	1
by_gender	female	locationaa	FBN2_p.Ile111Thr	1
by_gender	female	locationaa	FBN2_p.Thr384Met	1
by_gender	female	locationaa	FBN3_p.Arg2013Gln	1
by_gender	female	locationaa	FBN3_p.Cys1402Tyr	1
by_gender	female	locationaa	FBN3_p.Gln259Ter	1
by_gender	female	locationaa	FBN3_p.Gln2792Ter	1
by_gender	female	locationaa	FBP2_p.Glu309Asp	1
by_gender	female	locationaa	FBXL12_p.Ser202Ile	1
by_gender	female	locationaa	FBXL13_p.Cys392Tyr	1
by_gender	female	locationaa	FBXL17_p.Gly532Glu	1
by_gender	female	locationaa	FBXL18_p.Val678Ile	1
by_gender	female	locationaa	FBXL3_p.Glu19Asp	1
by_gender	female	locationaa	FBXO11_p.Arg185His	1
by_gender	female	locationaa	FBXO11_p.Phe777Leu	1
by_gender	female	locationaa	FBXO15_p.Arg373Cys	1
by_gender	female	locationaa	FBXO15_p.Asn396IlefsTer25	1
by_gender	female	locationaa	FBXO15_p.Gly197Cys	1
by_gender	female	locationaa	FBXO17_p.Val169Ala	1
by_gender	female	locationaa	FBXO21_p.Arg493Cys	1
by_gender	female	locationaa	FBXO24_p.Arg182His	1
by_gender	female	locationaa	FBXO24_p.Arg84His	1
by_gender	female	locationaa	FBXO24_p.Asp190Gly	1
by_gender	female	locationaa	FBXO24_p.Ter581TyrextTer5	1
by_gender	female	locationaa	FBXO25_p.Asp363Asn	1
by_gender	female	locationaa	FBXO27_p.Arg281Cys	1
by_gender	female	locationaa	FBXO31_p.Asp528Asn	1
by_gender	female	locationaa	FBXO31_p.Lys211Thr	1
by_gender	female	locationaa	FBXO34_p.Gly488Asp	1
by_gender	female	locationaa	FBXO38_p.Arg1070Gln	1
by_gender	female	locationaa	FBXO42_p.Ala307Val	1
by_gender	female	locationaa	FBXO42_p.Gly24Arg	1
by_gender	female	locationaa	FBXO43_p.Gln356Ter	1
by_gender	female	locationaa	FBXO45_p.Ala253Thr	1
by_gender	female	locationaa	FBXO45_p.Thr167Ile	1
by_gender	female	locationaa	FBXO47_p.Lys122Asn	1
by_gender	female	locationaa	FBXO5_p.Asp50Gly	1
by_gender	female	locationaa	FBXO7_p.Asp92Tyr	1
by_gender	female	locationaa	FBXO7_p.Ile461Thr	1
by_gender	female	locationaa	FBXO7_p.Ser90Pro	1
by_gender	female	locationaa	FBXW10_p.Gln81Pro	1
by_gender	female	locationaa	FBXW10_p.Glu465Asp	1
by_gender	female	locationaa	FBXW11_p.Gly127Asp	1
by_gender	female	locationaa	FBXW4_p.Ser408Ile	1
by_gender	female	locationaa	FBXW7_p.Gly411Ser	1
by_gender	female	locationaa	FBXW7_p.Phe280Leu	1
by_gender	female	locationaa	FBXW7_p.Ser436LeufsTer63	1
by_gender	female	locationaa	FBXW7_p.Tyr291CysfsTer25	1
by_gender	female	locationaa	FCAR_p.Asn65LysfsTer16	1
by_gender	female	locationaa	FCAR_p.Cys286Tyr	1
by_gender	female	locationaa	FCER1A_p.Gly68Asp	1
by_gender	female	locationaa	FCGBP_p.Ala2286Thr	1
by_gender	female	locationaa	FCGBP_p.Asp3118Gly	1
by_gender	female	locationaa	FCGBP_p.Glu3731Lys	1
by_gender	female	locationaa	FCGBP_p.Glu4079Lys	1
by_gender	female	locationaa	FCGBP_p.His4183Tyr	1
by_gender	female	locationaa	FCGBP_p.Leu2210Ter	1
by_gender	female	locationaa	FCGBP_p.Thr678Ile	1
by_gender	female	locationaa	FCGBP_p.Thr863Ala	1
by_gender	female	locationaa	FCGR1A_p.Leu107Met	1
by_gender	female	locationaa	FCGR2C_p.Arg299Met	1
by_gender	female	locationaa	FCGR2C_p.Thr256Ile	1
by_gender	female	locationaa	FCGR3B_p.Gln112His	1
by_gender	female	locationaa	FCHO1_p.Leu739Met	1
by_gender	female	locationaa	FCHSD2_p.Thr433Ala	1
by_gender	female	locationaa	FCMR_p.Leu29Met	1
by_gender	female	locationaa	FCN1_p.Ala309Val	1
by_gender	female	locationaa	FCN1_p.Arg124Trp	1
by_gender	female	locationaa	FCN2_p.Asp138Asn	1
by_gender	female	locationaa	FCN3_p.Ala210Thr	1
by_gender	female	locationaa	FCRL1_p.Gly329Asp	1
by_gender	female	locationaa	FCRL3_p.Ala482Thr	1
by_gender	female	locationaa	FCRL3_p.Thr234Ile	1
by_gender	female	locationaa	FCRL5_p.Arg225Gln	1
by_gender	female	locationaa	FCRL5_p.Pro590Leu	1
by_gender	female	locationaa	FCRL5_p.Ser800Phe	1
by_gender	female	locationaa	FCRLB_p.Pro175Leu	1
by_gender	female	locationaa	FCSK_p.Asp199Gly	1
by_gender	female	locationaa	FDFT1_p.Phe13Leu	1
by_gender	female	locationaa	FDFT1_p.Val121Met	1
by_gender	female	locationaa	FDX1_p.Thr114Ala	1
by_gender	female	locationaa	FDX2_p.Ala21Asp	1
by_gender	female	locationaa	FEM1A_p.Ala595Thr	1
by_gender	female	locationaa	FEM1A_p.Tyr395Cys	1
by_gender	female	locationaa	FER1L6_p.Arg1798His	1
by_gender	female	locationaa	FERMT1_p.Gln291Glu	1
by_gender	female	locationaa	FERMT1_p.Lys154Gln	1
by_gender	female	locationaa	FERMT3_p.Ala126Val	1
by_gender	female	locationaa	FERMT3_p.Ser468Ile	1
by_gender	female	locationaa	FER_p.Ala687Val	1
by_gender	female	locationaa	FER_p.Gln119His	1
by_gender	female	locationaa	FER_p.Glu517Lys	1
by_gender	female	locationaa	FER_p.Pro729Leu	1
by_gender	female	locationaa	FER_p.Ser437Ala	1
by_gender	female	locationaa	FETUB_p.Gly59Arg	1
by_gender	female	locationaa	FEZF1_p.Ile71Val	1
by_gender	female	locationaa	FEZF1_p.Lys87Arg	1
by_gender	female	locationaa	FFAR3_p.Arg292Lys	1
by_gender	female	locationaa	FGA_p.Gly646Asp	1
by_gender	female	locationaa	FGA_p.Pro395Ser	1
by_gender	female	locationaa	FGA_p.Val140Ile	1
by_gender	female	locationaa	FGB_p.Lys313Asn	1
by_gender	female	locationaa	FGB_p.Pro90Thr	1
by_gender	female	locationaa	FGD1_p.Val823Ala	1
by_gender	female	locationaa	FGD2_p.Arg332His	1
by_gender	female	locationaa	FGD4_p.Arg558Ter	1
by_gender	female	locationaa	FGD4_p.Leu452Met	1
by_gender	female	locationaa	FGD4_p.Pro487Thr	1
by_gender	female	locationaa	FGD6_p.Ala745Val	1
by_gender	female	locationaa	FGF12_p.Arg171Gln	1
by_gender	female	locationaa	FGF14_p.Arg62Trp	1
by_gender	female	locationaa	FGF14_p.Asn36His	1
by_gender	female	locationaa	FGF23_p.Gln67His	1
by_gender	female	locationaa	FGF2_p.Arg239Ter	1
by_gender	female	locationaa	FGFR1OP2_p.Ala189Ser	1
by_gender	female	locationaa	FGFR4_p.Arg171Cys	1
by_gender	female	locationaa	FGFRL1_p.Arg426His	1
by_gender	female	locationaa	FGGY_p.Pro475Leu	1
by_gender	female	locationaa	FGG_p.Thr400Pro	1
by_gender	female	locationaa	FGL1_p.Arg231Ser	1
by_gender	female	locationaa	FGL2_p.Leu330Ter	1
by_gender	female	locationaa	FGR_p.Tyr488His	1
by_gender	female	locationaa	FHDC1_p.Ala1118Asp	1
by_gender	female	locationaa	FHDC1_p.Arg946Trp	1
by_gender	female	locationaa	FHDC1_p.Gly689Asp	1
by_gender	female	locationaa	FHL2_p.Gly230Glu	1
by_gender	female	locationaa	FHOD3_p.Ala985Thr	1
by_gender	female	locationaa	FHOD3_p.Arg355Trp	1
by_gender	female	locationaa	FHOD3_p.Gly85Asp	1
by_gender	female	locationaa	FHOD3_p.Ser387Asn	1
by_gender	female	locationaa	FH_p.Gln108Arg	1
by_gender	female	locationaa	FIG4_p.Asp688Ala	1
by_gender	female	locationaa	FIGN_p.Asp353Asn	1
by_gender	female	locationaa	FIGN_p.Leu468Phe	1
by_gender	female	locationaa	FILIP1L_p.Ala1073Thr	1
by_gender	female	locationaa	FILIP1L_p.Thr907Ile	1
by_gender	female	locationaa	FILIP1_p.Ala367Val	1
by_gender	female	locationaa	FILIP1_p.His128Tyr	1
by_gender	female	locationaa	FILIP1_p.Leu863Phe	1
by_gender	female	locationaa	FILIP1_p.Ser836Asn	1
by_gender	female	locationaa	FILIP1_p.Thr1011Met	1
by_gender	female	locationaa	FIP1L1_p.Gly63Ala	1
by_gender	female	locationaa	FIP1L1_p.Lys254Gln	1
by_gender	female	locationaa	FIP1L1_p.Ser492Ile	1
by_gender	female	locationaa	FITM2_p.Ser250Ile	1
by_gender	female	locationaa	FKBP10_p.Gly472Cys	1
by_gender	female	locationaa	FKBP10_p.Leu537Ile	1
by_gender	female	locationaa	FKBP15_p.Ala193Thr	1
by_gender	female	locationaa	FKBP15_p.Asp1214Asn	1
by_gender	female	locationaa	FKBP1A_p.Ser78Tyr	1
by_gender	female	locationaa	FKBP6_p.Ala245Asp	1
by_gender	female	locationaa	FLCN_p.Arg17His	1
by_gender	female	locationaa	FLG2_p.His1681Tyr	1
by_gender	female	locationaa	FLG2_p.His2234Arg	1
by_gender	female	locationaa	FLG2_p.Ser227Tyr	1
by_gender	female	locationaa	FLG2_p.Val88Ile	1
by_gender	female	locationaa	FLG_p.Arg3373His	1
by_gender	female	locationaa	FLG_p.Arg517Cys	1
by_gender	female	locationaa	FLG_p.Asp2784Gly	1
by_gender	female	locationaa	FLG_p.Glu1808Gly	1
by_gender	female	locationaa	FLG_p.Glu3259Lys	1
by_gender	female	locationaa	FLG_p.His1816Arg	1
by_gender	female	locationaa	FLG_p.Ser3460_His3463del	1
by_gender	female	locationaa	FLG_p.Val3198Gly	1
by_gender	female	locationaa	FLII_p.Asp932Gly	1
by_gender	female	locationaa	FLII_p.Gly1043Asp	1
by_gender	female	locationaa	FLNA_p.Ala1160Ser	1
by_gender	female	locationaa	FLNA_p.Gly1384Cys	1
by_gender	female	locationaa	FLNA_p.Gly881Ser	1
by_gender	female	locationaa	FLNA_p.Lys2289Asn	1
by_gender	female	locationaa	FLNA_p.Phe611Ser	1
by_gender	female	locationaa	FLNA_p.Thr1978Lys	1
by_gender	female	locationaa	FLNA_p.Tyr1712Cys	1
by_gender	female	locationaa	FLNB_p.Cys1952Ter	1
by_gender	female	locationaa	FLNB_p.Glu1033Lys	1
by_gender	female	locationaa	FLNC_p.Ala2273Thr	1
by_gender	female	locationaa	FLNC_p.Ala2430Val	1
by_gender	female	locationaa	FLNC_p.Arg441Ser	1
by_gender	female	locationaa	FLNC_p.Arg558His	1
by_gender	female	locationaa	FLNC_p.Glu48Lys	1
by_gender	female	locationaa	FLNC_p.Ser2428Pro	1
by_gender	female	locationaa	FLNC_p.Tyr281Cys	1
by_gender	female	locationaa	FLOT1_p.Ala69Val	1
by_gender	female	locationaa	FLOT2_p.Ala332Val	1
by_gender	female	locationaa	FLRT1_p.Gln248Ter	1
by_gender	female	locationaa	FLRT1_p.Leu35Met	1
by_gender	female	locationaa	FLRT1_p.Pro126Ser	1
by_gender	female	locationaa	FLRT2_p.Leu542Met	1
by_gender	female	locationaa	FLRT2_p.Pro485Ser	1
by_gender	female	locationaa	FLRT2_p.Ser236Leu	1
by_gender	female	locationaa	FLRT3_p.Asn213Thr	1
by_gender	female	locationaa	FLRT3_p.Gln69Arg	1
by_gender	female	locationaa	FLT1_p.Arg508Cys	1
by_gender	female	locationaa	FLT1_p.Ile908Ser	1
by_gender	female	locationaa	FLT1_p.Ser605Asn	1
by_gender	female	locationaa	FLT3_p.Leu678Met	1
by_gender	female	locationaa	FLT3_p.Pro532Ser	1
by_gender	female	locationaa	FLT4_p.Ala118Val	1
by_gender	female	locationaa	FLT4_p.Ala1206Thr	1
by_gender	female	locationaa	FLT4_p.Arg189Trp	1
by_gender	female	locationaa	FLT4_p.Leu234Met	1
by_gender	female	locationaa	FLVCR1_p.Thr203Ile	1
by_gender	female	locationaa	FLYWCH1_p.Ala308Val	1
by_gender	female	locationaa	FMN1_p.Arg778Ter	1
by_gender	female	locationaa	FMN1_p.Ser1291Tyr	1
by_gender	female	locationaa	FMN2_p.Ala393Thr	1
by_gender	female	locationaa	FMN2_p.Arg442Lys	1
by_gender	female	locationaa	FMNL1_p.Glu138Gly	1
by_gender	female	locationaa	FMNL3_p.Glu127Lys	1
by_gender	female	locationaa	FMO1_p.Arg494Ter	1
by_gender	female	locationaa	FMO5_p.Pro364Leu	1
by_gender	female	locationaa	FMOD_p.Asn283Asp	1
by_gender	female	locationaa	FMR1NB_p.Arg58Trp	1
by_gender	female	locationaa	FMR1_p.Ala516Asp	1
by_gender	female	locationaa	FMR1_p.Arg454His	1
by_gender	female	locationaa	FN1_p.Gln1615Glu	1
by_gender	female	locationaa	FN1_p.Gly1932Asp	1
by_gender	female	locationaa	FN1_p.Gly266Ter	1
by_gender	female	locationaa	FN1_p.Thr667Ile	1
by_gender	female	locationaa	FNBP1L_p.Ala234Asp	1
by_gender	female	locationaa	FNDC11_p.Arg187Cys	1
by_gender	female	locationaa	FNDC1_p.Asp265Asn	1
by_gender	female	locationaa	FNDC1_p.Gly1018Arg	1
by_gender	female	locationaa	FNDC1_p.Lys253Asn	1
by_gender	female	locationaa	FNDC1_p.Thr361Ile	1
by_gender	female	locationaa	FNDC1_p.Val299Ala	1
by_gender	female	locationaa	FNDC3A_p.Pro339Gln	1
by_gender	female	locationaa	FNDC8_p.Thr150Ala	1
by_gender	female	locationaa	FNIP1_p.Glu68Asp	1
by_gender	female	locationaa	FNIP1_p.Lys91Glu	1
by_gender	female	locationaa	FNIP2_p.Val757Ala	1
by_gender	female	locationaa	FNTA_p.Arg115Gln	1
by_gender	female	locationaa	FNTA_p.Arg357Lys	1
by_gender	female	locationaa	FOCAD_p.Ala1509Asp	1
by_gender	female	locationaa	FOCAD_p.Leu468Phe	1
by_gender	female	locationaa	FOLH1_p.Leu306Ile	1
by_gender	female	locationaa	FOLH1_p.Ser626Ile	1
by_gender	female	locationaa	FOLR1_p.Ala173Thr	1
by_gender	female	locationaa	FOLR3_p.Ala187Thr	1
by_gender	female	locationaa	FOLR3_p.Ala230Val	1
by_gender	female	locationaa	FOSL2_p.Lys222Asn	1
by_gender	female	locationaa	FOXA1_p.Thr52Ile	1
by_gender	female	locationaa	FOXA3_p.Gly328Arg	1
by_gender	female	locationaa	FOXB1_p.Ala133Val	1
by_gender	female	locationaa	FOXB2_p.Ala30Thr	1
by_gender	female	locationaa	FOXB2_p.Arg56Cys	1
by_gender	female	locationaa	FOXB2_p.Pro169Ser	1
by_gender	female	locationaa	FOXC1_p.Tyr105His	1
by_gender	female	locationaa	FOXC2_p.Gly97Asp	1
by_gender	female	locationaa	FOXC2_p.Pro67His	1
by_gender	female	locationaa	FOXD4L1_p.Gly320Arg	1
by_gender	female	locationaa	FOXD4L4_p.Arg199Trp	1
by_gender	female	locationaa	FOXD4_p.Arg228His	1
by_gender	female	locationaa	FOXE1_p.Ala360Val	1
by_gender	female	locationaa	FOXG1_p.Ala382Thr	1
by_gender	female	locationaa	FOXG1_p.Asp6Asn	1
by_gender	female	locationaa	FOXG1_p.Pro452Leu	1
by_gender	female	locationaa	FOXI1_p.Leu102Phe	1
by_gender	female	locationaa	FOXJ2_p.Asp571His	1
by_gender	female	locationaa	FOXJ2_p.Gly527Asp	1
by_gender	female	locationaa	FOXJ3_p.Thr100Asn	1
by_gender	female	locationaa	FOXL2NB_p.Ala166Val	1
by_gender	female	locationaa	FOXL2NB_p.Arg100His	1
by_gender	female	locationaa	FOXN4_p.Ala331Thr	1
by_gender	female	locationaa	FOXO3_p.Arg298Cys	1
by_gender	female	locationaa	FOXO3_p.Leu423Met	1
by_gender	female	locationaa	FOXO3_p.Ser209Phe	1
by_gender	female	locationaa	FOXP1_p.Leu197Met	1
by_gender	female	locationaa	FOXP2_p.Arg476Ter	1
by_gender	female	locationaa	FOXP3_p.Arg114Gln	1
by_gender	female	locationaa	FOXQ1_p.Leu149Phe	1
by_gender	female	locationaa	FOXS1_p.Ala136Val	1
by_gender	female	locationaa	FOXS1_p.Ala217Glu	1
by_gender	female	locationaa	FPGS_p.Ala512Thr	1
by_gender	female	locationaa	FPGS_p.Thr568Ile	1
by_gender	female	locationaa	FPGT-TNNI3K_p.Ala45Thr	1
by_gender	female	locationaa	FPGT-TNNI3K_p.Glu576Ter	1
by_gender	female	locationaa	FPR1_p.Phe80Leu	1
by_gender	female	locationaa	FPR3_p.Arg123His	1
by_gender	female	locationaa	FRAS1_p.Arg3099Ter	1
by_gender	female	locationaa	FRAS1_p.Asp3859Asn	1
by_gender	female	locationaa	FRAS1_p.Gln2879Ter	1
by_gender	female	locationaa	FRAS1_p.Phe3111Leu	1
by_gender	female	locationaa	FREM1_p.Asp362Tyr	1
by_gender	female	locationaa	FREM1_p.Asp590Tyr	1
by_gender	female	locationaa	FREM1_p.Glu1985Ter	1
by_gender	female	locationaa	FREM2_p.Ala1129Thr	1
by_gender	female	locationaa	FREM2_p.Arg443Gln	1
by_gender	female	locationaa	FREM2_p.Arg535His	1
by_gender	female	locationaa	FREM2_p.Glu285Asp	1
by_gender	female	locationaa	FREM2_p.Phe1198Cys	1
by_gender	female	locationaa	FREM2_p.Pro465Leu	1
by_gender	female	locationaa	FREM2_p.Val1893Ile	1
by_gender	female	locationaa	FRG2B_p.Ala232Asp	1
by_gender	female	locationaa	FRG2C_p.Glu31Asp	1
by_gender	female	locationaa	FRG2C_p.Ser179Phe	1
by_gender	female	locationaa	FRMD3_p.Pro523Gln	1
by_gender	female	locationaa	FRMD3_p.Ser552Leu	1
by_gender	female	locationaa	FRMD4A_p.Pro761Leu	1
by_gender	female	locationaa	FRMD4A_p.Val282Ala	1
by_gender	female	locationaa	FRMD4B_p.Ala933Glu	1
by_gender	female	locationaa	FRMD5_p.Arg61Cys	1
by_gender	female	locationaa	FRMD5_p.Phe227Val	1
by_gender	female	locationaa	FRMD6_p.Leu76Phe	1
by_gender	female	locationaa	FRMD7_p.Ala119Thr	1
by_gender	female	locationaa	FRMD7_p.Lys466Gln	1
by_gender	female	locationaa	FRMD8_p.Ala374Val	1
by_gender	female	locationaa	FRMD8_p.Ala71Thr	1
by_gender	female	locationaa	FRMPD1_p.Asp118Asn	1
by_gender	female	locationaa	FRMPD1_p.Asp865Asn	1
by_gender	female	locationaa	FRMPD1_p.Gly1183Ter	1
by_gender	female	locationaa	FRMPD1_p.Gly978Asp	1
by_gender	female	locationaa	FRMPD1_p.Tyr413Cys	1
by_gender	female	locationaa	FRMPD2_p.Ala1185Ser	1
by_gender	female	locationaa	FRMPD3_p.Arg12Ser	1
by_gender	female	locationaa	FRMPD4_p.Ala827Thr	1
by_gender	female	locationaa	FRMPD4_p.Phe51Ser	1
by_gender	female	locationaa	FRS3_p.Pro369Leu	1
by_gender	female	locationaa	FRYL_p.Ala895Val	1
by_gender	female	locationaa	FRYL_p.Arg2833Ter	1
by_gender	female	locationaa	FRYL_p.Gln338His	1
by_gender	female	locationaa	FRYL_p.Ile2905Met	1
by_gender	female	locationaa	FRYL_p.Val2779Asp	1
by_gender	female	locationaa	FRY_p.Arg731Ter	1
by_gender	female	locationaa	FRY_p.Leu1471Ile	1
by_gender	female	locationaa	FRY_p.Met1097Val	1
by_gender	female	locationaa	FRY_p.Ser684Leu	1
by_gender	female	locationaa	FRZB_p.Arg288His	1
by_gender	female	locationaa	FSCB_p.Ala410Thr	1
by_gender	female	locationaa	FSCB_p.Asp796Asn	1
by_gender	female	locationaa	FSCN1_p.Glu454Lys	1
by_gender	female	locationaa	FSCN3_p.Arg356His	1
by_gender	female	locationaa	FSCN3_p.Phe198Leu	1
by_gender	female	locationaa	FSD2_p.Ser373Tyr	1
by_gender	female	locationaa	FSHB_p.Gly83Ser	1
by_gender	female	locationaa	FSIP1_p.Gln316His	1
by_gender	female	locationaa	FSIP2_p.Ala6612Val	1
by_gender	female	locationaa	FSIP2_p.Asn5683Asp	1
by_gender	female	locationaa	FSIP2_p.Glu6181Ter	1
by_gender	female	locationaa	FSIP2_p.Gly5942Glu	1
by_gender	female	locationaa	FSIP2_p.Pro5892His	1
by_gender	female	locationaa	FSTL3_p.Arg238Cys	1
by_gender	female	locationaa	FSTL5_p.Gly804Ser	1
by_gender	female	locationaa	FTCD_p.Asp161Asn	1
by_gender	female	locationaa	FTCD_p.Asp534Val	1
by_gender	female	locationaa	FTHL17_p.Tyr35His	1
by_gender	female	locationaa	FTHL17_p.Val153Met	1
by_gender	female	locationaa	FTMT_p.Ala51Thr	1
by_gender	female	locationaa	FTMT_p.Ala52Thr	1
by_gender	female	locationaa	FTMT_p.Gln150Ter	1
by_gender	female	locationaa	FTO_p.Arg473Trp	1
by_gender	female	locationaa	FTSJ1_p.Leu136Phe	1
by_gender	female	locationaa	FTSJ1_p.Ser242Ile	1
by_gender	female	locationaa	FTSJ3_p.Gly806Ser	1
by_gender	female	locationaa	FTSJ3_p.Ser70Ile	1
by_gender	female	locationaa	FTSJ3_p.Trp126Leu	1
by_gender	female	locationaa	FUBP3_p.Gly349Arg	1
by_gender	female	locationaa	FUT4_p.Asp420Tyr	1
by_gender	female	locationaa	FUT6_p.Arg96His	1
by_gender	female	locationaa	FXR1_p.Arg111Ter	1
by_gender	female	locationaa	FXR2_p.Ser500Leu	1
by_gender	female	locationaa	FYCO1_p.Arg355Gln	1
by_gender	female	locationaa	FYCO1_p.Gln931Arg	1
by_gender	female	locationaa	FYCO1_p.Ser774Pro	1
by_gender	female	locationaa	FZD10_p.Ala393Thr	1
by_gender	female	locationaa	FZD10_p.Gln67Arg	1
by_gender	female	locationaa	FZD1_p.Ala590Val	1
by_gender	female	locationaa	FZD1_p.Gly372Ser	1
by_gender	female	locationaa	FZD1_p.Gly502Asp	1
by_gender	female	locationaa	FZD1_p.Leu611Met	1
by_gender	female	locationaa	FZD1_p.Ser424Pro	1
by_gender	female	locationaa	FZD2_p.Asp231Asn	1
by_gender	female	locationaa	FZD3_p.Ala242Val	1
by_gender	female	locationaa	FZD3_p.Asp355Asn	1
by_gender	female	locationaa	FZD6_p.Gly682ArgfsTer50	1
by_gender	female	locationaa	FZD9_p.Cys388Ter	1
by_gender	female	locationaa	FZD9_p.Leu336Phe	1
by_gender	female	locationaa	G2E3_p.Thr677Ile	1
by_gender	female	locationaa	G3BP1_p.Arg13Trp	1
by_gender	female	locationaa	G3BP1_p.Gly404Cys	1
by_gender	female	locationaa	G3BP2_p.Arg78Cys	1
by_gender	female	locationaa	G6PC2_p.Arg20Gln	1
by_gender	female	locationaa	G6PC3_p.Leu287Arg	1
by_gender	female	locationaa	GAA_p.Ala586Val	1
by_gender	female	locationaa	GAB2_p.Ala604Val	1
by_gender	female	locationaa	GAB2_p.Arg399Ter	1
by_gender	female	locationaa	GAB3_p.Gly401Val	1
by_gender	female	locationaa	GAB3_p.Ser388Asn	1
by_gender	female	locationaa	GAB4_p.Arg92His	1
by_gender	female	locationaa	GABARAPL1_p.Tyr115His	1
by_gender	female	locationaa	GABARAPL2_p.Pro26Leu	1
by_gender	female	locationaa	GABBR2_p.Asp165Asn	1
by_gender	female	locationaa	GABPA_p.Phe399Cys	1
by_gender	female	locationaa	GABPA_p.Pro300Leu	1
by_gender	female	locationaa	GABRA4_p.Pro215Leu	1
by_gender	female	locationaa	GABRA4_p.Pro452Leu	1
by_gender	female	locationaa	GABRA4_p.Thr125Met	1
by_gender	female	locationaa	GABRA4_p.Thr380Ile	1
by_gender	female	locationaa	GABRA5_p.Arg110Gln	1
by_gender	female	locationaa	GABRA5_p.Arg255Met	1
by_gender	female	locationaa	GABRA5_p.Ser26Gly	1
by_gender	female	locationaa	GABRA5_p.Trp322Ter	1
by_gender	female	locationaa	GABRB1_p.Pro119Ser	1
by_gender	female	locationaa	GABRB3_p.Asp120Asn	1
by_gender	female	locationaa	GABRB3_p.Lys128Met	1
by_gender	female	locationaa	GABRB3_p.Phe331Leu	1
by_gender	female	locationaa	GABRB3_p.Ser71Ile	1
by_gender	female	locationaa	GABRE_p.Thr321Ile	1
by_gender	female	locationaa	GABRG3_p.Ala141Thr	1
by_gender	female	locationaa	GABRQ_p.Ala404Val	1
by_gender	female	locationaa	GABRQ_p.Phe214Val	1
by_gender	female	locationaa	GABRR3_p.Arg293Gln	1
by_gender	female	locationaa	GABRR3_p.Arg57Trp	1
by_gender	female	locationaa	GABRR3_p.Gly367Ter	1
by_gender	female	locationaa	GAD1_p.Gln71Ter	1
by_gender	female	locationaa	GAD1_p.Leu24Met	1
by_gender	female	locationaa	GAD1_p.Phe268Leu	1
by_gender	female	locationaa	GAD2_p.Ala334Val	1
by_gender	female	locationaa	GAD2_p.Ser389Tyr	1
by_gender	female	locationaa	GAK_p.Ala1110Val	1
by_gender	female	locationaa	GAK_p.Ala267Val	1
by_gender	female	locationaa	GAK_p.Arg439Trp	1
by_gender	female	locationaa	GAK_p.His1000Tyr	1
by_gender	female	locationaa	GAK_p.Met618Thr	1
by_gender	female	locationaa	GAL3ST1_p.Pro179Leu	1
by_gender	female	locationaa	GALC_p.Arg531His	1
by_gender	female	locationaa	GALNT10_p.Ser137Asn	1
by_gender	female	locationaa	GALNT13_p.Arg286Lys	1
by_gender	female	locationaa	GALNT15_p.Cys403Trp	1
by_gender	female	locationaa	GALNT18_p.Arg307His	1
by_gender	female	locationaa	GALNT18_p.Val417Ile	1
by_gender	female	locationaa	GALNT1_p.Ala12Ser	1
by_gender	female	locationaa	GALNT5_p.Ser275Asn	1
by_gender	female	locationaa	GALNT6_p.Arg430Cys	1
by_gender	female	locationaa	GALNT7_p.Asp494Asn	1
by_gender	female	locationaa	GALNT9_p.Glu569Lys	1
by_gender	female	locationaa	GALNTL5_p.Glu92Ter	1
by_gender	female	locationaa	GALNTL6_p.Arg404Trp	1
by_gender	female	locationaa	GALR1_p.Arg142Cys	1
by_gender	female	locationaa	GALR1_p.Leu146Ile	1
by_gender	female	locationaa	GALR2_p.Leu239Ile	1
by_gender	female	locationaa	GANAB_p.Lys237Asn	1
by_gender	female	locationaa	GANAB_p.Ser916Pro	1
by_gender	female	locationaa	GANC_p.Glu627Lys	1
by_gender	female	locationaa	GAN_p.Ala291Val	1
by_gender	female	locationaa	GAN_p.Ser492Pro	1
by_gender	female	locationaa	GAN_p.Thr70Ala	1
by_gender	female	locationaa	GAP43_p.Glu79Lys	1
by_gender	female	locationaa	GAPDHS_p.Pro107Gln	1
by_gender	female	locationaa	GAPT_p.Ser51Asn	1
by_gender	female	locationaa	GAPVD1_p.Arg927Ter	1
by_gender	female	locationaa	GAPVD1_p.Asp1475Asn	1
by_gender	female	locationaa	GAPVD1_p.Gly958Ter	1
by_gender	female	locationaa	GAREM1_p.Asn50MetfsTer5	1
by_gender	female	locationaa	GAREM1_p.Glu241Lys	1
by_gender	female	locationaa	GARRE1_p.Ala702Ser	1
by_gender	female	locationaa	GARRE1_p.Ala707Val	1
by_gender	female	locationaa	GARS1_p.Arg428His	1
by_gender	female	locationaa	GARS1_p.Glu186Lys	1
by_gender	female	locationaa	GARS1_p.Glu524Lys	1
by_gender	female	locationaa	GARS1_p.Leu105Met	1
by_gender	female	locationaa	GAS2L1_p.Arg519Trp	1
by_gender	female	locationaa	GAS2L1_p.Pro673Leu	1
by_gender	female	locationaa	GAS2L2_p.Arg344Cys	1
by_gender	female	locationaa	GAS2L2_p.Thr425Ser	1
by_gender	female	locationaa	GAS2L3_p.Arg231Gln	1
by_gender	female	locationaa	GAS2L3_p.Lys291Gln	1
by_gender	female	locationaa	GAS2L3_p.Thr311Pro	1
by_gender	female	locationaa	GAS2_p.Arg10Cys	1
by_gender	female	locationaa	GAS2_p.Arg225Trp	1
by_gender	female	locationaa	GAS2_p.Ser133Leu	1
by_gender	female	locationaa	GAS6_p.Ala404Val	1
by_gender	female	locationaa	GAS6_p.Thr461Met	1
by_gender	female	locationaa	GAS6_p.Val510Met	1
by_gender	female	locationaa	GAS7_p.Asp434Gly	1
by_gender	female	locationaa	GAS7_p.Glu72ArgfsTer31	1
by_gender	female	locationaa	GAS7_p.Phe292Leu	1
by_gender	female	locationaa	GAS7_p.Ser88Leu	1
by_gender	female	locationaa	GAS8_p.Ala471Thr	1
by_gender	female	locationaa	GASK1B_p.Ser296Ile	1
by_gender	female	locationaa	GAST_p.Asp91Tyr	1
by_gender	female	locationaa	GATA2_p.Ala430Glu	1
by_gender	female	locationaa	GATA4_p.Asp210Asn	1
by_gender	female	locationaa	GATAD2A_p.Ala342Thr	1
by_gender	female	locationaa	GATAD2B_p.Glu177Ala	1
by_gender	female	locationaa	GATAD2B_p.Pro279Leu	1
by_gender	female	locationaa	GBA2_p.Arg514His	1
by_gender	female	locationaa	GBA2_p.Thr334Met	1
by_gender	female	locationaa	GBA3_p.Ala242Asp	1
by_gender	female	locationaa	GBA3_p.Thr88Met	1
by_gender	female	locationaa	GBE1_p.Ala491Val	1
by_gender	female	locationaa	GBE1_p.Arg30Gly	1
by_gender	female	locationaa	GBE1_p.Val165Ile	1
by_gender	female	locationaa	GBF1_p.Glu517Gly	1
by_gender	female	locationaa	GBP1_p.Asp108Asn	1
by_gender	female	locationaa	GBP2_p.Ala486Val	1
by_gender	female	locationaa	GBP4_p.Ala341Val	1
by_gender	female	locationaa	GBP4_p.Ser481Leu	1
by_gender	female	locationaa	GBP5_p.Leu537Met	1
by_gender	female	locationaa	GBX1_p.Glu181Asp	1
by_gender	female	locationaa	GBX2_p.Ala99Thr	1
by_gender	female	locationaa	GBX2_p.Gln171His	1
by_gender	female	locationaa	GCC1_p.Asp461Tyr	1
by_gender	female	locationaa	GCC1_p.Lys252Thr	1
by_gender	female	locationaa	GCDH_p.Ser139Leu	1
by_gender	female	locationaa	GCDH_p.Ser368Tyr	1
by_gender	female	locationaa	GCFC2_p.Val549SerfsTer42	1
by_gender	female	locationaa	GCH1_p.Ala169Val	1
by_gender	female	locationaa	GCHFR_p.Pro52His	1
by_gender	female	locationaa	GCKR_p.Thr417Arg	1
by_gender	female	locationaa	GCK_p.Val277Met	1
by_gender	female	locationaa	GCM1_p.Arg166Ile	1
by_gender	female	locationaa	GCM1_p.Ser8Tyr	1
by_gender	female	locationaa	GCM2_p.Arg67His	1
by_gender	female	locationaa	GCM2_p.Thr88Ile	1
by_gender	female	locationaa	GCN1_p.Arg794Gln	1
by_gender	female	locationaa	GCN1_p.Gly603Ter	1
by_gender	female	locationaa	GCNA_p.Pro424Ser	1
by_gender	female	locationaa	GCNT2_p.Asp194Tyr	1
by_gender	female	locationaa	GCOM1_p.Arg130Ter	1
by_gender	female	locationaa	GCSAML_p.Glu126Asp	1
by_gender	female	locationaa	GDAP1L1_p.Val326Asp	1
by_gender	female	locationaa	GDAP2_p.Arg108Ter	1
by_gender	female	locationaa	GDAP2_p.Arg43Ter	1
by_gender	female	locationaa	GDAP2_p.Thr214Ala	1
by_gender	female	locationaa	GDF11_p.Asp263His	1
by_gender	female	locationaa	GDF5_p.Gly102Ser	1
by_gender	female	locationaa	GDF6_p.Thr405Met	1
by_gender	female	locationaa	GDF7_p.Ala430Thr	1
by_gender	female	locationaa	GDF9_p.Tyr342Cys	1
by_gender	female	locationaa	GDI2_p.Asp313Asn	1
by_gender	female	locationaa	GDI2_p.Tyr286Cys	1
by_gender	female	locationaa	GDPD3_p.Ala314Asp	1
by_gender	female	locationaa	GDPD4_p.Ser262Phe	1
by_gender	female	locationaa	GDPD4_p.Val127Met	1
by_gender	female	locationaa	GDPD5_p.Ala379Asp	1
by_gender	female	locationaa	GDPD5_p.Leu345Ile	1
by_gender	female	locationaa	GDPGP1_p.Arg310Gln	1
by_gender	female	locationaa	GEMIN4_p.Ala251Val	1
by_gender	female	locationaa	GEMIN4_p.Asp350Asn	1
by_gender	female	locationaa	GEMIN4_p.Pro1044Ser	1
by_gender	female	locationaa	GEMIN8_p.Ser64Arg	1
by_gender	female	locationaa	GEN1_p.Arg406Ter	1
by_gender	female	locationaa	GFAP_p.Arg88His	1
by_gender	female	locationaa	GFAP_p.Gly32Ser	1
by_gender	female	locationaa	GFI1B_p.Asp151Glu	1
by_gender	female	locationaa	GFM2_p.Gly558Arg	1
by_gender	female	locationaa	GFOD1_p.Arg324His	1
by_gender	female	locationaa	GFPT1_p.Ser695Tyr	1
by_gender	female	locationaa	GFPT2_p.Ile42Met	1
by_gender	female	locationaa	GFPT2_p.Phe132Val	1
by_gender	female	locationaa	GFRA1_p.Arg190His	1
by_gender	female	locationaa	GFRA1_p.Arg259His	1
by_gender	female	locationaa	GFRA2_p.Pro239Ser	1
by_gender	female	locationaa	GFRA2_p.Thr381Met	1
by_gender	female	locationaa	GFRA3_p.Glu373Asp	1
by_gender	female	locationaa	GFRAL_p.Ala211Val	1
by_gender	female	locationaa	GGA1_p.Glu209Asp	1
by_gender	female	locationaa	GGA3_p.Ala699Thr	1
by_gender	female	locationaa	GGA3_p.Leu156Met	1
by_gender	female	locationaa	GGCX_p.Arg406Cys	1
by_gender	female	locationaa	GGH_p.Ile316Met	1
by_gender	female	locationaa	GGNBP2_p.Ser144Phe	1
by_gender	female	locationaa	GGT1_p.Tyr487His	1
by_gender	female	locationaa	GGT5_p.Arg368Trp	1
by_gender	female	locationaa	GGT5_p.Gly387Ser	1
by_gender	female	locationaa	GGTLC2_p.Val115Met	1
by_gender	female	locationaa	GHDC_p.Gln121Lys	1
by_gender	female	locationaa	GHRHR_p.Arg357His	1
by_gender	female	locationaa	GHR_p.Phe141Leu	1
by_gender	female	locationaa	GIGYF1_p.Arg147Ter	1
by_gender	female	locationaa	GIGYF1_p.Gly178Asp	1
by_gender	female	locationaa	GIMAP1_p.Glu202Lys	1
by_gender	female	locationaa	GIMAP1_p.Thr169Pro	1
by_gender	female	locationaa	GIMAP5_p.Tyr269Cys	1
by_gender	female	locationaa	GIMAP8_p.Glu611Lys	1
by_gender	female	locationaa	GINS2_p.Pro108Leu	1
by_gender	female	locationaa	GINS3_p.Gly144Arg	1
by_gender	female	locationaa	GIT1_p.Phe116Val	1
by_gender	female	locationaa	GIT2_p.Ser490Pro	1
by_gender	female	locationaa	GJA4_p.Ser303Phe	1
by_gender	female	locationaa	GJA8_p.Ala256Val	1
by_gender	female	locationaa	GJA8_p.Ile155Thr	1
by_gender	female	locationaa	GJB6_p.Gly11Arg	1
by_gender	female	locationaa	GJC1_p.Ala183Ser	1
by_gender	female	locationaa	GJC2_p.Arg59Gln	1
by_gender	female	locationaa	GJC2_p.Lys25Asn	1
by_gender	female	locationaa	GJD4_p.Ala101Thr	1
by_gender	female	locationaa	GK2_p.Arg204Met	1
by_gender	female	locationaa	GK2_p.Pro11Leu	1
by_gender	female	locationaa	GK2_p.Val190Ile	1
by_gender	female	locationaa	GLB1L2_p.Glu297Asp	1
by_gender	female	locationaa	GLB1L2_p.Gly580Asp	1
by_gender	female	locationaa	GLB1L3_p.Gly541Asp	1
by_gender	female	locationaa	GLB1L_p.Ala110Asp	1
by_gender	female	locationaa	GLB1L_p.Ile635Val	1
by_gender	female	locationaa	GLB1L_p.Pro532His	1
by_gender	female	locationaa	GLB1L_p.Thr234Pro	1
by_gender	female	locationaa	GLB1_p.Val185Phe	1
by_gender	female	locationaa	GLCCI1_p.Ser165Asn	1
by_gender	female	locationaa	GLCE_p.Gln216Pro	1
by_gender	female	locationaa	GLDC_p.Val476Ala	1
by_gender	female	locationaa	GLDN_p.Gly343Val	1
by_gender	female	locationaa	GLDN_p.Leu448Ile	1
by_gender	female	locationaa	GLE1_p.Ser117Tyr	1
by_gender	female	locationaa	GLG1_p.Arg470Ter	1
by_gender	female	locationaa	GLI1_p.Ala575Val	1
by_gender	female	locationaa	GLI1_p.Arg218Trp	1
by_gender	female	locationaa	GLI1_p.Arg280Met	1
by_gender	female	locationaa	GLI1_p.Cys242Tyr	1
by_gender	female	locationaa	GLI2_p.Arg565Trp	1
by_gender	female	locationaa	GLI3_p.Ala1190Thr	1
by_gender	female	locationaa	GLI3_p.Arg1182Trp	1
by_gender	female	locationaa	GLI3_p.Arg989Trp	1
by_gender	female	locationaa	GLI3_p.Cys1249Gly	1
by_gender	female	locationaa	GLI3_p.Leu1027Ile	1
by_gender	female	locationaa	GLI3_p.Ser521Ter	1
by_gender	female	locationaa	GLIPR1_p.Trp117Ter	1
by_gender	female	locationaa	GLIS2_p.Arg72His	1
by_gender	female	locationaa	GLIS2_p.Val321Met	1
by_gender	female	locationaa	GLIS3_p.Asp717Gly	1
by_gender	female	locationaa	GLIS3_p.Ser686Cys	1
by_gender	female	locationaa	GLMN_p.Ile166Met	1
by_gender	female	locationaa	GLO1_p.Pro167Leu	1
by_gender	female	locationaa	GLP2R_p.Gln408Pro	1
by_gender	female	locationaa	GLP2R_p.Gly329Trp	1
by_gender	female	locationaa	GLP2R_p.Lys166Asn	1
by_gender	female	locationaa	GLRA2_p.Asn2Asp	1
by_gender	female	locationaa	GLRA2_p.Pro209Thr	1
by_gender	female	locationaa	GLRX3_p.Gly314Arg	1
by_gender	female	locationaa	GLS_p.Arg307Gln	1
by_gender	female	locationaa	GLT1D1_p.His31Tyr	1
by_gender	female	locationaa	GLT6D1_p.Gly249Arg	1
by_gender	female	locationaa	GLT6D1_p.Tyr70Cys	1
by_gender	female	locationaa	GLUD2_p.Ser473Asn	1
by_gender	female	locationaa	GLYATL1_p.Val216Asp	1
by_gender	female	locationaa	GMEB1_p.Arg324Ser	1
by_gender	female	locationaa	GMEB1_p.Glu271Lys	1
by_gender	female	locationaa	GMPPA_p.Ser322Arg	1
by_gender	female	locationaa	GMPR_p.Arg146Cys	1
by_gender	female	locationaa	GNA11_p.Ala342Thr	1
by_gender	female	locationaa	GNA11_p.Glu294Ala	1
by_gender	female	locationaa	GNA15_p.Ser185Ile	1
by_gender	female	locationaa	GNAI1_p.Leu283His	1
by_gender	female	locationaa	GNAI2_p.Ala114Thr	1
by_gender	female	locationaa	GNAO1_p.Arg143Gln	1
by_gender	female	locationaa	GNAO1_p.Asp252Asn	1
by_gender	female	locationaa	GNAQ_p.Arg183Ter	1
by_gender	female	locationaa	GNAS_p.Ala642Val	1
by_gender	female	locationaa	GNAS_p.Val184Met	1
by_gender	female	locationaa	GNAZ_p.Ala327Thr	1
by_gender	female	locationaa	GNB1L_p.Lys148Met	1
by_gender	female	locationaa	GNB1_p.Ala326Thr	1
by_gender	female	locationaa	GNB1_p.Gly174Asp	1
by_gender	female	locationaa	GNB2_p.Asn268Ile	1
by_gender	female	locationaa	GNB3_p.His62Gln	1
by_gender	female	locationaa	GNB4_p.Ala287Val	1
by_gender	female	locationaa	GNB5_p.Val274Met	1
by_gender	female	locationaa	GNE_p.Ala667Val	1
by_gender	female	locationaa	GNE_p.Tyr706Cys	1
by_gender	female	locationaa	GNL1_p.Arg275Trp	1
by_gender	female	locationaa	GNL2_p.Lys346Gln	1
by_gender	female	locationaa	GNPDA1_p.Ala145Val	1
by_gender	female	locationaa	GNPDA1_p.Pro182Leu	1
by_gender	female	locationaa	GNPTAB_p.Pro558Ser	1
by_gender	female	locationaa	GNPTAB_p.Tyr884His	1
by_gender	female	locationaa	GNRHR_p.Ser186Asn	1
by_gender	female	locationaa	GOLGA1_p.Glu509Lys	1
by_gender	female	locationaa	GOLGA2_p.Asp477Tyr	1
by_gender	female	locationaa	GOLGA3_p.Ala352Gly	1
by_gender	female	locationaa	GOLGA3_p.Asn1107Ser	1
by_gender	female	locationaa	GOLGA6B_p.Gln203His	1
by_gender	female	locationaa	GOLGA6L22_p.Ala142Val	1
by_gender	female	locationaa	GOLGA8G_p.Leu348Met	1
by_gender	female	locationaa	GOLGB1_p.Ala674Val	1
by_gender	female	locationaa	GOLGB1_p.Asp2599Ala	1
by_gender	female	locationaa	GOLGB1_p.Ser1744Tyr	1
by_gender	female	locationaa	GOLGB1_p.Ser3172Tyr	1
by_gender	female	locationaa	GOLIM4_p.Gly504Ter	1
by_gender	female	locationaa	GOLM2_p.Glu44Ala	1
by_gender	female	locationaa	GOLM2_p.Val386Ala	1
by_gender	female	locationaa	GOLPH3L_p.Asp261Asn	1
by_gender	female	locationaa	GOLPH3_p.Asp228Ala	1
by_gender	female	locationaa	GOLPH3_p.Pro276Leu	1
by_gender	female	locationaa	GOLPH3_p.Trp290Ter	1
by_gender	female	locationaa	GOLT1B_p.Phe29Val	1
by_gender	female	locationaa	GON4L_p.Ala1548Ser	1
by_gender	female	locationaa	GON4L_p.Ala1581Val	1
by_gender	female	locationaa	GORASP2_p.Phe39Leu	1
by_gender	female	locationaa	GOT1_p.Arg26Met	1
by_gender	female	locationaa	GOT1_p.Asn68His	1
by_gender	female	locationaa	GP2_p.Val304Ala	1
by_gender	female	locationaa	GP5_p.Asn373Ser	1
by_gender	female	locationaa	GP5_p.Leu46Ile	1
by_gender	female	locationaa	GP6_p.Pro34Ser	1
by_gender	female	locationaa	GP9_p.Asp90Asn	1
by_gender	female	locationaa	GP9_p.Gln110His	1
by_gender	female	locationaa	GPA33_p.Arg307Met	1
by_gender	female	locationaa	GPAM_p.Asp281Asn	1
by_gender	female	locationaa	GPAM_p.Asp666Tyr	1
by_gender	female	locationaa	GPAM_p.Ile83Thr	1
by_gender	female	locationaa	GPAT2_p.Glu402Asp	1
by_gender	female	locationaa	GPBAR1_p.Ala127Thr	1
by_gender	female	locationaa	GPC3_p.Leu366Ile	1
by_gender	female	locationaa	GPC4_p.Pro265Ser	1
by_gender	female	locationaa	GPC4_p.Trp288Leu	1
by_gender	female	locationaa	GPC5_p.Lys97Thr	1
by_gender	female	locationaa	GPC5_p.Thr558Ser	1
by_gender	female	locationaa	GPC5_p.Thr91Ala	1
by_gender	female	locationaa	GPD1_p.Ala113Thr	1
by_gender	female	locationaa	GPER1_p.Glu30Lys	1
by_gender	female	locationaa	GPER1_p.Ser143Asn	1
by_gender	female	locationaa	GPI_p.Gly387Asp	1
by_gender	female	locationaa	GPI_p.Thr310Met	1
by_gender	female	locationaa	GPKOW_p.Arg363His	1
by_gender	female	locationaa	GPKOW_p.Val269Gly	1
by_gender	female	locationaa	GPLD1_p.Val816Ile	1
by_gender	female	locationaa	GPM6A_p.Cys174Ter	1
by_gender	female	locationaa	GPN1_p.Ser158Leu	1
by_gender	female	locationaa	GPR108_p.Phe277Leu	1
by_gender	female	locationaa	GPR12_p.Arg138His	1
by_gender	female	locationaa	GPR137B_p.Pro318His	1
by_gender	female	locationaa	GPR137B_p.Val233Met	1
by_gender	female	locationaa	GPR137_p.Arg73Cys	1
by_gender	female	locationaa	GPR139_p.Ala274Ser	1
by_gender	female	locationaa	GPR142_p.Ser2Cys	1
by_gender	female	locationaa	GPR143_p.Phe95Leu	1
by_gender	female	locationaa	GPR148_p.Leu49Met	1
by_gender	female	locationaa	GPR148_p.Trp299Ter	1
by_gender	female	locationaa	GPR149_p.Ala695Val	1
by_gender	female	locationaa	GPR149_p.Ser252Pro	1
by_gender	female	locationaa	GPR153_p.Pro260Ser	1
by_gender	female	locationaa	GPR155_p.Arg832Lys	1
by_gender	female	locationaa	GPR158_p.Thr806Ile	1
by_gender	female	locationaa	GPR161_p.Ala190Val	1
by_gender	female	locationaa	GPR171_p.Met150Arg	1
by_gender	female	locationaa	GPR173_p.Leu297Ile	1
by_gender	female	locationaa	GPR174_p.Phe117Tyr	1
by_gender	female	locationaa	GPR179_p.Pro1707Thr	1
by_gender	female	locationaa	GPR182_p.Gly176Cys	1
by_gender	female	locationaa	GPR182_p.Leu56Ile	1
by_gender	female	locationaa	GPR19_p.Arg6Ile	1
by_gender	female	locationaa	GPR21_p.Glu227Lys	1
by_gender	female	locationaa	GPR21_p.Ser307Phe	1
by_gender	female	locationaa	GPR26_p.Ala143Thr	1
by_gender	female	locationaa	GPR26_p.Arg298Ter	1
by_gender	female	locationaa	GPR39_p.Arg390His	1
by_gender	female	locationaa	GPR39_p.Thr381Ile	1
by_gender	female	locationaa	GPR3_p.Ala258Thr	1
by_gender	female	locationaa	GPR4_p.Ala41Val	1
by_gender	female	locationaa	GPR61_p.Ala68Thr	1
by_gender	female	locationaa	GPR62_p.Gly193Ser	1
by_gender	female	locationaa	GPR62_p.Pro318Leu	1
by_gender	female	locationaa	GPR6_p.Ala190Asp	1
by_gender	female	locationaa	GPR83_p.Val83Phe	1
by_gender	female	locationaa	GPR87_p.Thr91Met	1
by_gender	female	locationaa	GPRASP1_p.Leu245Phe	1
by_gender	female	locationaa	GPRASP1_p.Ser1134Asn	1
by_gender	female	locationaa	GPRASP2_p.Ala214Val	1
by_gender	female	locationaa	GPRASP2_p.Ala24Thr	1
by_gender	female	locationaa	GPRASP2_p.Leu362Phe	1
by_gender	female	locationaa	GPRC5B_p.Ala249Thr	1
by_gender	female	locationaa	GPRC5B_p.Ala273Val	1
by_gender	female	locationaa	GPRC5B_p.Thr310Met	1
by_gender	female	locationaa	GPRC5C_p.Leu62Met	1
by_gender	female	locationaa	GPRC5C_p.Pro402Thr	1
by_gender	female	locationaa	GPRC5C_p.Val290Met	1
by_gender	female	locationaa	GPRC6A_p.Leu515Phe	1
by_gender	female	locationaa	GPRIN2_p.Ser149Asn	1
by_gender	female	locationaa	GPRIN2_p.Thr42Pro	1
by_gender	female	locationaa	GPRIN3_p.Glu436Lys	1
by_gender	female	locationaa	GPRIN3_p.Ser154Phe	1
by_gender	female	locationaa	GPS1_p.Ala138Val	1
by_gender	female	locationaa	GPSM2_p.Tyr185LeufsTer2	1
by_gender	female	locationaa	GPT2_p.Ser18Ile	1
by_gender	female	locationaa	GPT_p.Ala45Ser	1
by_gender	female	locationaa	GPX5_p.Arg197His	1
by_gender	female	locationaa	GPX5_p.Glu44Asp	1
by_gender	female	locationaa	GRAMD1A_p.Arg139His	1
by_gender	female	locationaa	GRAMD1A_p.Ile611Thr	1
by_gender	female	locationaa	GRAMD1B_p.Arg488His	1
by_gender	female	locationaa	GRAMD1C_p.Asp257Asn	1
by_gender	female	locationaa	GRAMD2A_p.Ser301Asn	1
by_gender	female	locationaa	GRAP2_p.Arg312His	1
by_gender	female	locationaa	GRB10_p.Val170Gly	1
by_gender	female	locationaa	GRB7_p.Arg334His	1
by_gender	female	locationaa	GREB1_p.Ala1793Val	1
by_gender	female	locationaa	GREB1_p.Gly566Arg	1
by_gender	female	locationaa	GREB1_p.His849Tyr	1
by_gender	female	locationaa	GREB1_p.Pro761Ser	1
by_gender	female	locationaa	GRHL1_p.Arg182Trp	1
by_gender	female	locationaa	GRHL2_p.Lys272Asn	1
by_gender	female	locationaa	GRHL2_p.Ser305Asn	1
by_gender	female	locationaa	GRHL2_p.Tyr276Cys	1
by_gender	female	locationaa	GRHL3_p.Ser162Asn	1
by_gender	female	locationaa	GRIA1_p.Arg280Trp	1
by_gender	female	locationaa	GRIA4_p.Ala668Asp	1
by_gender	female	locationaa	GRID1_p.Gln74His	1
by_gender	female	locationaa	GRID1_p.Glu622Lys	1
by_gender	female	locationaa	GRID1_p.Gly762Ser	1
by_gender	female	locationaa	GRID1_p.Ser818Asn	1
by_gender	female	locationaa	GRID2_p.Arg135Gln	1
by_gender	female	locationaa	GRID2_p.Glu511Lys	1
by_gender	female	locationaa	GRID2_p.Thr764Asn	1
by_gender	female	locationaa	GRID2_p.Val765Gly	1
by_gender	female	locationaa	GRIK2_p.Ala684Val	1
by_gender	female	locationaa	GRIK2_p.Leu156Ile	1
by_gender	female	locationaa	GRIK2_p.Thr436Ile	1
by_gender	female	locationaa	GRIK3_p.Arg361His	1
by_gender	female	locationaa	GRIK3_p.Thr646Met	1
by_gender	female	locationaa	GRIK5_p.Arg197Trp	1
by_gender	female	locationaa	GRIN1_p.Trp636Ter	1
by_gender	female	locationaa	GRIN2A_p.Asp1251Asn	1
by_gender	female	locationaa	GRIN2A_p.Leu794Met	1
by_gender	female	locationaa	GRIN2A_p.Lys1005Asn	1
by_gender	female	locationaa	GRIN2A_p.Ser1330Asn	1
by_gender	female	locationaa	GRIN2B_p.Asp814Asn	1
by_gender	female	locationaa	GRIN2B_p.Leu289Phe	1
by_gender	female	locationaa	GRIN2C_p.Gln779His	1
by_gender	female	locationaa	GRIN2C_p.Glu329Gly	1
by_gender	female	locationaa	GRIN2C_p.Gly600Ser	1
by_gender	female	locationaa	GRIN2D_p.Arg356Cys	1
by_gender	female	locationaa	GRIN2D_p.Tyr765His	1
by_gender	female	locationaa	GRIN2D_p.Val667Ile	1
by_gender	female	locationaa	GRIN3A_p.Leu291Ile	1
by_gender	female	locationaa	GRIN3A_p.Leu653Val	1
by_gender	female	locationaa	GRIN3A_p.Phe794Cys	1
by_gender	female	locationaa	GRIN3B_p.Leu508Met	1
by_gender	female	locationaa	GRIP1_p.Ala27Thr	1
by_gender	female	locationaa	GRIP2_p.Arg710His	1
by_gender	female	locationaa	GRIP2_p.Asp165Asn	1
by_gender	female	locationaa	GRIP2_p.Pro927Leu	1
by_gender	female	locationaa	GRK1_p.Glu93Asp	1
by_gender	female	locationaa	GRK6_p.Ala202Thr	1
by_gender	female	locationaa	GRK7_p.Gln299His	1
by_gender	female	locationaa	GRK7_p.Trp374Arg	1
by_gender	female	locationaa	GRM1_p.Gly337Arg	1
by_gender	female	locationaa	GRM1_p.Gly43Val	1
by_gender	female	locationaa	GRM1_p.Leu873Phe	1
by_gender	female	locationaa	GRM1_p.Val114Met	1
by_gender	female	locationaa	GRM1_p.Val855Gly	1
by_gender	female	locationaa	GRM2_p.Ala114Thr	1
by_gender	female	locationaa	GRM2_p.Ala9Thr	1
by_gender	female	locationaa	GRM3_p.Ala577Val	1
by_gender	female	locationaa	GRM4_p.Arg856Cys	1
by_gender	female	locationaa	GRM4_p.Leu763Phe	1
by_gender	female	locationaa	GRM5_p.Ala963Thr	1
by_gender	female	locationaa	GRM5_p.Cys803Trp	1
by_gender	female	locationaa	GRM5_p.Leu344Phe	1
by_gender	female	locationaa	GRM5_p.Ser153Tyr	1
by_gender	female	locationaa	GRM6_p.Pro801Thr	1
by_gender	female	locationaa	GRM7_p.Ala693Thr	1
by_gender	female	locationaa	GRM7_p.Ala85Thr	1
by_gender	female	locationaa	GRM7_p.Ile775Thr	1
by_gender	female	locationaa	GRM8_p.Arg194Ter	1
by_gender	female	locationaa	GRPR_p.Phe193Val	1
by_gender	female	locationaa	GRSF1_p.Arg330Gln	1
by_gender	female	locationaa	GRSF1_p.Thr440Ala	1
by_gender	female	locationaa	GRWD1_p.Ala354Thr	1
by_gender	female	locationaa	GRXCR1_p.Leu123Ser	1
by_gender	female	locationaa	GSAP_p.Glu650Lys	1
by_gender	female	locationaa	GSDMB_p.Arg208Gln	1
by_gender	female	locationaa	GSDMC_p.Arg40Gln	1
by_gender	female	locationaa	GSDMD_p.Pro242Ser	1
by_gender	female	locationaa	GSDME_p.Gly280Glu	1
by_gender	female	locationaa	GSE1_p.Ala1074Thr	1
by_gender	female	locationaa	GSE1_p.Arg277Met	1
by_gender	female	locationaa	GSG1L_p.Gly205Ser	1
by_gender	female	locationaa	GSG1L_p.Lys251Asn	1
by_gender	female	locationaa	GSG1L_p.Tyr297Asn	1
by_gender	female	locationaa	GSK3B_p.Ser25Asn	1
by_gender	female	locationaa	GSN_p.Ala435Thr	1
by_gender	female	locationaa	GSPT1_p.Ala487Val	1
by_gender	female	locationaa	GSTA3_p.Leu22Arg	1
by_gender	female	locationaa	GSTA5_p.Leu110Ile	1
by_gender	female	locationaa	GSTCD_p.Gln224His	1
by_gender	female	locationaa	GSTCD_p.Thr171Ala	1
by_gender	female	locationaa	GSTM2_p.Arg43Lys	1
by_gender	female	locationaa	GSTO2_p.Ala199Thr	1
by_gender	female	locationaa	GSTP1_p.Pro203Leu	1
by_gender	female	locationaa	GTF2E1_p.Glu329Asp	1
by_gender	female	locationaa	GTF2F1_p.Glu64Lys	1
by_gender	female	locationaa	GTF2H1_p.Arg543Cys	1
by_gender	female	locationaa	GTF2H4_p.Glu153Lys	1
by_gender	female	locationaa	GTF2IRD1_p.Thr25Ala	1
by_gender	female	locationaa	GTF2IRD2B_p.Ser577Phe	1
by_gender	female	locationaa	GTF3A_p.Arg89Leu	1
by_gender	female	locationaa	GTF3C1_p.Arg1089Cys	1
by_gender	female	locationaa	GTF3C1_p.Asp1976Gly	1
by_gender	female	locationaa	GTF3C1_p.Leu1662Ile	1
by_gender	female	locationaa	GTF3C1_p.Thr831Met	1
by_gender	female	locationaa	GTF3C2_p.Ala199Val	1
by_gender	female	locationaa	GTF3C2_p.Ala732Thr	1
by_gender	female	locationaa	GTPBP3_p.Ala67Ser	1
by_gender	female	locationaa	GTPBP3_p.Arg308Trp	1
by_gender	female	locationaa	GTPBP6_p.Thr429Met	1
by_gender	female	locationaa	GTSE1_p.Ala105Ser	1
by_gender	female	locationaa	GTSE1_p.Gln422His	1
by_gender	female	locationaa	GUCA1A_p.Asp110Asn	1
by_gender	female	locationaa	GUCA1C_p.Asp143Asn	1
by_gender	female	locationaa	GUCD1_p.Ala206Thr	1
by_gender	female	locationaa	GUCY1A1_p.Pro128Ser	1
by_gender	female	locationaa	GUCY2C_p.Arg496Ile	1
by_gender	female	locationaa	GUCY2C_p.Ile741Asn	1
by_gender	female	locationaa	GUCY2F_p.Gly1017Cys	1
by_gender	female	locationaa	GUF1_p.Thr429Ile	1
by_gender	female	locationaa	GXYLT1_p.Thr239Ile	1
by_gender	female	locationaa	GYS1_p.Ala628Val	1
by_gender	female	locationaa	GZF1_p.Arg591Trp	1
by_gender	female	locationaa	GZF1_p.His340Arg	1
by_gender	female	locationaa	GZF1_p.Lys599Thr	1
by_gender	female	locationaa	GZF1_p.Pro236Ser	1
by_gender	female	locationaa	GZMK_p.Leu128Arg	1
by_gender	female	locationaa	H1-1_p.Ala197Asp	1
by_gender	female	locationaa	H1-3_p.Ala193Val	1
by_gender	female	locationaa	H1-3_p.Lys157Glu	1
by_gender	female	locationaa	H1-4_p.Ala189Thr	1
by_gender	female	locationaa	H1-5_p.Gly103Asp	1
by_gender	female	locationaa	H1-6_p.Gly107Ser	1
by_gender	female	locationaa	H1-7_p.Arg158His	1
by_gender	female	locationaa	H2AC1_p.Glu93Lys	1
by_gender	female	locationaa	H2AC6_p.Glu57Lys	1
by_gender	female	locationaa	H2AP_p.Gln37Leu	1
by_gender	female	locationaa	H2AZ1_p.Arg32His	1
by_gender	female	locationaa	H2AZ1_p.Gly11Glu	1
by_gender	female	locationaa	H2BC10_p.Arg87Cys	1
by_gender	female	locationaa	H2BC11_p.Leu46Met	1
by_gender	female	locationaa	H2BC11_p.Ser65Leu	1
by_gender	female	locationaa	H2BC7_p.Ser124Arg	1
by_gender	female	locationaa	H2BC8_p.Lys117Glu	1
by_gender	female	locationaa	H2BC9_p.Tyr43Cys	1
by_gender	female	locationaa	H2BU1_p.Lys86Asn	1
by_gender	female	locationaa	H2BU1_p.Ser113Pro	1
by_gender	female	locationaa	H3-3A_p.Gln69Arg	1
by_gender	female	locationaa	H3-5_p.Val46Met	1
by_gender	female	locationaa	H3C11_p.Val118Gly	1
by_gender	female	locationaa	H3C12_p.Asp82Asn	1
by_gender	female	locationaa	H3C12_p.Gly13Asp	1
by_gender	female	locationaa	H4C4_p.Lys9Asn	1
by_gender	female	locationaa	H4C7_p.Asn26Lys	1
by_gender	female	locationaa	H6PD_p.Arg728His	1
by_gender	female	locationaa	H6PD_p.Lys71Arg	1
by_gender	female	locationaa	H6PD_p.Ser684Ile	1
by_gender	female	locationaa	HABP2_p.Gln481Pro	1
by_gender	female	locationaa	HACD1_p.Leu252Ile	1
by_gender	female	locationaa	HACD2_p.Leu175Met	1
by_gender	female	locationaa	HACD3_p.Met1?	1
by_gender	female	locationaa	HACE1_p.Ala738Val	1
by_gender	female	locationaa	HACE1_p.Arg751Thr	1
by_gender	female	locationaa	HACE1_p.Glu780Ala	1
by_gender	female	locationaa	HADHA_p.Gln281His	1
by_gender	female	locationaa	HADHB_p.Glu210Asp	1
by_gender	female	locationaa	HADHB_p.Gly163Ser	1
by_gender	female	locationaa	HADH_p.Ala167Thr	1
by_gender	female	locationaa	HAGH_p.Glu235Lys	1
by_gender	female	locationaa	HAL_p.Ser226Phe	1
by_gender	female	locationaa	HAND2_p.Arg142Cys	1
by_gender	female	locationaa	HAO1_p.Pro195Ser	1
by_gender	female	locationaa	HAO2_p.Ala190Val	1
by_gender	female	locationaa	HAP1_p.Ala574Asp	1
by_gender	female	locationaa	HAPLN3_p.Ala291Val	1
by_gender	female	locationaa	HAPLN3_p.Arg83His	1
by_gender	female	locationaa	HARBI1_p.Glu190Lys	1
by_gender	female	locationaa	HAS1_p.Arg284Ter	1
by_gender	female	locationaa	HAS1_p.Tyr383His	1
by_gender	female	locationaa	HAS2_p.Arg400Gln	1
by_gender	female	locationaa	HAS2_p.Ser180Ile	1
by_gender	female	locationaa	HASPIN_p.Ser539Pro	1
by_gender	female	locationaa	HAUS2_p.Thr91Ala	1
by_gender	female	locationaa	HAUS3_p.Gly153Glu	1
by_gender	female	locationaa	HAUS5_p.Arg620Cys	1
by_gender	female	locationaa	HAUS5_p.Gln117His	1
by_gender	female	locationaa	HAUS5_p.Gln340His	1
by_gender	female	locationaa	HBB_p.Trp38Ter	1
by_gender	female	locationaa	HBQ1_p.Ala111Val	1
by_gender	female	locationaa	HBS1L_p.Asn640His	1
by_gender	female	locationaa	HBS1L_p.Lys294Met	1
by_gender	female	locationaa	HCAR1_p.Asp335Tyr	1
by_gender	female	locationaa	HCAR2_p.Arg311His	1
by_gender	female	locationaa	HCAR2_p.Leu104Phe	1
by_gender	female	locationaa	HCFC1_p.Ala675Val	1
by_gender	female	locationaa	HCFC1_p.Gly896Arg	1
by_gender	female	locationaa	HCFC2_p.Asn486LysfsTer2	1
by_gender	female	locationaa	HCFC2_p.Lys138Asn	1
by_gender	female	locationaa	HCN1_p.Ala670Val	1
by_gender	female	locationaa	HCN1_p.Arg467Gln	1
by_gender	female	locationaa	HCN1_p.Pro666Leu	1
by_gender	female	locationaa	HCN4_p.Asp521Asn	1
by_gender	female	locationaa	HCN4_p.Gly870Arg	1
by_gender	female	locationaa	HCRTR1_p.Leu49Ile	1
by_gender	female	locationaa	HCRTR2_p.Tyr232His	1
by_gender	female	locationaa	HDAC4_p.Arg448Trp	1
by_gender	female	locationaa	HDAC4_p.Ser684Gly	1
by_gender	female	locationaa	HDAC5_p.Pro770Leu	1
by_gender	female	locationaa	HDAC6_p.Leu537Phe	1
by_gender	female	locationaa	HDAC7_p.Arg561Gln	1
by_gender	female	locationaa	HDAC7_p.Pro446Ser	1
by_gender	female	locationaa	HDAC9_p.Arg715Met	1
by_gender	female	locationaa	HDAC9_p.Glu116Lys	1
by_gender	female	locationaa	HDAC9_p.Ser377Gly	1
by_gender	female	locationaa	HDAC9_p.Thr671Asn	1
by_gender	female	locationaa	HDGFL2_p.Asp597Gly	1
by_gender	female	locationaa	HDGF_p.Ser98Tyr	1
by_gender	female	locationaa	HDHD2_p.Arg5His	1
by_gender	female	locationaa	HDHD5_p.Tyr320His	1
by_gender	female	locationaa	HDLBP_p.Glu496Asp	1
by_gender	female	locationaa	HDLBP_p.His449Arg	1
by_gender	female	locationaa	HDX_p.Asn199Thr	1
by_gender	female	locationaa	HDX_p.Cys244Tyr	1
by_gender	female	locationaa	HEATR1_p.Ala726Val	1
by_gender	female	locationaa	HEATR1_p.His993Tyr	1
by_gender	female	locationaa	HEATR1_p.Pro635Thr	1
by_gender	female	locationaa	HEATR1_p.Ser415Tyr	1
by_gender	female	locationaa	HEATR1_p.Val931Ala	1
by_gender	female	locationaa	HEATR3_p.Ala160Val	1
by_gender	female	locationaa	HEATR3_p.Asn648Lys	1
by_gender	female	locationaa	HEATR3_p.Glu133Ter	1
by_gender	female	locationaa	HEATR3_p.Ser532Pro	1
by_gender	female	locationaa	HEATR4_p.Ala728Val	1
by_gender	female	locationaa	HEATR4_p.Lys283Asn	1
by_gender	female	locationaa	HEATR5A_p.Gly863Glu	1
by_gender	female	locationaa	HEATR5A_p.His577Tyr	1
by_gender	female	locationaa	HEATR5B_p.Ala1632Thr	1
by_gender	female	locationaa	HEATR5B_p.Asp1988Gly	1
by_gender	female	locationaa	HEATR5B_p.Ser784Ala	1
by_gender	female	locationaa	HEATR5B_p.Val312Ala	1
by_gender	female	locationaa	HECA_p.Asp503Asn	1
by_gender	female	locationaa	HECTD1_p.Ser1529Arg	1
by_gender	female	locationaa	HECTD1_p.Thr1626Ile	1
by_gender	female	locationaa	HECTD1_p.Thr52Ala	1
by_gender	female	locationaa	HECTD1_p.Val735Ala	1
by_gender	female	locationaa	HECTD2_p.Arg294His	1
by_gender	female	locationaa	HECTD3_p.Glu710Ter	1
by_gender	female	locationaa	HECTD4_p.Arg2753Ter	1
by_gender	female	locationaa	HECW1_p.Arg1442Cys	1
by_gender	female	locationaa	HECW1_p.Ser75Leu	1
by_gender	female	locationaa	HECW1_p.Thr731Met	1
by_gender	female	locationaa	HECW1_p.Val401Leu	1
by_gender	female	locationaa	HECW2_p.Arg958Trp	1
by_gender	female	locationaa	HECW2_p.Glu757Lys	1
by_gender	female	locationaa	HECW2_p.His245Arg	1
by_gender	female	locationaa	HECW2_p.Ile1319Thr	1
by_gender	female	locationaa	HECW2_p.Met132Ile	1
by_gender	female	locationaa	HECW2_p.Pro616His	1
by_gender	female	locationaa	HECW2_p.Ser64Asn	1
by_gender	female	locationaa	HEG1_p.Ala239Val	1
by_gender	female	locationaa	HEG1_p.Ser154Leu	1
by_gender	female	locationaa	HEG1_p.Ser381Leu	1
by_gender	female	locationaa	HELB_p.Ala656SerfsTer22	1
by_gender	female	locationaa	HELB_p.Thr885Ala	1
by_gender	female	locationaa	HELLS_p.Glu593Ter	1
by_gender	female	locationaa	HELQ_p.Trp951Ter	1
by_gender	female	locationaa	HELZ_p.Ile873Thr	1
by_gender	female	locationaa	HELZ_p.Phe1798Cys	1
by_gender	female	locationaa	HELZ_p.Ser629Asn	1
by_gender	female	locationaa	HEMGN_p.Asp221Tyr	1
by_gender	female	locationaa	HEMK1_p.Leu3Ile	1
by_gender	female	locationaa	HEPACAM2_p.Glu300Ter	1
by_gender	female	locationaa	HEPHL1_p.Ala508Val	1
by_gender	female	locationaa	HEPHL1_p.Arg592Lys	1
by_gender	female	locationaa	HEPH_p.Glu1090Lys	1
by_gender	female	locationaa	HEPH_p.Val665Ala	1
by_gender	female	locationaa	HERC1_p.Ala1078Thr	1
by_gender	female	locationaa	HERC1_p.Asp1185Ala	1
by_gender	female	locationaa	HERC1_p.Gln3783Ter	1
by_gender	female	locationaa	HERC1_p.Glu373Lys	1
by_gender	female	locationaa	HERC1_p.Ser4427Asn	1
by_gender	female	locationaa	HERC1_p.Thr4359Ala	1
by_gender	female	locationaa	HERC1_p.Val4604Leu	1
by_gender	female	locationaa	HERC1_p.Val899Ile	1
by_gender	female	locationaa	HERC2_p.Ala3421Thr	1
by_gender	female	locationaa	HERC2_p.Ala4563Asp	1
by_gender	female	locationaa	HERC2_p.Arg4716Cys	1
by_gender	female	locationaa	HERC2_p.Asn4750Ser	1
by_gender	female	locationaa	HERC2_p.Gly4284Glu	1
by_gender	female	locationaa	HERC2_p.Leu4123Met	1
by_gender	female	locationaa	HERC2_p.Lys2008Thr	1
by_gender	female	locationaa	HERC2_p.Val472Met	1
by_gender	female	locationaa	HERC2_p.Val597Ala	1
by_gender	female	locationaa	HERC5_p.Arg885Gln	1
by_gender	female	locationaa	HERC6_p.Arg284Ile	1
by_gender	female	locationaa	HEXB_p.Arg281Ter	1
by_gender	female	locationaa	HEXB_p.Arg44Trp	1
by_gender	female	locationaa	HEXD_p.Pro138Ser	1
by_gender	female	locationaa	HEXIM1_p.Ser237Ile	1
by_gender	female	locationaa	HEY2_p.Gly201Ser	1
by_gender	female	locationaa	HFM1_p.Arg997Ile	1
by_gender	female	locationaa	HFM1_p.Asn503Asp	1
by_gender	female	locationaa	HFM1_p.Pro239Thr	1
by_gender	female	locationaa	HGD_p.Ile200Thr	1
by_gender	female	locationaa	HGD_p.Trp268Ter	1
by_gender	female	locationaa	HGSNAT_p.Met254Ile	1
by_gender	female	locationaa	HGS_p.Pro385His	1
by_gender	female	locationaa	HGS_p.Ser703Phe	1
by_gender	female	locationaa	HHAT_p.Val445Leu	1
by_gender	female	locationaa	HHIPL1_p.Asn536Thr	1
by_gender	female	locationaa	HHIPL1_p.Val295Met	1
by_gender	female	locationaa	HHIPL2_p.Arg396Gln	1
by_gender	female	locationaa	HHIPL2_p.Ile30Thr	1
by_gender	female	locationaa	HHIP_p.Asp143Gly	1
by_gender	female	locationaa	HHIP_p.Gln467His	1
by_gender	female	locationaa	HIBADH_p.Ala144Thr	1
by_gender	female	locationaa	HIBADH_p.Leu330Ile	1
by_gender	female	locationaa	HIC2_p.Ala562Thr	1
by_gender	female	locationaa	HID1_p.Gly676Val	1
by_gender	female	locationaa	HIF1A_p.Ser692Tyr	1
by_gender	female	locationaa	HIF3A_p.Ile388Val	1
by_gender	female	locationaa	HINFP_p.Arg249His	1
by_gender	female	locationaa	HINFP_p.Glu421Lys	1
by_gender	female	locationaa	HIP1_p.Arg118Ile	1
by_gender	female	locationaa	HIP1_p.Glu723Lys	1
by_gender	female	locationaa	HIP1_p.Ser469Ile	1
by_gender	female	locationaa	HIP1_p.Ser611Tyr	1
by_gender	female	locationaa	HIPK1_p.Thr151Asn	1
by_gender	female	locationaa	HIPK2_p.Gln643His	1
by_gender	female	locationaa	HIPK2_p.Gln781His	1
by_gender	female	locationaa	HIPK2_p.Lys128Gln	1
by_gender	female	locationaa	HIPK3_p.Arg1025Gln	1
by_gender	female	locationaa	HIPK3_p.Asp972Val	1
by_gender	female	locationaa	HIPK4_p.Arg251His	1
by_gender	female	locationaa	HIPK4_p.Arg50His	1
by_gender	female	locationaa	HIPK4_p.Asp564Asn	1
by_gender	female	locationaa	HIRIP3_p.Thr527Ala	1
by_gender	female	locationaa	HIVEP1_p.Arg1764Trp	1
by_gender	female	locationaa	HIVEP1_p.Arg2172Ter	1
by_gender	female	locationaa	HIVEP2_p.Pro2380Thr	1
by_gender	female	locationaa	HIVEP2_p.Pro390Leu	1
by_gender	female	locationaa	HIVEP2_p.Ser1864Leu	1
by_gender	female	locationaa	HIVEP3_p.Arg367His	1
by_gender	female	locationaa	HIVEP3_p.Gly635Asp	1
by_gender	female	locationaa	HIVEP3_p.Pro1513His	1
by_gender	female	locationaa	HJV_p.Ala401Val	1
by_gender	female	locationaa	HK1_p.Arg274Gln	1
by_gender	female	locationaa	HK2_p.Arg353His	1
by_gender	female	locationaa	HK3_p.Ala907Val	1
by_gender	female	locationaa	HK3_p.Arg761Cys	1
by_gender	female	locationaa	HK3_p.Asp90Tyr	1
by_gender	female	locationaa	HKDC1_p.Arg337Trp	1
by_gender	female	locationaa	HLA-A_p.Gln139Lys	1
by_gender	female	locationaa	HLA-DPA1_p.Trp74Cys	1
by_gender	female	locationaa	HLA-DQA2_p.Pro122His	1
by_gender	female	locationaa	HLA-G_p.Leu154Met	1
by_gender	female	locationaa	HLCS_p.Leu584Pro	1
by_gender	female	locationaa	HLCS_p.Pro73Thr	1
by_gender	female	locationaa	HLCS_p.Thr489Ile	1
by_gender	female	locationaa	HLX_p.Arg328Gln	1
by_gender	female	locationaa	HLX_p.Thr391Met	1
by_gender	female	locationaa	HMCES_p.Tyr38His	1
by_gender	female	locationaa	HMCN1_p.Asn2227His	1
by_gender	female	locationaa	HMCN1_p.Gly4013Arg	1
by_gender	female	locationaa	HMCN1_p.Leu456Ile	1
by_gender	female	locationaa	HMCN1_p.Lys3235Gln	1
by_gender	female	locationaa	HMCN1_p.Ser4742Arg	1
by_gender	female	locationaa	HMCN1_p.Thr1321Ile	1
by_gender	female	locationaa	HMCN1_p.Val2567Ile	1
by_gender	female	locationaa	HMCN1_p.Val4252Ala	1
by_gender	female	locationaa	HMG20B_p.Phe192Leu	1
by_gender	female	locationaa	HMGB2_p.Pro178Ser	1
by_gender	female	locationaa	HMGB4_p.Asp67Asn	1
by_gender	female	locationaa	HMGCR_p.Arg84Cys	1
by_gender	female	locationaa	HMGCR_p.Met657Ile	1
by_gender	female	locationaa	HMMR_p.Gln52Leu	1
by_gender	female	locationaa	HMX2_p.Lys93Glu	1
by_gender	female	locationaa	HNF1A_p.Thr539Ala	1
by_gender	female	locationaa	HNF4G_p.Leu147Ile	1
by_gender	female	locationaa	HNRNPA0_p.Lys137Asn	1
by_gender	female	locationaa	HNRNPA1L2_p.Arg319Ile	1
by_gender	female	locationaa	HNRNPF_p.Ala300Val	1
by_gender	female	locationaa	HNRNPH1_p.Gly366Glu	1
by_gender	female	locationaa	HNRNPH3_p.Gly319Asp	1
by_gender	female	locationaa	HNRNPK_p.Glu425Asp	1
by_gender	female	locationaa	HNRNPK_p.Pro315His	1
by_gender	female	locationaa	HNRNPL_p.Pro337HisfsTer58	1
by_gender	female	locationaa	HNRNPM_p.Ala128Asp	1
by_gender	female	locationaa	HNRNPM_p.Ala379Val	1
by_gender	female	locationaa	HNRNPM_p.Arg524His	1
by_gender	female	locationaa	HNRNPM_p.Arg531Cys	1
by_gender	female	locationaa	HNRNPR_p.Arg232His	1
by_gender	female	locationaa	HNRNPUL1_p.Arg526Cys	1
by_gender	female	locationaa	HNRNPUL2_p.Glu239Asp	1
by_gender	female	locationaa	HOGA1_p.Glu80Lys	1
by_gender	female	locationaa	HOMER1_p.Lys271Gln	1
by_gender	female	locationaa	HOMER2_p.Lys151Asn	1
by_gender	female	locationaa	HOOK1_p.Glu563Ter	1
by_gender	female	locationaa	HOOK2_p.Arg632Met	1
by_gender	female	locationaa	HOOK2_p.Glu270Gly	1
by_gender	female	locationaa	HOXA13_p.Ala218Val	1
by_gender	female	locationaa	HOXA1_p.Arg52His	1
by_gender	female	locationaa	HOXA2_p.Ser350Asn	1
by_gender	female	locationaa	HOXA3_p.Ala38Thr	1
by_gender	female	locationaa	HOXA3_p.Gly274Ser	1
by_gender	female	locationaa	HOXA5_p.Ser138Ile	1
by_gender	female	locationaa	HOXA7_p.Ala46Thr	1
by_gender	female	locationaa	HOXB1_p.Ala155Thr	1
by_gender	female	locationaa	HOXB1_p.Arg254Ter	1
by_gender	female	locationaa	HOXB3_p.Arg230Trp	1
by_gender	female	locationaa	HOXB3_p.Gly28Val	1
by_gender	female	locationaa	HOXB5_p.Ala78Thr	1
by_gender	female	locationaa	HOXB5_p.Ser125Asn	1
by_gender	female	locationaa	HOXB7_p.Thr163Met	1
by_gender	female	locationaa	HOXB8_p.Leu96Ile	1
by_gender	female	locationaa	HOXB9_p.Gly143Val	1
by_gender	female	locationaa	HOXC11_p.Ala135Thr	1
by_gender	female	locationaa	HOXC13_p.Pro161Ser	1
by_gender	female	locationaa	HOXC5_p.Phe9Val	1
by_gender	female	locationaa	HOXC9_p.Pro57Leu	1
by_gender	female	locationaa	HOXD12_p.Glu220Lys	1
by_gender	female	locationaa	HOXD13_p.Gln319Ter	1
by_gender	female	locationaa	HOXD13_p.Phe300Val	1
by_gender	female	locationaa	HPCAL4_p.Gly41Ser	1
by_gender	female	locationaa	HPD_p.Ser59Asn	1
by_gender	female	locationaa	HPF1_p.Pro83Leu	1
by_gender	female	locationaa	HPR_p.Ala119Val	1
by_gender	female	locationaa	HPR_p.Ser224Phe	1
by_gender	female	locationaa	HPS3_p.Lys801Arg	1
by_gender	female	locationaa	HPS4_p.Ala255Asp	1
by_gender	female	locationaa	HPS5_p.Ala790Val	1
by_gender	female	locationaa	HPSE2_p.Phe223LeufsTer3	1
by_gender	female	locationaa	HPSE2_p.Ser238Asn	1
by_gender	female	locationaa	HRAS_p.Ala134Thr	1
by_gender	female	locationaa	HRC_p.Arg58Cys	1
by_gender	female	locationaa	HRG_p.Arg441Ter	1
by_gender	female	locationaa	HRNR_p.Ser633Phe	1
by_gender	female	locationaa	HRNR_p.Ser656Tyr	1
by_gender	female	locationaa	HR_p.Arg98His	1
by_gender	female	locationaa	HR_p.Asp299Asn	1
by_gender	female	locationaa	HR_p.Val53Ile	1
by_gender	female	locationaa	HS2ST1_p.Tyr145Ter	1
by_gender	female	locationaa	HS3ST2_p.Ala187Thr	1
by_gender	female	locationaa	HS3ST3A1_p.Asp262Asn	1
by_gender	female	locationaa	HS3ST3A1_p.Thr270Met	1
by_gender	female	locationaa	HS6ST1_p.Thr307Met	1
by_gender	female	locationaa	HS6ST1_p.Thr322Met	1
by_gender	female	locationaa	HSD11B1_p.Lys44Glu	1
by_gender	female	locationaa	HSD17B11_p.Gln254Ter	1
by_gender	female	locationaa	HSD17B11_p.Ser188Asn	1
by_gender	female	locationaa	HSD17B13_p.Ser261Leu	1
by_gender	female	locationaa	HSD17B2_p.Ala46Val	1
by_gender	female	locationaa	HSD17B4_p.Arg568Cys	1
by_gender	female	locationaa	HSD17B4_p.Val667Ala	1
by_gender	female	locationaa	HSD3B1_p.Ala334Val	1
by_gender	female	locationaa	HSD3B1_p.Phe218Leu	1
by_gender	female	locationaa	HSD3B7_p.Arg340His	1
by_gender	female	locationaa	HSF2_p.Ala447Val	1
by_gender	female	locationaa	HSF4_p.Ser489Gly	1
by_gender	female	locationaa	HSF5_p.Arg193Gln	1
by_gender	female	locationaa	HSP90AA1_p.Ala469Thr	1
by_gender	female	locationaa	HSP90AA1_p.Thr708Ala	1
by_gender	female	locationaa	HSP90B1_p.Ala714Asp	1
by_gender	female	locationaa	HSPA12B_p.Arg431His	1
by_gender	female	locationaa	HSPA12B_p.Ser21Phe	1
by_gender	female	locationaa	HSPA13_p.Met242Thr	1
by_gender	female	locationaa	HSPA13_p.Phe121Cys	1
by_gender	female	locationaa	HSPA1A_p.Glu588Lys	1
by_gender	female	locationaa	HSPA2_p.Ala71Thr	1
by_gender	female	locationaa	HSPA4L_p.Ser40Leu	1
by_gender	female	locationaa	HSPA5_p.Ala393Thr	1
by_gender	female	locationaa	HSPA5_p.Asp231Asn	1
by_gender	female	locationaa	HSPA5_p.Asp277Tyr	1
by_gender	female	locationaa	HSPA5_p.Gly397Ser	1
by_gender	female	locationaa	HSPA6_p.Arg313His	1
by_gender	female	locationaa	HSPA6_p.Glu245Ala	1
by_gender	female	locationaa	HSPA8_p.Leu305Met	1
by_gender	female	locationaa	HSPB11_p.Asp124Ala	1
by_gender	female	locationaa	HSPB8_p.Thr194Ile	1
by_gender	female	locationaa	HSPBAP1_p.Val222Gly	1
by_gender	female	locationaa	HSPD1_p.Leu2Phe	1
by_gender	female	locationaa	HSPH1_p.His329Gln	1
by_gender	female	locationaa	HTATIP2_p.Ser194Phe	1
by_gender	female	locationaa	HTATSF1_p.Asp640Gly	1
by_gender	female	locationaa	HTR1A_p.Ala114Thr	1
by_gender	female	locationaa	HTR1A_p.Ala383Val	1
by_gender	female	locationaa	HTR1A_p.Ser258Leu	1
by_gender	female	locationaa	HTR1D_p.Ala336Ser	1
by_gender	female	locationaa	HTR1F_p.Ser42Pro	1
by_gender	female	locationaa	HTR2B_p.Asn204His	1
by_gender	female	locationaa	HTR3A_p.Gly143Ser	1
by_gender	female	locationaa	HTR3A_p.Gly283Asp	1
by_gender	female	locationaa	HTR3A_p.Val448Met	1
by_gender	female	locationaa	HTR3B_p.Thr363Pro	1
by_gender	female	locationaa	HTR3C_p.Ala302Thr	1
by_gender	female	locationaa	HTR3D_p.Leu249Ile	1
by_gender	female	locationaa	HTR3D_p.Leu436Phe	1
by_gender	female	locationaa	HTR4_p.Met32Ile	1
by_gender	female	locationaa	HTR5A_p.Arg139His	1
by_gender	female	locationaa	HTR5A_p.Asp121Asn	1
by_gender	female	locationaa	HTR5A_p.Ile223Phe	1
by_gender	female	locationaa	HTR7_p.Gln223His	1
by_gender	female	locationaa	HTT_p.Ala3047Val	1
by_gender	female	locationaa	HTT_p.Ile980Leu	1
by_gender	female	locationaa	HTT_p.Thr1017Ala	1
by_gender	female	locationaa	HUNK_p.Lys188Glu	1
by_gender	female	locationaa	HUS1B_p.Arg35His	1
by_gender	female	locationaa	HUS1_p.Val117Met	1
by_gender	female	locationaa	HUWE1_p.Asp2916Gly	1
by_gender	female	locationaa	HUWE1_p.Lys3409Met	1
by_gender	female	locationaa	HYAL1_p.Ser239Ile	1
by_gender	female	locationaa	HYAL4_p.Ala409Val	1
by_gender	female	locationaa	HYAL4_p.Gly110Val	1
by_gender	female	locationaa	HYDIN_p.Phe2576Ser	1
by_gender	female	locationaa	HYDIN_p.Phe879Tyr	1
by_gender	female	locationaa	HYDIN_p.Ser4147Phe	1
by_gender	female	locationaa	HYDIN_p.Val3757Ile	1
by_gender	female	locationaa	HYKK_p.Val50Ala	1
by_gender	female	locationaa	IAPP_p.Leu10Ile	1
by_gender	female	locationaa	IARS1_p.Arg694Trp	1
by_gender	female	locationaa	IARS1_p.Tyr409Cys	1
by_gender	female	locationaa	IBA57_p.Ala344Val	1
by_gender	female	locationaa	IBSP_p.Asn141Ile	1
by_gender	female	locationaa	IBSP_p.Ser108Tyr	1
by_gender	female	locationaa	ICA1_p.Arg145Trp	1
by_gender	female	locationaa	ICAM1_p.Pro311Leu	1
by_gender	female	locationaa	ICAM3_p.Pro529Ser	1
by_gender	female	locationaa	ICAM5_p.Leu153Phe	1
by_gender	female	locationaa	ICE1_p.Arg1509Cys	1
by_gender	female	locationaa	ICE1_p.Thr439Ser	1
by_gender	female	locationaa	ICE2_p.Ile178Ser	1
by_gender	female	locationaa	ICE2_p.Ile246Thr	1
by_gender	female	locationaa	ICE2_p.Leu845Phe	1
by_gender	female	locationaa	IDH1_p.Arg49Cys	1
by_gender	female	locationaa	IDH2_p.Gly201Asp	1
by_gender	female	locationaa	IDH3A_p.Asp139Asn	1
by_gender	female	locationaa	IDH3A_p.Pro304Thr	1
by_gender	female	locationaa	IDO2_p.Leu399Ser	1
by_gender	female	locationaa	IFFO1_p.Ala89Thr	1
by_gender	female	locationaa	IFI16_p.Ala282Val	1
by_gender	female	locationaa	IFI16_p.Met1?	1
by_gender	female	locationaa	IFI27L1_p.Ala43Thr	1
by_gender	female	locationaa	IFI27_p.Lys69Asn	1
by_gender	female	locationaa	IFI30_p.Ile93Phe	1
by_gender	female	locationaa	IFI44L_p.Val322Asp	1
by_gender	female	locationaa	IFI44_p.Leu383Val	1
by_gender	female	locationaa	IFIH1_p.Arg598His	1
by_gender	female	locationaa	IFIH1_p.Gln47Ter	1
by_gender	female	locationaa	IFIH1_p.Glu305Lys	1
by_gender	female	locationaa	IFIH1_p.Thr904Ala	1
by_gender	female	locationaa	IFIT1_p.Ser284Phe	1
by_gender	female	locationaa	IFIT3_p.Lys125Met	1
by_gender	female	locationaa	IFIT5_p.Leu201Val	1
by_gender	female	locationaa	IFNA10_p.Glu130Lys	1
by_gender	female	locationaa	IFNA10_p.Lys158Glu	1
by_gender	female	locationaa	IFNA16_p.Ser31Asn	1
by_gender	female	locationaa	IFNAR1_p.Lys547Thr	1
by_gender	female	locationaa	IFNAR2_p.Ser114Arg	1
by_gender	female	locationaa	IFNGR1_p.Glu404Gly	1
by_gender	female	locationaa	IFNK_p.Arg187Gln	1
by_gender	female	locationaa	IFNL3_p.Arg150Cys	1
by_gender	female	locationaa	IFRD1_p.Gly33Ser	1
by_gender	female	locationaa	IFRD1_p.Ile417Met	1
by_gender	female	locationaa	IFRD1_p.Ser52Cys	1
by_gender	female	locationaa	IFT122_p.Arg1196His	1
by_gender	female	locationaa	IFT140_p.Leu358Met	1
by_gender	female	locationaa	IFT140_p.Pro726Ser	1
by_gender	female	locationaa	IFT172_p.Ala1187Asp	1
by_gender	female	locationaa	IFT172_p.Gly713Ser	1
by_gender	female	locationaa	IFT52_p.Gly145Arg	1
by_gender	female	locationaa	IFT57_p.Ala321Val	1
by_gender	female	locationaa	IFT80_p.Arg253His	1
by_gender	female	locationaa	IFT81_p.Cys648Tyr	1
by_gender	female	locationaa	IFT88_p.Ala505Thr	1
by_gender	female	locationaa	IGBP1P2_p.Arg13Trp	1
by_gender	female	locationaa	IGBP1P2_p.Ile217Leu	1
by_gender	female	locationaa	IGDCC3_p.Pro426His	1
by_gender	female	locationaa	IGDCC4_p.Ala414Val	1
by_gender	female	locationaa	IGF1R_p.Asp802Asn	1
by_gender	female	locationaa	IGF1R_p.Thr1366Ala	1
by_gender	female	locationaa	IGF1R_p.Val942Ile	1
by_gender	female	locationaa	IGF2BP1_p.Ala519Thr	1
by_gender	female	locationaa	IGF2BP1_p.Gln563His	1
by_gender	female	locationaa	IGF2BP1_p.Gly175Asp	1
by_gender	female	locationaa	IGF2BP1_p.Pro182Ser	1
by_gender	female	locationaa	IGF2R_p.Arg1768Lys	1
by_gender	female	locationaa	IGF2R_p.Pro1004Ser	1
by_gender	female	locationaa	IGF2R_p.Ser421Arg	1
by_gender	female	locationaa	IGFALS_p.Arg325His	1
by_gender	female	locationaa	IGFL3_p.Cys82Ter	1
by_gender	female	locationaa	IGFLR1_p.Phe46Val	1
by_gender	female	locationaa	IGHA1_p.Leu145Ile	1
by_gender	female	locationaa	IGHA1_p.Thr289Ile	1
by_gender	female	locationaa	IGHA2_p.Ser115Pro	1
by_gender	female	locationaa	IGHE_p.Arg312Trp	1
by_gender	female	locationaa	IGHV1-2_p.Ser103Asn	1
by_gender	female	locationaa	IGHV2-5_p.Ser81Ile	1
by_gender	female	locationaa	IGHV3-30_p.Glu2Ter	1
by_gender	female	locationaa	IGHV3-33_p.Ala111Thr	1
by_gender	female	locationaa	IGHV3-35_p.Asn50Ser	1
by_gender	female	locationaa	IGHV3-49_p.Glu65Ter	1
by_gender	female	locationaa	IGHV3-53_p.Glu2Lys	1
by_gender	female	locationaa	IGHV3OR16-8_p.Asp81Asn	1
by_gender	female	locationaa	IGHV7-81_p.Gly27Asp	1
by_gender	female	locationaa	IGKV1-6_p.Leu100Met	1
by_gender	female	locationaa	IGKV1D-33_p.Leu12Ile	1
by_gender	female	locationaa	IGKV1D-43_p.Asp2Asn	1
by_gender	female	locationaa	IGKV2D-30_p.Arg71Cys	1
by_gender	female	locationaa	IGKV3-11_p.Ala45Val	1
by_gender	female	locationaa	IGKV3D-15_p.Asp17Tyr	1
by_gender	female	locationaa	IGKV4-1_p.Tyr51Ter	1
by_gender	female	locationaa	IGKV6D-21_p.Leu66Ile	1
by_gender	female	locationaa	IGLC7_p.Thr10Ala	1
by_gender	female	locationaa	IGLV2-23_p.Ser32Tyr	1
by_gender	female	locationaa	IGLV3-22_p.Tyr21Cys	1
by_gender	female	locationaa	IGLV3-27_p.Ala102Val	1
by_gender	female	locationaa	IGLV5-48_p.Cys41Tyr	1
by_gender	female	locationaa	IGSF10_p.Ala1554Thr	1
by_gender	female	locationaa	IGSF10_p.Arg1021Gln	1
by_gender	female	locationaa	IGSF10_p.Gly2196Glu	1
by_gender	female	locationaa	IGSF10_p.Leu2611His	1
by_gender	female	locationaa	IGSF10_p.Val468Ala	1
by_gender	female	locationaa	IGSF1_p.Arg1290Ter	1
by_gender	female	locationaa	IGSF1_p.Asp1093Tyr	1
by_gender	female	locationaa	IGSF1_p.Gln1072Glu	1
by_gender	female	locationaa	IGSF1_p.Ile437Thr	1
by_gender	female	locationaa	IGSF1_p.Leu647Arg	1
by_gender	female	locationaa	IGSF21_p.Gly297Ser	1
by_gender	female	locationaa	IGSF21_p.Thr268Met	1
by_gender	female	locationaa	IGSF3_p.Phe1128Ser	1
by_gender	female	locationaa	IGSF3_p.Tyr31His	1
by_gender	female	locationaa	IGSF8_p.Phe202Leu	1
by_gender	female	locationaa	IGSF9B_p.Arg104His	1
by_gender	female	locationaa	IGSF9B_p.Gln933His	1
by_gender	female	locationaa	IGSF9B_p.Glu1004Lys	1
by_gender	female	locationaa	IGSF9B_p.Glu795Asp	1
by_gender	female	locationaa	IGSF9B_p.Gly1160Ser	1
by_gender	female	locationaa	IGSF9B_p.Ser1023Arg	1
by_gender	female	locationaa	IGSF9_p.Ala1151Ser	1
by_gender	female	locationaa	IGSF9_p.Ala698Val	1
by_gender	female	locationaa	IGSF9_p.Arg628Gln	1
by_gender	female	locationaa	IGSF9_p.Pro1169Ser	1
by_gender	female	locationaa	IKBKB_p.Ala694Thr	1
by_gender	female	locationaa	IKBKB_p.Gln351Arg	1
by_gender	female	locationaa	IKBKE_p.Leu566Phe	1
by_gender	female	locationaa	IKZF1_p.Arg208Ter	1
by_gender	female	locationaa	IKZF1_p.Gly485Val	1
by_gender	female	locationaa	IKZF1_p.Gly75Val	1
by_gender	female	locationaa	IKZF1_p.Leu283Ile	1
by_gender	female	locationaa	IKZF2_p.Val238Ala	1
by_gender	female	locationaa	IKZF4_p.Glu497Ter	1
by_gender	female	locationaa	IL10RA_p.Arg101Trp	1
by_gender	female	locationaa	IL10RA_p.Arg284His	1
by_gender	female	locationaa	IL10RB_p.Glu141Lys	1
by_gender	female	locationaa	IL12B_p.Pro19Ser	1
by_gender	female	locationaa	IL17RA_p.Leu753Phe	1
by_gender	female	locationaa	IL17RA_p.Val341Ala	1
by_gender	female	locationaa	IL17RC_p.Ala525Val	1
by_gender	female	locationaa	IL18RAP_p.Val498Ala	1
by_gender	female	locationaa	IL1B_p.Arg214Ter	1
by_gender	female	locationaa	IL1R2_p.Ser283Asn	1
by_gender	female	locationaa	IL1RAPL2_p.Ala43Val	1
by_gender	female	locationaa	IL1RAPL2_p.Lys400Asn	1
by_gender	female	locationaa	IL1RAP_p.Arg328His	1
by_gender	female	locationaa	IL1RAP_p.Tyr153His	1
by_gender	female	locationaa	IL20RA_p.Gln235Ter	1
by_gender	female	locationaa	IL21R_p.Gly484Asp	1
by_gender	female	locationaa	IL22RA1_p.Thr557Ala	1
by_gender	female	locationaa	IL23R_p.Asn350Ser	1
by_gender	female	locationaa	IL26_p.Gln25Arg	1
by_gender	female	locationaa	IL27RA_p.Ala110Glu	1
by_gender	female	locationaa	IL2RB_p.Asp391Asn	1
by_gender	female	locationaa	IL2RB_p.Leu251Phe	1
by_gender	female	locationaa	IL33_p.Trp17Ter	1
by_gender	female	locationaa	IL34_p.Thr30Met	1
by_gender	female	locationaa	IL4R_p.Glu227_Gly236del	1
by_gender	female	locationaa	IL6ST_p.Asp171Gly	1
by_gender	female	locationaa	IL6ST_p.Leu124Phe	1
by_gender	female	locationaa	IL6_p.Pro46Gln	1
by_gender	female	locationaa	IL7R_p.Leu405Met	1
by_gender	female	locationaa	IL7_p.His70Arg	1
by_gender	female	locationaa	IL9_p.Cys14Arg	1
by_gender	female	locationaa	ILF2_p.Val27Ile	1
by_gender	female	locationaa	ILF3_p.Arg12Cys	1
by_gender	female	locationaa	ILF3_p.Glu178Asp	1
by_gender	female	locationaa	ILF3_p.Pro593Ser	1
by_gender	female	locationaa	ILRUN_p.Val181Ala	1
by_gender	female	locationaa	ILVBL_p.Gly611Val	1
by_gender	female	locationaa	ILVBL_p.Val237Ile	1
by_gender	female	locationaa	IMMT_p.Ile648Thr	1
by_gender	female	locationaa	IMPACT_p.Arg277His	1
by_gender	female	locationaa	IMPDH1_p.Asp213Gly	1
by_gender	female	locationaa	IMPDH2_p.Arg136Trp	1
by_gender	female	locationaa	IMPG1_p.Arg111Gln	1
by_gender	female	locationaa	IMPG1_p.Arg67Gln	1
by_gender	female	locationaa	IMPG1_p.Tyr558Cys	1
by_gender	female	locationaa	IMPG2_p.Asn384Asp	1
by_gender	female	locationaa	INA_p.Lys95Asn	1
by_gender	female	locationaa	INCA1_p.Arg39His	1
by_gender	female	locationaa	INCENP_p.Gly904Asp	1
by_gender	female	locationaa	INCENP_p.Ser263Phe	1
by_gender	female	locationaa	INF2_p.Ala1197Val	1
by_gender	female	locationaa	INF2_p.Leu1064PhefsTer26	1
by_gender	female	locationaa	INF2_p.Ser1004Phe	1
by_gender	female	locationaa	ING1_p.Pro89His	1
by_gender	female	locationaa	ING2_p.Arg154Met	1
by_gender	female	locationaa	ING5_p.Arg126Ter	1
by_gender	female	locationaa	ING5_p.Gln69His	1
by_gender	female	locationaa	INHBA_p.Gln179Ter	1
by_gender	female	locationaa	INHBC_p.Leu328Phe	1
by_gender	female	locationaa	INKA1_p.Val185Ala	1
by_gender	female	locationaa	INMT_p.Asp106Glu	1
by_gender	female	locationaa	INO80C_p.Pro86Ser	1
by_gender	female	locationaa	INO80E_p.Ser47Pro	1
by_gender	female	locationaa	INPP4A_p.Ala416Thr	1
by_gender	female	locationaa	INPP4B_p.Lys843Glu	1
by_gender	female	locationaa	INPP5A_p.Asp259Asn	1
by_gender	female	locationaa	INPP5F_p.Asp197GlufsTer11	1
by_gender	female	locationaa	INPP5F_p.Asp35Asn	1
by_gender	female	locationaa	INPP5F_p.His110Tyr	1
by_gender	female	locationaa	INPP5J_p.Ser864Asn	1
by_gender	female	locationaa	INPPL1_p.Met411Val	1
by_gender	female	locationaa	INSC_p.Lys278Asn	1
by_gender	female	locationaa	INSIG1_p.Arg166Leu	1
by_gender	female	locationaa	INSL6_p.Ser123Leu	1
by_gender	female	locationaa	INSM2_p.Arg310His	1
by_gender	female	locationaa	INSRR_p.Pro958Thr	1
by_gender	female	locationaa	INSRR_p.Val50Met	1
by_gender	female	locationaa	INSR_p.Ala402Thr	1
by_gender	female	locationaa	INSR_p.Arg1270Cys	1
by_gender	female	locationaa	INSR_p.Gly811Ser	1
by_gender	female	locationaa	INSYN1_p.Ser130Leu	1
by_gender	female	locationaa	INSYN2A_p.Leu362Arg	1
by_gender	female	locationaa	INTS10_p.Arg279Gln	1
by_gender	female	locationaa	INTS10_p.Ile450Leu	1
by_gender	female	locationaa	INTS11_p.Arg43Ter	1
by_gender	female	locationaa	INTS13_p.Ile373Thr	1
by_gender	female	locationaa	INTS1_p.Arg57His	1
by_gender	female	locationaa	INTS1_p.Asp1021Asn	1
by_gender	female	locationaa	INTS1_p.Ser295Ile	1
by_gender	female	locationaa	INTS3_p.Arg334His	1
by_gender	female	locationaa	INTS4_p.Gln403His	1
by_gender	female	locationaa	INTS5_p.Ala172Thr	1
by_gender	female	locationaa	INTS5_p.Ala476Val	1
by_gender	female	locationaa	INTS7_p.Ala188Val	1
by_gender	female	locationaa	INTS8_p.Ala630Val	1
by_gender	female	locationaa	INTS8_p.Arg656His	1
by_gender	female	locationaa	INTU_p.Asp507Gly	1
by_gender	female	locationaa	INTU_p.Val803Phe	1
by_gender	female	locationaa	IP6K1_p.Arg329His	1
by_gender	female	locationaa	IPO4_p.Arg953Ter	1
by_gender	female	locationaa	IPO4_p.Val752Met	1
by_gender	female	locationaa	IPO8_p.Ile655Thr	1
by_gender	female	locationaa	IPO8_p.Lys341Thr	1
by_gender	female	locationaa	IPP_p.Arg227Ter	1
by_gender	female	locationaa	IQCB1_p.Ala549Val	1
by_gender	female	locationaa	IQCF1_p.Arg141His	1
by_gender	female	locationaa	IQCH_p.Arg448Met	1
by_gender	female	locationaa	IQCJ-SCHIP1_p.Leu41Pro	1
by_gender	female	locationaa	IQCN_p.Ala892Ser	1
by_gender	female	locationaa	IQGAP1_p.Ala851Val	1
by_gender	female	locationaa	IQGAP2_p.Lys631Thr	1
by_gender	female	locationaa	IQGAP3_p.Arg1438Gln	1
by_gender	female	locationaa	IQGAP3_p.Leu1244Phe	1
by_gender	female	locationaa	IQSEC1_p.Arg156Cys	1
by_gender	female	locationaa	IQSEC1_p.Arg634His	1
by_gender	female	locationaa	IQSEC1_p.Gln723Ter	1
by_gender	female	locationaa	IQSEC1_p.Val23Ile	1
by_gender	female	locationaa	IQSEC3_p.Arg183Ile	1
by_gender	female	locationaa	IQSEC3_p.Arg693Ter	1
by_gender	female	locationaa	IRAG1_p.Ala783Thr	1
by_gender	female	locationaa	IRAG1_p.Glu911Ter	1
by_gender	female	locationaa	IRAG2_p.Glu1023Asp	1
by_gender	female	locationaa	IRAG2_p.Val970Met	1
by_gender	female	locationaa	IRAK1BP1_p.Arg116Lys	1
by_gender	female	locationaa	IRAK3_p.Glu480Lys	1
by_gender	female	locationaa	IRAK4_p.Pro126His	1
by_gender	female	locationaa	IREB2_p.Val602Ala	1
by_gender	female	locationaa	IRF2BP1_p.Ser3Tyr	1
by_gender	female	locationaa	IRF2BP2_p.Arg453Met	1
by_gender	female	locationaa	IRF2BP2_p.Val350Ile	1
by_gender	female	locationaa	IRF3_p.Arg86His	1
by_gender	female	locationaa	IRF6_p.Cys317Arg	1
by_gender	female	locationaa	IRF6_p.Gln82His	1
by_gender	female	locationaa	IRF8_p.Ala257Thr	1
by_gender	female	locationaa	IRF8_p.Arg404Gln	1
by_gender	female	locationaa	IRF9_p.Ala388Thr	1
by_gender	female	locationaa	IRGQ_p.Ala252Thr	1
by_gender	female	locationaa	IRS1_p.Asn1115Ser	1
by_gender	female	locationaa	IRS2_p.Thr1102Ala	1
by_gender	female	locationaa	IRS4_p.Asn492Ile	1
by_gender	female	locationaa	IRS4_p.Gly52Ala	1
by_gender	female	locationaa	IRX1_p.Glu159Asp	1
by_gender	female	locationaa	IRX1_p.Pro443Leu	1
by_gender	female	locationaa	IRX1_p.Ser87Ile	1
by_gender	female	locationaa	IRX2_p.Ala106Thr	1
by_gender	female	locationaa	IRX2_p.Ala278Val	1
by_gender	female	locationaa	IRX2_p.Thr179Ile	1
by_gender	female	locationaa	IRX4_p.Arg151Cys	1
by_gender	female	locationaa	IRX6_p.Arg169His	1
by_gender	female	locationaa	IRX6_p.Arg306His	1
by_gender	female	locationaa	ISG20L2_p.Pro287Thr	1
by_gender	female	locationaa	ISL2_p.Tyr81Cys	1
by_gender	female	locationaa	ISLR2_p.Ala60Thr	1
by_gender	female	locationaa	ISLR_p.Arg87Cys	1
by_gender	female	locationaa	ISLR_p.Thr193Ile	1
by_gender	female	locationaa	ISM1_p.Ala331Thr	1
by_gender	female	locationaa	ISM2_p.Ser440Asn	1
by_gender	female	locationaa	ISYNA1_p.Thr231Met	1
by_gender	female	locationaa	ITCH_p.Arg462Gln	1
by_gender	female	locationaa	ITCH_p.Arg470Gly	1
by_gender	female	locationaa	ITFG1_p.Arg529Ter	1
by_gender	female	locationaa	ITFG2_p.Gly169Arg	1
by_gender	female	locationaa	ITFG2_p.Gly204Cys	1
by_gender	female	locationaa	ITGA1_p.Arg24His	1
by_gender	female	locationaa	ITGA1_p.Leu1103Ile	1
by_gender	female	locationaa	ITGA1_p.Ser868PhefsTer4	1
by_gender	female	locationaa	ITGA1_p.Val106Ile	1
by_gender	female	locationaa	ITGA1_p.Val789Gly	1
by_gender	female	locationaa	ITGA2_p.Arg553Ter	1
by_gender	female	locationaa	ITGA5_p.Ala607Asp	1
by_gender	female	locationaa	ITGA7_p.Tyr400His	1
by_gender	female	locationaa	ITGA8_p.Ala142Asp	1
by_gender	female	locationaa	ITGA8_p.Pro985Ser	1
by_gender	female	locationaa	ITGAD_p.Arg425His	1
by_gender	female	locationaa	ITGAE_p.Ala953Ser	1
by_gender	female	locationaa	ITGAE_p.Ser788Asn	1
by_gender	female	locationaa	ITGAL_p.Gly442Arg	1
by_gender	female	locationaa	ITGAM_p.Ser418Asn	1
by_gender	female	locationaa	ITGAV_p.His732Tyr	1
by_gender	female	locationaa	ITGAV_p.Leu24Met	1
by_gender	female	locationaa	ITGAX_p.Gln596His	1
by_gender	female	locationaa	ITGB1BP1_p.Ala150Val	1
by_gender	female	locationaa	ITGB3BP_p.Ser60Pro	1
by_gender	female	locationaa	ITGB3_p.Arg63His	1
by_gender	female	locationaa	ITGB4_p.Ala157Thr	1
by_gender	female	locationaa	ITGB4_p.Gln1094His	1
by_gender	female	locationaa	ITGB4_p.Glu361Asp	1
by_gender	female	locationaa	ITGB4_p.Phe201LeufsTer15	1
by_gender	female	locationaa	ITGB4_p.Pro321His	1
by_gender	female	locationaa	ITGB4_p.Ser1595Tyr	1
by_gender	female	locationaa	ITGB5_p.Gln389His	1
by_gender	female	locationaa	ITGB5_p.Pro353Ser	1
by_gender	female	locationaa	ITGB5_p.Ser91Ile	1
by_gender	female	locationaa	ITGB8_p.Arg243Ser	1
by_gender	female	locationaa	ITGB8_p.Glu164Lys	1
by_gender	female	locationaa	ITGB8_p.Lys144Glu	1
by_gender	female	locationaa	ITIH1_p.Ser210Ala	1
by_gender	female	locationaa	ITIH2_p.Ala599Thr	1
by_gender	female	locationaa	ITIH2_p.Lys749Asn	1
by_gender	female	locationaa	ITIH3_p.Tyr167Cys	1
by_gender	female	locationaa	ITIH5_p.Ala77Thr	1
by_gender	female	locationaa	ITIH5_p.Asp921Ala	1
by_gender	female	locationaa	ITIH6_p.Ala417Val	1
by_gender	female	locationaa	ITIH6_p.Met967Ile	1
by_gender	female	locationaa	ITK_p.Lys48Thr	1
by_gender	female	locationaa	ITLN1_p.Glu87Lys	1
by_gender	female	locationaa	ITLN2_p.Gly304Glu	1
by_gender	female	locationaa	ITM2B_p.Asp162Ala	1
by_gender	female	locationaa	ITPK1_p.Glu260Ter	1
by_gender	female	locationaa	ITPKB_p.Leu689Met	1
by_gender	female	locationaa	ITPKB_p.Ser679Arg	1
by_gender	female	locationaa	ITPR1_p.Ala1584Val	1
by_gender	female	locationaa	ITPR1_p.Leu2388Met	1
by_gender	female	locationaa	ITPR1_p.Thr2426Ile	1
by_gender	female	locationaa	ITPR1_p.Val1510Leu	1
by_gender	female	locationaa	ITPR2_p.Arg744Cys	1
by_gender	female	locationaa	ITPR3_p.Arg2131His	1
by_gender	female	locationaa	ITPR3_p.Arg2659Cys	1
by_gender	female	locationaa	ITPR3_p.Arg537Trp	1
by_gender	female	locationaa	ITPR3_p.Ile917Val	1
by_gender	female	locationaa	ITPR3_p.Ser1657Leu	1
by_gender	female	locationaa	ITPR3_p.Val498Phe	1
by_gender	female	locationaa	ITPRID1_p.Gly382Val	1
by_gender	female	locationaa	ITPRID2_p.Ala882Ser	1
by_gender	female	locationaa	ITPRID2_p.Gln925His	1
by_gender	female	locationaa	ITPRID2_p.Gln974Ter	1
by_gender	female	locationaa	ITPRIP_p.Leu178Ile	1
by_gender	female	locationaa	ITPRIP_p.Leu53Ser	1
by_gender	female	locationaa	ITPRIP_p.Met344Ile	1
by_gender	female	locationaa	ITSN1_p.Arg992Ter	1
by_gender	female	locationaa	ITSN1_p.Asp1214Tyr	1
by_gender	female	locationaa	ITSN1_p.Gln1322His	1
by_gender	female	locationaa	ITSN1_p.Glu1428Asp	1
by_gender	female	locationaa	ITSN1_p.Met1515Ile	1
by_gender	female	locationaa	ITSN1_p.Val57Ala	1
by_gender	female	locationaa	ITSN2_p.Ala1075Val	1
by_gender	female	locationaa	ITSN2_p.Gly190Glu	1
by_gender	female	locationaa	ITSN2_p.Gly215Ter	1
by_gender	female	locationaa	ITSN2_p.Ile481Thr	1
by_gender	female	locationaa	ITSN2_p.Trp873Ter	1
by_gender	female	locationaa	IVL_p.Asp517His	1
by_gender	female	locationaa	IVNS1ABP_p.Gly69Glu	1
by_gender	female	locationaa	IWS1_p.Val594Ala	1
by_gender	female	locationaa	IZUMO4_p.Cys145Tyr	1
by_gender	female	locationaa	JADE1_p.Trp454Ter	1
by_gender	female	locationaa	JADE2_p.Glu198Lys	1
by_gender	female	locationaa	JAG2_p.Cys394Tyr	1
by_gender	female	locationaa	JAG2_p.Gly254Arg	1
by_gender	female	locationaa	JAGN1_p.Ser143PhefsTer41	1
by_gender	female	locationaa	JAK2_p.Arg443Ter	1
by_gender	female	locationaa	JAK2_p.Ser602Ile	1
by_gender	female	locationaa	JAK3_p.Ala853Thr	1
by_gender	female	locationaa	JAK3_p.Asp609Tyr	1
by_gender	female	locationaa	JAK3_p.Gly712Ser	1
by_gender	female	locationaa	JAKMIP1_p.Arg421His	1
by_gender	female	locationaa	JAKMIP2_p.Arg107Gly	1
by_gender	female	locationaa	JAKMIP2_p.Asp338Asn	1
by_gender	female	locationaa	JAKMIP2_p.Gln743His	1
by_gender	female	locationaa	JAM2_p.Ala104Val	1
by_gender	female	locationaa	JARID2_p.Ala396GlyfsTer25	1
by_gender	female	locationaa	JARID2_p.Ser172Ile	1
by_gender	female	locationaa	JCAD_p.Ala1279Val	1
by_gender	female	locationaa	JCAD_p.Arg57Cys	1
by_gender	female	locationaa	JMJD1C_p.Glu1020Asp	1
by_gender	female	locationaa	JMJD1C_p.Lys2365Asn	1
by_gender	female	locationaa	JMJD1C_p.Phe1094Leu	1
by_gender	female	locationaa	JMJD1C_p.Ser236Phe	1
by_gender	female	locationaa	JMY_p.Glu945Ter	1
by_gender	female	locationaa	JOSD1_p.Lys158Asn	1
by_gender	female	locationaa	JPH1_p.Gly210Asp	1
by_gender	female	locationaa	JPH3_p.Ala282Thr	1
by_gender	female	locationaa	JPH3_p.Gly345Asp	1
by_gender	female	locationaa	JPH4_p.Ala381Thr	1
by_gender	female	locationaa	JPH4_p.Ala560Thr	1
by_gender	female	locationaa	JSRP1_p.Ala37Ser	1
by_gender	female	locationaa	JUND_p.Asn307Ser	1
by_gender	female	locationaa	JUP_p.Arg444Cys	1
by_gender	female	locationaa	KALRN_p.Ala1659Val	1
by_gender	female	locationaa	KALRN_p.Asp2515Ala	1
by_gender	female	locationaa	KALRN_p.Asp7Glu	1
by_gender	female	locationaa	KALRN_p.Leu508Pro	1
by_gender	female	locationaa	KALRN_p.Leu765Met	1
by_gender	female	locationaa	KALRN_p.Ser1607Ile	1
by_gender	female	locationaa	KANK1_p.Glu607Asp	1
by_gender	female	locationaa	KANK4_p.Ser493Ile	1
by_gender	female	locationaa	KANSL1_p.Ala914Thr	1
by_gender	female	locationaa	KANSL1_p.Arg1064Ter	1
by_gender	female	locationaa	KANSL1_p.Arg297His	1
by_gender	female	locationaa	KANSL1_p.Ser1081Leu	1
by_gender	female	locationaa	KANSL1_p.Val611Ile	1
by_gender	female	locationaa	KANSL3_p.Phe402Cys	1
by_gender	female	locationaa	KARS1_p.Thr500Ala	1
by_gender	female	locationaa	KAT14_p.Arg555Gln	1
by_gender	female	locationaa	KAT14_p.Arg576His	1
by_gender	female	locationaa	KAT2A_p.Leu608Phe	1
by_gender	female	locationaa	KAT2A_p.Ser304Ile	1
by_gender	female	locationaa	KAT5_p.Ser190Leu	1
by_gender	female	locationaa	KAT6A_p.Arg748Cys	1
by_gender	female	locationaa	KAT6A_p.Ser1507Arg	1
by_gender	female	locationaa	KAT6B_p.Ala156Thr	1
by_gender	female	locationaa	KAT6B_p.Glu822Lys	1
by_gender	female	locationaa	KAT6B_p.Thr1175Ala	1
by_gender	female	locationaa	KATNAL1_p.Ala193Thr	1
by_gender	female	locationaa	KATNB1_p.Asp510Gly	1
by_gender	female	locationaa	KATNBL1_p.Glu179Lys	1
by_gender	female	locationaa	KATNIP_p.Arg119Lys	1
by_gender	female	locationaa	KBTBD2_p.Leu217Phe	1
by_gender	female	locationaa	KBTBD3_p.Thr394Ala	1
by_gender	female	locationaa	KBTBD4_p.Arg316del	1
by_gender	female	locationaa	KBTBD6_p.Arg254Trp	1
by_gender	female	locationaa	KBTBD8_p.Arg380Ile	1
by_gender	female	locationaa	KBTBD8_p.Arg495His	1
by_gender	female	locationaa	KCNA10_p.Ala214Val	1
by_gender	female	locationaa	KCNA10_p.Ile166Ser	1
by_gender	female	locationaa	KCNA10_p.Leu255Ile	1
by_gender	female	locationaa	KCNA2_p.Gly17Val	1
by_gender	female	locationaa	KCNA3_p.Val460Met	1
by_gender	female	locationaa	KCNA4_p.Arg216His	1
by_gender	female	locationaa	KCNA5_p.Arg229His	1
by_gender	female	locationaa	KCNA5_p.Val588Ile	1
by_gender	female	locationaa	KCNA6_p.Arg281Cys	1
by_gender	female	locationaa	KCNA6_p.Arg467Gln	1
by_gender	female	locationaa	KCNA6_p.Arg518Trp	1
by_gender	female	locationaa	KCNA6_p.Arg81Ser	1
by_gender	female	locationaa	KCNA6_p.Gly255Arg	1
by_gender	female	locationaa	KCNA6_p.Gly68Arg	1
by_gender	female	locationaa	KCNA6_p.Pro70Ser	1
by_gender	female	locationaa	KCNA6_p.Thr268Met	1
by_gender	female	locationaa	KCNA7_p.Ala182Thr	1
by_gender	female	locationaa	KCNB1_p.Arg456Trp	1
by_gender	female	locationaa	KCNB1_p.Val200Ile	1
by_gender	female	locationaa	KCNB1_p.Val413Ile	1
by_gender	female	locationaa	KCNB2_p.Phe341Cys	1
by_gender	female	locationaa	KCNB2_p.Pro414Ser	1
by_gender	female	locationaa	KCNC1_p.Arg314His	1
by_gender	female	locationaa	KCNC1_p.Leu466Met	1
by_gender	female	locationaa	KCNC1_p.Ser130Asn	1
by_gender	female	locationaa	KCNC2_p.Ala390Asp	1
by_gender	female	locationaa	KCNC2_p.Thr398Ile	1
by_gender	female	locationaa	KCNC3_p.Arg700Cys	1
by_gender	female	locationaa	KCNC4_p.Ala376Val	1
by_gender	female	locationaa	KCNC4_p.Glu534Lys	1
by_gender	female	locationaa	KCND1_p.Gly624Ser	1
by_gender	female	locationaa	KCND2_p.Ala201Thr	1
by_gender	female	locationaa	KCND3_p.Pro217Gln	1
by_gender	female	locationaa	KCNE1_p.Trp87Ter	1
by_gender	female	locationaa	KCNE4_p.Ala163Thr	1
by_gender	female	locationaa	KCNF1_p.Glu136Asp	1
by_gender	female	locationaa	KCNG2_p.Asn252Ile	1
by_gender	female	locationaa	KCNG2_p.Gly446Asp	1
by_gender	female	locationaa	KCNG3_p.Glu131Lys	1
by_gender	female	locationaa	KCNG3_p.Gly222Arg	1
by_gender	female	locationaa	KCNG3_p.Leu27Met	1
by_gender	female	locationaa	KCNG4_p.Gly121Arg	1
by_gender	female	locationaa	KCNG4_p.Ile405Val	1
by_gender	female	locationaa	KCNH1_p.Arg573Leu	1
by_gender	female	locationaa	KCNH1_p.Ser64Ile	1
by_gender	female	locationaa	KCNH1_p.Ser781Asn	1
by_gender	female	locationaa	KCNH3_p.Arg511Cys	1
by_gender	female	locationaa	KCNH3_p.Glu653Asp	1
by_gender	female	locationaa	KCNH3_p.Leu402Met	1
by_gender	female	locationaa	KCNH3_p.Thr20Met	1
by_gender	female	locationaa	KCNH4_p.Asp112Gly	1
by_gender	female	locationaa	KCNH4_p.Lys509Arg	1
by_gender	female	locationaa	KCNH5_p.Ala586Val	1
by_gender	female	locationaa	KCNH5_p.Ala624Thr	1
by_gender	female	locationaa	KCNH5_p.Arg560His	1
by_gender	female	locationaa	KCNH5_p.Arg689Cys	1
by_gender	female	locationaa	KCNH5_p.Cys92Ter	1
by_gender	female	locationaa	KCNH6_p.Ala231Val	1
by_gender	female	locationaa	KCNH6_p.Ala399Val	1
by_gender	female	locationaa	KCNH7_p.Arg246Gln	1
by_gender	female	locationaa	KCNH7_p.Asp465Asn	1
by_gender	female	locationaa	KCNH7_p.Asp67Asn	1
by_gender	female	locationaa	KCNH7_p.Leu700Phe	1
by_gender	female	locationaa	KCNH7_p.Ser789Tyr	1
by_gender	female	locationaa	KCNIP4_p.Ala131Val	1
by_gender	female	locationaa	KCNJ12_p.Asp252Asn	1
by_gender	female	locationaa	KCNJ13_p.Leu41Phe	1
by_gender	female	locationaa	KCNJ14_p.Arg51His	1
by_gender	female	locationaa	KCNJ14_p.Leu142Met	1
by_gender	female	locationaa	KCNJ15_p.Thr154Ser	1
by_gender	female	locationaa	KCNJ1_p.Ser381Leu	1
by_gender	female	locationaa	KCNJ2_p.Val295Met	1
by_gender	female	locationaa	KCNJ4_p.Asp164Asn	1
by_gender	female	locationaa	KCNJ4_p.Glu88Ter	1
by_gender	female	locationaa	KCNJ5_p.Asp223Asn	1
by_gender	female	locationaa	KCNJ8_p.Ala88Thr	1
by_gender	female	locationaa	KCNK10_p.Arg407His	1
by_gender	female	locationaa	KCNK10_p.Gly243Asp	1
by_gender	female	locationaa	KCNK13_p.Ala119Val	1
by_gender	female	locationaa	KCNK13_p.Cys210Ter	1
by_gender	female	locationaa	KCNK18_p.Leu83Phe	1
by_gender	female	locationaa	KCNK1_p.Ala200Thr	1
by_gender	female	locationaa	KCNK1_p.Val182Ile	1
by_gender	female	locationaa	KCNK2_p.Asp353Ala	1
by_gender	female	locationaa	KCNK3_p.Arg150Trp	1
by_gender	female	locationaa	KCNK3_p.Cys363Tyr	1
by_gender	female	locationaa	KCNK3_p.Thr216Met	1
by_gender	female	locationaa	KCNK3_p.Val90Ile	1
by_gender	female	locationaa	KCNK4_p.Arg141Gln	1
by_gender	female	locationaa	KCNK6_p.Val250Leu	1
by_gender	female	locationaa	KCNMA1_p.Ala1093Thr	1
by_gender	female	locationaa	KCNMA1_p.Phe233Ser	1
by_gender	female	locationaa	KCNMB4_p.Cys76Tyr	1
by_gender	female	locationaa	KCNN3_p.Ala419Thr	1
by_gender	female	locationaa	KCNQ2_p.Ala295Thr	1
by_gender	female	locationaa	KCNQ2_p.Arg489His	1
by_gender	female	locationaa	KCNQ2_p.Leu356Met	1
by_gender	female	locationaa	KCNQ3_p.Asp556Asn	1
by_gender	female	locationaa	KCNQ3_p.Gln362His	1
by_gender	female	locationaa	KCNQ3_p.Pro287Ser	1
by_gender	female	locationaa	KCNQ4_p.Tyr232Cys	1
by_gender	female	locationaa	KCNQ5_p.Ala699Val	1
by_gender	female	locationaa	KCNQ5_p.Leu494Phe	1
by_gender	female	locationaa	KCNQ5_p.Ser280Leu	1
by_gender	female	locationaa	KCNQ5_p.Thr540Ile	1
by_gender	female	locationaa	KCNS1_p.Gly38Asp	1
by_gender	female	locationaa	KCNS2_p.Ser190Asn	1
by_gender	female	locationaa	KCNS3_p.Arg163Ter	1
by_gender	female	locationaa	KCNS3_p.Thr482Ile	1
by_gender	female	locationaa	KCNT1_p.Arg532Cys	1
by_gender	female	locationaa	KCNT1_p.Leu260Met	1
by_gender	female	locationaa	KCNT1_p.Val816Met	1
by_gender	female	locationaa	KCNT2_p.Arg1019Gln	1
by_gender	female	locationaa	KCNT2_p.His1062Gln	1
by_gender	female	locationaa	KCNU1_p.Ser1070Ala	1
by_gender	female	locationaa	KCNV2_p.Ala452Thr	1
by_gender	female	locationaa	KCNV2_p.Asp140Asn	1
by_gender	female	locationaa	KCTD11_p.Arg227Trp	1
by_gender	female	locationaa	KCTD11_p.Leu81Met	1
by_gender	female	locationaa	KCTD12_p.Ser295Asn	1
by_gender	female	locationaa	KCTD18_p.Arg319His	1
by_gender	female	locationaa	KCTD18_p.Lys274Thr	1
by_gender	female	locationaa	KCTD3_p.Arg709Lys	1
by_gender	female	locationaa	KCTD3_p.Glu744Ter	1
by_gender	female	locationaa	KCTD3_p.Pro317Thr	1
by_gender	female	locationaa	KCTD6_p.Gly180Glu	1
by_gender	female	locationaa	KCTD6_p.Thr116Ala	1
by_gender	female	locationaa	KCTD8_p.Arg321Ter	1
by_gender	female	locationaa	KCTD9_p.Gly227Cys	1
by_gender	female	locationaa	KDELR2_p.Ile3Met	1
by_gender	female	locationaa	KDM1A_p.Ile804Leu	1
by_gender	female	locationaa	KDM1B_p.Leu710Met	1
by_gender	female	locationaa	KDM1B_p.Val369Met	1
by_gender	female	locationaa	KDM2A_p.Tyr129Cys	1
by_gender	female	locationaa	KDM2B_p.Arg1147Trp	1
by_gender	female	locationaa	KDM2B_p.Arg804Trp	1
by_gender	female	locationaa	KDM2B_p.Cys616Tyr	1
by_gender	female	locationaa	KDM2B_p.Leu1082Met	1
by_gender	female	locationaa	KDM3B_p.Ser1203Ter	1
by_gender	female	locationaa	KDM4A_p.Arg921Met	1
by_gender	female	locationaa	KDM4A_p.Glu944Ala	1
by_gender	female	locationaa	KDM4B_p.Asp236Asn	1
by_gender	female	locationaa	KDM4B_p.His202Tyr	1
by_gender	female	locationaa	KDM5A_p.Leu725Phe	1
by_gender	female	locationaa	KDM5B_p.Gln1357Ter	1
by_gender	female	locationaa	KDM5B_p.Glu140Lys	1
by_gender	female	locationaa	KDM5B_p.Pro1034Ser	1
by_gender	female	locationaa	KDM5B_p.Thr1465Ala	1
by_gender	female	locationaa	KDM5C_p.Gln237His	1
by_gender	female	locationaa	KDM6A_p.Arg922Ter	1
by_gender	female	locationaa	KDM6A_p.Thr825AsnfsTer10	1
by_gender	female	locationaa	KDM6B_p.Ala1281Thr	1
by_gender	female	locationaa	KDM6B_p.Gly659Arg	1
by_gender	female	locationaa	KDM6B_p.Gly813Glu	1
by_gender	female	locationaa	KDM6B_p.Ser444Ile	1
by_gender	female	locationaa	KDR_p.Ser35Ile	1
by_gender	female	locationaa	KDSR_p.Val169Met	1
by_gender	female	locationaa	KEAP1_p.Ala188Gly	1
by_gender	female	locationaa	KEAP1_p.Thr543Met	1
by_gender	female	locationaa	KERA_p.Thr4Pro	1
by_gender	female	locationaa	KHDC4_p.Ala525Ser	1
by_gender	female	locationaa	KHDC4_p.Gly379Ter	1
by_gender	female	locationaa	KHDC4_p.Val107Leu	1
by_gender	female	locationaa	KHNYN_p.Ala306Thr	1
by_gender	female	locationaa	KIAA0100_p.Arg2108Ter	1
by_gender	female	locationaa	KIAA0100_p.Arg2234His	1
by_gender	female	locationaa	KIAA0100_p.Gly2074Glu	1
by_gender	female	locationaa	KIAA0100_p.Ile157Met	1
by_gender	female	locationaa	KIAA0100_p.Ser587Tyr	1
by_gender	female	locationaa	KIAA0232_p.Ala212Ser	1
by_gender	female	locationaa	KIAA0232_p.Glu592Lys	1
by_gender	female	locationaa	KIAA0232_p.Thr684Ala	1
by_gender	female	locationaa	KIAA0232_p.Val1051Ile	1
by_gender	female	locationaa	KIAA0319L_p.Glu1004Asp	1
by_gender	female	locationaa	KIAA0319_p.Asp603Tyr	1
by_gender	female	locationaa	KIAA0408_p.Arg668Ile	1
by_gender	female	locationaa	KIAA0408_p.Gly162Val	1
by_gender	female	locationaa	KIAA0408_p.Lys127Ter	1
by_gender	female	locationaa	KIAA0586_p.Ala261Val	1
by_gender	female	locationaa	KIAA0895L_p.Arg144Trp	1
by_gender	female	locationaa	KIAA0895_p.Asp431Tyr	1
by_gender	female	locationaa	KIAA0895_p.Leu466Arg	1
by_gender	female	locationaa	KIAA0930_p.Glu154Asp	1
by_gender	female	locationaa	KIAA1109_p.Asp3673Gly	1
by_gender	female	locationaa	KIAA1109_p.Leu1575Arg	1
by_gender	female	locationaa	KIAA1109_p.Pro4627Leu	1
by_gender	female	locationaa	KIAA1109_p.Val4855Met	1
by_gender	female	locationaa	KIAA1143_p.Gly26Ser	1
by_gender	female	locationaa	KIAA1210_p.Lys1231Asn	1
by_gender	female	locationaa	KIAA1210_p.Ser709Ile	1
by_gender	female	locationaa	KIAA1217_p.Gln1412Ter	1
by_gender	female	locationaa	KIAA1217_p.Glu1234Ter	1
by_gender	female	locationaa	KIAA1217_p.Val32Ala	1
by_gender	female	locationaa	KIAA1522_p.Glu77Ter	1
by_gender	female	locationaa	KIAA1549L_p.Ala119Thr	1
by_gender	female	locationaa	KIAA1549L_p.Glu900Lys	1
by_gender	female	locationaa	KIAA1549L_p.Val1269Ile	1
by_gender	female	locationaa	KIAA1549_p.Ala1152Thr	1
by_gender	female	locationaa	KIAA1549_p.Gly1771Ser	1
by_gender	female	locationaa	KIAA1549_p.Gly247Asp	1
by_gender	female	locationaa	KIAA1549_p.Ser1775Phe	1
by_gender	female	locationaa	KIAA1549_p.Ser515Asn	1
by_gender	female	locationaa	KIAA1614_p.Lys708Asn	1
by_gender	female	locationaa	KIAA1841_p.Lys589Gln	1
by_gender	female	locationaa	KIAA1841_p.Met173Val	1
by_gender	female	locationaa	KIAA1958_p.Ala525Val	1
by_gender	female	locationaa	KIAA1958_p.Glu10Asp	1
by_gender	female	locationaa	KIAA2013_p.Pro632Thr	1
by_gender	female	locationaa	KIAA2026_p.Gly82Cys	1
by_gender	female	locationaa	KIDINS220_p.Arg978Gln	1
by_gender	female	locationaa	KIDINS220_p.His83Arg	1
by_gender	female	locationaa	KIDINS220_p.Met1643Ile	1
by_gender	female	locationaa	KIF11_p.Ala277Val	1
by_gender	female	locationaa	KIF11_p.Ala390Asp	1
by_gender	female	locationaa	KIF13A_p.Ala583Thr	1
by_gender	female	locationaa	KIF13A_p.Arg1105Gln	1
by_gender	female	locationaa	KIF13A_p.Arg220Cys	1
by_gender	female	locationaa	KIF13A_p.Asn1387Ile	1
by_gender	female	locationaa	KIF13B_p.Gln665His	1
by_gender	female	locationaa	KIF13B_p.Glu1206Asp	1
by_gender	female	locationaa	KIF14_p.Arg1189Met	1
by_gender	female	locationaa	KIF15_p.Asn1020Lys	1
by_gender	female	locationaa	KIF17_p.Arg294Gln	1
by_gender	female	locationaa	KIF17_p.Pro115Leu	1
by_gender	female	locationaa	KIF18B_p.Gly56Asp	1
by_gender	female	locationaa	KIF19_p.Ala462Val	1
by_gender	female	locationaa	KIF1A_p.Arg457Trp	1
by_gender	female	locationaa	KIF1A_p.Glu1249Asp	1
by_gender	female	locationaa	KIF1A_p.Lys1687Asn	1
by_gender	female	locationaa	KIF1B_p.Ala1332Val	1
by_gender	female	locationaa	KIF1B_p.Glu1516Lys	1
by_gender	female	locationaa	KIF1C_p.Gly199Glu	1
by_gender	female	locationaa	KIF20B_p.Arg1280Met	1
by_gender	female	locationaa	KIF20B_p.Lys112Gln	1
by_gender	female	locationaa	KIF20B_p.Thr1134Asn	1
by_gender	female	locationaa	KIF21A_p.Ser1239Tyr	1
by_gender	female	locationaa	KIF21B_p.Arg947Met	1
by_gender	female	locationaa	KIF21B_p.Asp243Gly	1
by_gender	female	locationaa	KIF21B_p.Trp59Cys	1
by_gender	female	locationaa	KIF22_p.Arg202Trp	1
by_gender	female	locationaa	KIF22_p.Gln109Ter	1
by_gender	female	locationaa	KIF23_p.Lys308Thr	1
by_gender	female	locationaa	KIF26A_p.Ala1226Thr	1
by_gender	female	locationaa	KIF26B_p.Ala1766Val	1
by_gender	female	locationaa	KIF26B_p.Lys1059Asn	1
by_gender	female	locationaa	KIF26B_p.Pro1486Gln	1
by_gender	female	locationaa	KIF26B_p.Val1248Ile	1
by_gender	female	locationaa	KIF27_p.Ala280Thr	1
by_gender	female	locationaa	KIF27_p.Arg206Lys	1
by_gender	female	locationaa	KIF27_p.Val429Ala	1
by_gender	female	locationaa	KIF2B_p.Ala333Val	1
by_gender	female	locationaa	KIF2B_p.Arg107Met	1
by_gender	female	locationaa	KIF2B_p.Lys373Met	1
by_gender	female	locationaa	KIF2B_p.Tyr194Asp	1
by_gender	female	locationaa	KIF3C_p.Arg229Cys	1
by_gender	female	locationaa	KIF3C_p.Ser269Leu	1
by_gender	female	locationaa	KIF4A_p.Lys715Arg	1
by_gender	female	locationaa	KIF4B_p.Arg256His	1
by_gender	female	locationaa	KIF4B_p.Asp52Asn	1
by_gender	female	locationaa	KIF4B_p.Lys665Glu	1
by_gender	female	locationaa	KIF5A_p.Arg606Gln	1
by_gender	female	locationaa	KIF5A_p.Glu667Lys	1
by_gender	female	locationaa	KIF5B_p.Asn469Ser	1
by_gender	female	locationaa	KIF9_p.Lys338Thr	1
by_gender	female	locationaa	KIFAP3_p.Arg650Ter	1
by_gender	female	locationaa	KIFC3_p.Ala526Val	1
by_gender	female	locationaa	KIFC3_p.Arg401Met	1
by_gender	female	locationaa	KIFC3_p.Arg829Trp	1
by_gender	female	locationaa	KIR2DS4_p.Leu182Met	1
by_gender	female	locationaa	KIR3DL1_p.Gly20Ser	1
by_gender	female	locationaa	KIR3DL1_p.Met252Ile	1
by_gender	female	locationaa	KIR3DL2_p.Leu266Ile	1
by_gender	female	locationaa	KIR3DL3_p.Pro67Ser	1
by_gender	female	locationaa	KIRREL1_p.Tyr738Cys	1
by_gender	female	locationaa	KIRREL2_p.Ala62Thr	1
by_gender	female	locationaa	KIRREL2_p.Arg272His	1
by_gender	female	locationaa	KIRREL2_p.Gly576Asp	1
by_gender	female	locationaa	KIRREL3_p.Met34Ile	1
by_gender	female	locationaa	KIRREL3_p.Ser729Asn	1
by_gender	female	locationaa	KISS1_p.Arg56Lys	1
by_gender	female	locationaa	KIT_p.Pro212Ser	1
by_gender	female	locationaa	KIT_p.Pro871His	1
by_gender	female	locationaa	KIT_p.Ser261Arg	1
by_gender	female	locationaa	KIZ_p.Asn219Thr	1
by_gender	female	locationaa	KIZ_p.Asp172Gly	1
by_gender	female	locationaa	KLB_p.Asp578Glu	1
by_gender	female	locationaa	KLC1_p.Thr485Met	1
by_gender	female	locationaa	KLF10_p.Phe350Cys	1
by_gender	female	locationaa	KLF12_p.Gln235Lys	1
by_gender	female	locationaa	KLF14_p.Asp240Asn	1
by_gender	female	locationaa	KLF17_p.Gln59His	1
by_gender	female	locationaa	KLF4_p.Ser258Asn	1
by_gender	female	locationaa	KLF5_p.Gln154ArgfsTer5	1
by_gender	female	locationaa	KLF5_p.Pro312Ser	1
by_gender	female	locationaa	KLF6_p.Gly206Asp	1
by_gender	female	locationaa	KLHDC4_p.Arg341Cys	1
by_gender	female	locationaa	KLHDC4_p.Leu191Met	1
by_gender	female	locationaa	KLHDC7A_p.Glu344Lys	1
by_gender	female	locationaa	KLHDC7B_p.Ala445Asp	1
by_gender	female	locationaa	KLHDC8A_p.Arg260Ter	1
by_gender	female	locationaa	KLHDC8A_p.Thr123Met	1
by_gender	female	locationaa	KLHL10_p.Ala428Thr	1
by_gender	female	locationaa	KLHL10_p.Gly36Asp	1
by_gender	female	locationaa	KLHL11_p.Thr529Ala	1
by_gender	female	locationaa	KLHL14_p.Arg265His	1
by_gender	female	locationaa	KLHL14_p.Gln311Leu	1
by_gender	female	locationaa	KLHL14_p.Leu330Met	1
by_gender	female	locationaa	KLHL17_p.Arg178Ter	1
by_gender	female	locationaa	KLHL18_p.Ala153Val	1
by_gender	female	locationaa	KLHL1_p.Ala463Asp	1
by_gender	female	locationaa	KLHL1_p.Arg6Ter	1
by_gender	female	locationaa	KLHL1_p.Ser66Ile	1
by_gender	female	locationaa	KLHL20_p.Arg479His	1
by_gender	female	locationaa	KLHL22_p.Ala70Val	1
by_gender	female	locationaa	KLHL22_p.Pro133Ser	1
by_gender	female	locationaa	KLHL24_p.Lys492Arg	1
by_gender	female	locationaa	KLHL30_p.Ala154Asp	1
by_gender	female	locationaa	KLHL30_p.Gly383Ser	1
by_gender	female	locationaa	KLHL31_p.Asp222Tyr	1
by_gender	female	locationaa	KLHL31_p.Met173Thr	1
by_gender	female	locationaa	KLHL32_p.Arg374His	1
by_gender	female	locationaa	KLHL32_p.Asp503Asn	1
by_gender	female	locationaa	KLHL32_p.His56Asn	1
by_gender	female	locationaa	KLHL34_p.Ala246Thr	1
by_gender	female	locationaa	KLHL36_p.Arg307Trp	1
by_gender	female	locationaa	KLHL36_p.Gly96Glu	1
by_gender	female	locationaa	KLHL36_p.Thr219Met	1
by_gender	female	locationaa	KLHL38_p.Arg49Cys	1
by_gender	female	locationaa	KLHL6_p.Lys485Asn	1
by_gender	female	locationaa	KLHL6_p.Val257Ala	1
by_gender	female	locationaa	KLHL9_p.Val257Ile	1
by_gender	female	locationaa	KLK11_p.Ala121Thr	1
by_gender	female	locationaa	KLK15_p.Arg104His	1
by_gender	female	locationaa	KLK1_p.Ser229Thr	1
by_gender	female	locationaa	KLK2_p.Gly28Val	1
by_gender	female	locationaa	KLK7_p.Ala122Val	1
by_gender	female	locationaa	KLKB1_p.Gln553Ter	1
by_gender	female	locationaa	KLRC4_p.Leu93Phe	1
by_gender	female	locationaa	KLRG2_p.Gly10Glu	1
by_gender	female	locationaa	KL_p.Thr686Met	1
by_gender	female	locationaa	KMO_p.Lys231Asn	1
by_gender	female	locationaa	KMO_p.Lys67Asn	1
by_gender	female	locationaa	KMT2A_p.Asp2295Asn	1
by_gender	female	locationaa	KMT2B_p.Arg1290His	1
by_gender	female	locationaa	KMT2B_p.Gln759His	1
by_gender	female	locationaa	KMT2B_p.Glu1234Lys	1
by_gender	female	locationaa	KMT2C_p.Ala4702Val	1
by_gender	female	locationaa	KMT2C_p.Ala918Ser	1
by_gender	female	locationaa	KMT2C_p.Arg2235Ser	1
by_gender	female	locationaa	KMT2C_p.Asp1107Gly	1
by_gender	female	locationaa	KMT2C_p.Asp4288Glu	1
by_gender	female	locationaa	KMT2C_p.Gly4559TrpfsTer15	1
by_gender	female	locationaa	KMT2C_p.His4718Arg	1
by_gender	female	locationaa	KMT2C_p.Ile2122Met	1
by_gender	female	locationaa	KMT2C_p.Leu3290Ter	1
by_gender	female	locationaa	KMT2C_p.Pro1549Ser	1
by_gender	female	locationaa	KMT2C_p.Pro1595Leu	1
by_gender	female	locationaa	KMT2C_p.Pro1946Thr	1
by_gender	female	locationaa	KMT2C_p.Pro2093Thr	1
by_gender	female	locationaa	KMT2C_p.Pro3905LeufsTer29	1
by_gender	female	locationaa	KMT2C_p.Ser3687Asn	1
by_gender	female	locationaa	KMT2D_p.Ala4959Val	1
by_gender	female	locationaa	KMT2D_p.Ala5118Val	1
by_gender	female	locationaa	KMT2D_p.Gln4329His	1
by_gender	female	locationaa	KMT2D_p.Glu517SerfsTer413	1
by_gender	female	locationaa	KMT2D_p.Leu2594ProfsTer61	1
by_gender	female	locationaa	KMT2D_p.Leu3748Ile	1
by_gender	female	locationaa	KMT2D_p.Leu5219Ile	1
by_gender	female	locationaa	KMT2D_p.Lys2096Asn	1
by_gender	female	locationaa	KMT2D_p.Lys857Glu	1
by_gender	female	locationaa	KMT2E_p.Ala1508Thr	1
by_gender	female	locationaa	KMT2E_p.Ala632Ser	1
by_gender	female	locationaa	KMT5A_p.Ala260Val	1
by_gender	female	locationaa	KMT5B_p.Arg220Ter	1
by_gender	female	locationaa	KMT5B_p.Asp784Tyr	1
by_gender	female	locationaa	KMT5C_p.Ala8Ser	1
by_gender	female	locationaa	KMT5C_p.Pro193His	1
by_gender	female	locationaa	KNCN_p.Arg11Cys	1
by_gender	female	locationaa	KNDC1_p.Glu1391Lys	1
by_gender	female	locationaa	KNDC1_p.Pro1600His	1
by_gender	female	locationaa	KNDC1_p.Pro377Thr	1
by_gender	female	locationaa	KNDC1_p.Ser1072Tyr	1
by_gender	female	locationaa	KNL1_p.Lys2200Asn	1
by_gender	female	locationaa	KNSTRN_p.Arg214Trp	1
by_gender	female	locationaa	KRAS_p.Gln61His	2
by_gender	female	locationaa	KRAS_p.Gly12Arg	10
by_gender	female	locationaa	KRAS_p.Gly12Asp	15
by_gender	female	locationaa	KRAS_p.Gly12Val	12
by_gender	female	locationaa	KRBA1_p.His181Tyr	1
by_gender	female	locationaa	KRBA2_p.Pro2His	1
by_gender	female	locationaa	KRBA2_p.Pro475Leu	1
by_gender	female	locationaa	KRBOX4_p.Ala152Pro	1
by_gender	female	locationaa	KRCC1_p.Ala24Val	1
by_gender	female	locationaa	KRCC1_p.Tyr8Cys	1
by_gender	female	locationaa	KREMEN1_p.Ala311Thr	1
by_gender	female	locationaa	KREMEN1_p.Leu120Arg	1
by_gender	female	locationaa	KRIT1_p.Arg140Ter	1
by_gender	female	locationaa	KRIT1_p.Thr65Ala	1
by_gender	female	locationaa	KRT12_p.Asp379Asn	1
by_gender	female	locationaa	KRT12_p.Glu162Asp	1
by_gender	female	locationaa	KRT15_p.Arg356His	1
by_gender	female	locationaa	KRT15_p.Gly87Trp	1
by_gender	female	locationaa	KRT16_p.Gly268Arg	1
by_gender	female	locationaa	KRT17_p.Glu332Asp	1
by_gender	female	locationaa	KRT17_p.Gly246Cys	1
by_gender	female	locationaa	KRT19_p.Ala103Val	1
by_gender	female	locationaa	KRT1_p.Arg179Ter	1
by_gender	female	locationaa	KRT1_p.Val503Ala	1
by_gender	female	locationaa	KRT20_p.Ala151Thr	1
by_gender	female	locationaa	KRT24_p.Arg252Trp	1
by_gender	female	locationaa	KRT27_p.Lys368Asn	1
by_gender	female	locationaa	KRT28_p.Ser402Phe	1
by_gender	female	locationaa	KRT2_p.Arg275His	1
by_gender	female	locationaa	KRT2_p.Asn251Thr	1
by_gender	female	locationaa	KRT31_p.Asp294Asn	1
by_gender	female	locationaa	KRT31_p.Thr228Ala	1
by_gender	female	locationaa	KRT33A_p.Ala248Thr	1
by_gender	female	locationaa	KRT33B_p.Gln324Lys	1
by_gender	female	locationaa	KRT34_p.Ala81Thr	1
by_gender	female	locationaa	KRT34_p.Arg205Cys	1
by_gender	female	locationaa	KRT34_p.Arg55His	1
by_gender	female	locationaa	KRT38_p.Arg277Trp	1
by_gender	female	locationaa	KRT39_p.Cys66Tyr	1
by_gender	female	locationaa	KRT3_p.Arg297Cys	1
by_gender	female	locationaa	KRT3_p.Gly95Cys	1
by_gender	female	locationaa	KRT40_p.Arg262Cys	1
by_gender	female	locationaa	KRT40_p.Glu245Ter	1
by_gender	female	locationaa	KRT4_p.Ser288Thr	1
by_gender	female	locationaa	KRT4_p.Ser64Cys	1
by_gender	female	locationaa	KRT6A_p.Ala20Val	1
by_gender	female	locationaa	KRT74_p.Ala312Thr	1
by_gender	female	locationaa	KRT76_p.Gly154Ter	1
by_gender	female	locationaa	KRT79_p.Ala154Thr	1
by_gender	female	locationaa	KRT7_p.Ser2Pro	1
by_gender	female	locationaa	KRT80_p.Arg243His	1
by_gender	female	locationaa	KRT82_p.Pro25Leu	1
by_gender	female	locationaa	KRT83_p.Gly9Ser	1
by_gender	female	locationaa	KRT83_p.Thr262Asn	1
by_gender	female	locationaa	KRT85_p.Arg162Cys	1
by_gender	female	locationaa	KRT86_p.Thr451Ala	1
by_gender	female	locationaa	KRTAP10-12_p.Arg208His	1
by_gender	female	locationaa	KRTAP10-2_p.Cys168SerfsTer178	1
by_gender	female	locationaa	KRTAP10-3_p.Cys221Ter	1
by_gender	female	locationaa	KRTAP10-4_p.Asp31Asn	1
by_gender	female	locationaa	KRTAP11-1_p.Cys91Phe	1
by_gender	female	locationaa	KRTAP12-2_p.Ser99Thr	1
by_gender	female	locationaa	KRTAP13-4_p.Ser12Phe	1
by_gender	female	locationaa	KRTAP15-1_p.Arg69Ser	1
by_gender	female	locationaa	KRTAP15-1_p.Leu19Met	1
by_gender	female	locationaa	KRTAP19-4_p.Cys53Ter	1
by_gender	female	locationaa	KRTAP19-8_p.Gly43Asp	1
by_gender	female	locationaa	KRTAP20-2_p.Gly36Cys	1
by_gender	female	locationaa	KRTAP24-1_p.Ser197Arg	1
by_gender	female	locationaa	KRTAP4-5_p.Gln52His	1
by_gender	female	locationaa	KRTAP6-2_p.Arg31His	1
by_gender	female	locationaa	KSR1_p.Asp711Tyr	1
by_gender	female	locationaa	KSR1_p.Ser231Pro	1
by_gender	female	locationaa	KSR2_p.Pro542Ser	1
by_gender	female	locationaa	KTI12_p.Val35Ala	1
by_gender	female	locationaa	KYNU_p.Pro108His	1
by_gender	female	locationaa	L2HGDH_p.Leu108Pro	1
by_gender	female	locationaa	L3HYPDH_p.Ala311Asp	1
by_gender	female	locationaa	L3HYPDH_p.Gln56His	1
by_gender	female	locationaa	L3MBTL1_p.Gly609Arg	1
by_gender	female	locationaa	L3MBTL2_p.Leu442Met	1
by_gender	female	locationaa	L3MBTL2_p.Tyr357Asn	1
by_gender	female	locationaa	L3MBTL4_p.Trp56Ter	1
by_gender	female	locationaa	LACC1_p.Ter431TrpextTer3	1
by_gender	female	locationaa	LACRT_p.Ala11Asp	1
by_gender	female	locationaa	LACTB2_p.Arg220Ter	1
by_gender	female	locationaa	LAIR2_p.Gly108Glu	1
by_gender	female	locationaa	LAMA1_p.Leu663Pro	1
by_gender	female	locationaa	LAMA1_p.Thr599Met	1
by_gender	female	locationaa	LAMA1_p.Tyr2886Cys	1
by_gender	female	locationaa	LAMA1_p.Val2945Met	1
by_gender	female	locationaa	LAMA1_p.Val2953Ala	1
by_gender	female	locationaa	LAMA2_p.Ala1000Val	1
by_gender	female	locationaa	LAMA2_p.Asp510Asn	1
by_gender	female	locationaa	LAMA2_p.Cys1062Tyr	1
by_gender	female	locationaa	LAMA2_p.Cys937Gly	1
by_gender	female	locationaa	LAMA3_p.Cys2974Ter	1
by_gender	female	locationaa	LAMA3_p.Gln2624His	1
by_gender	female	locationaa	LAMA4_p.Ala1584Val	1
by_gender	female	locationaa	LAMA4_p.Val1223Ala	1
by_gender	female	locationaa	LAMA5_p.Ala2201Asp	1
by_gender	female	locationaa	LAMA5_p.Ala277Val	1
by_gender	female	locationaa	LAMA5_p.Gly1455Asp	1
by_gender	female	locationaa	LAMA5_p.Gly411Asp	1
by_gender	female	locationaa	LAMA5_p.Gly593Ter	1
by_gender	female	locationaa	LAMB1_p.Ala172Thr	1
by_gender	female	locationaa	LAMB1_p.Arg1548His	1
by_gender	female	locationaa	LAMB1_p.Ser93Ile	1
by_gender	female	locationaa	LAMB2_p.Ala1558Val	1
by_gender	female	locationaa	LAMB2_p.Arg504His	1
by_gender	female	locationaa	LAMB2_p.Arg584His	1
by_gender	female	locationaa	LAMB3_p.Ala832Ser	1
by_gender	female	locationaa	LAMB4_p.Ala1549Thr	1
by_gender	female	locationaa	LAMB4_p.Gly897Asp	1
by_gender	female	locationaa	LAMC3_p.Ala1380Val	1
by_gender	female	locationaa	LAMP1_p.Arg326Ter	1
by_gender	female	locationaa	LAMP2_p.Leu296Met	1
by_gender	female	locationaa	LAMTOR3_p.Arg85His	1
by_gender	female	locationaa	LAMTOR5_p.Pro63His	1
by_gender	female	locationaa	LANCL1_p.Arg136Trp	1
by_gender	female	locationaa	LAP3_p.Glu110Lys	1
by_gender	female	locationaa	LAPTM4B_p.Gly183Arg	1
by_gender	female	locationaa	LAPTM5_p.Ala20Thr	1
by_gender	female	locationaa	LAPTM5_p.Ser147Ile	1
by_gender	female	locationaa	LARGE2_p.Ala386Asp	1
by_gender	female	locationaa	LARP1B_p.Arg123Gln	1
by_gender	female	locationaa	LARP1B_p.Glu501Asp	1
by_gender	female	locationaa	LARP1_p.Arg198His	1
by_gender	female	locationaa	LARP4_p.Arg374Cys	1
by_gender	female	locationaa	LARP4_p.Asn275Ser	1
by_gender	female	locationaa	LARS2_p.Ala139Thr	1
by_gender	female	locationaa	LATS1_p.Arg1125His	1
by_gender	female	locationaa	LATS1_p.Glu1003Ter	1
by_gender	female	locationaa	LATS2_p.Arg1043Ter	1
by_gender	female	locationaa	LBH_p.Glu97Asp	1
by_gender	female	locationaa	LBR_p.Arg586Cys	1
by_gender	female	locationaa	LCA5_p.Val401Ile	1
by_gender	female	locationaa	LCE1C_p.Pro25Ser	1
by_gender	female	locationaa	LCE1F_p.Arg83Ser	1
by_gender	female	locationaa	LCK_p.Arg39Gln	1
by_gender	female	locationaa	LCMT1_p.Ala99Thr	1
by_gender	female	locationaa	LCMT1_p.Ter335=	1
by_gender	female	locationaa	LCMT2_p.Ser403Ile	1
by_gender	female	locationaa	LCN8_p.Gly64Arg	1
by_gender	female	locationaa	LCORL_p.Thr114Ile	1
by_gender	female	locationaa	LCOR_p.Ala315Asp	1
by_gender	female	locationaa	LCOR_p.Ile548Ser	1
by_gender	female	locationaa	LCP1_p.Ala2Val	1
by_gender	female	locationaa	LCP1_p.Ala463Thr	1
by_gender	female	locationaa	LCP1_p.Thr150Met	1
by_gender	female	locationaa	LCT_p.Arg1311Ter	1
by_gender	female	locationaa	LCT_p.Gly509Ter	1
by_gender	female	locationaa	LCT_p.Gly760Glu	1
by_gender	female	locationaa	LDAH_p.Leu229Val	1
by_gender	female	locationaa	LDB1_p.Gln221His	1
by_gender	female	locationaa	LDB2_p.Thr326Met	1
by_gender	female	locationaa	LDB3_p.Arg296Ter	1
by_gender	female	locationaa	LDHB_p.Val159Met	1
by_gender	female	locationaa	LDLRAD1_p.Gly166Glu	1
by_gender	female	locationaa	LDLRAD4_p.Ala11Asp	1
by_gender	female	locationaa	LDLRAD4_p.Pro111Leu	1
by_gender	female	locationaa	LDLRAP1_p.Glu301Asp	1
by_gender	female	locationaa	LDOC1_p.Tyr146Cys	1
by_gender	female	locationaa	LEF1_p.Ala150Val	1
by_gender	female	locationaa	LEFTY2_p.Gly229Arg	1
by_gender	female	locationaa	LEMD1_p.Ile144Thr	1
by_gender	female	locationaa	LEMD2_p.Arg362Cys	1
by_gender	female	locationaa	LEMD2_p.Arg435Cys	1
by_gender	female	locationaa	LEMD3_p.Arg623His	1
by_gender	female	locationaa	LENG8_p.Gln165His	1
by_gender	female	locationaa	LENG8_p.Gln291His	1
by_gender	female	locationaa	LENG8_p.Glu625Lys	1
by_gender	female	locationaa	LEPR_p.Arg1099Lys	1
by_gender	female	locationaa	LFNG_p.Ala107Thr	1
by_gender	female	locationaa	LGALS4_p.Cys172Tyr	1
by_gender	female	locationaa	LGALS9B_p.Arg177Cys	1
by_gender	female	locationaa	LGALS9B_p.Ser263Arg	1
by_gender	female	locationaa	LGI4_p.Leu494Met	1
by_gender	female	locationaa	LGR4_p.Thr674Ile	1
by_gender	female	locationaa	LGR5_p.Pro905Ser	1
by_gender	female	locationaa	LGSN_p.Arg404Gln	1
by_gender	female	locationaa	LGSN_p.Gly17Asp	1
by_gender	female	locationaa	LGSN_p.Val35Phe	1
by_gender	female	locationaa	LHCGR_p.Val308Leu	1
by_gender	female	locationaa	LHFPL3_p.Ala136Thr	1
by_gender	female	locationaa	LHX1_p.Ala153Thr	1
by_gender	female	locationaa	LHX1_p.Ala197Val	1
by_gender	female	locationaa	LHX3_p.Arg187His	1
by_gender	female	locationaa	LHX3_p.Gln107His	1
by_gender	female	locationaa	LHX8_p.Pro293Ser	1
by_gender	female	locationaa	LIFR_p.Arg862Gln	1
by_gender	female	locationaa	LIFR_p.Asp650Asn	1
by_gender	female	locationaa	LIFR_p.Gln591His	1
by_gender	female	locationaa	LIF_p.Ala59Val	1
by_gender	female	locationaa	LIG4_p.Ala839Asp	1
by_gender	female	locationaa	LIG4_p.Tyr130Cys	1
by_gender	female	locationaa	LIG4_p.Tyr525Ter	1
by_gender	female	locationaa	LILRA2_p.Ser176Tyr	1
by_gender	female	locationaa	LILRA4_p.Thr186Ile	1
by_gender	female	locationaa	LILRA5_p.Gln161Lys	1
by_gender	female	locationaa	LILRA6_p.Lys441Asn	1
by_gender	female	locationaa	LILRB2_p.Gln564Arg	1
by_gender	female	locationaa	LILRB4_p.Pro181Ser	1
by_gender	female	locationaa	LILRB5_p.Arg200Met	1
by_gender	female	locationaa	LIM2_p.Arg129His	1
by_gender	female	locationaa	LIMA1_p.Arg127Gly	1
by_gender	female	locationaa	LIMD1_p.Gln338His	1
by_gender	female	locationaa	LIMD1_p.Gly201Ser	1
by_gender	female	locationaa	LIMK2_p.Tyr523His	1
by_gender	female	locationaa	LIMS2_p.Gly119Asp	1
by_gender	female	locationaa	LIN54_p.Val412Ile	1
by_gender	female	locationaa	LIN7A_p.Arg199Cys	1
by_gender	female	locationaa	LIN7A_p.Glu83Lys	1
by_gender	female	locationaa	LIN9_p.Pro352Ser	1
by_gender	female	locationaa	LINGO4_p.Arg587Trp	1
by_gender	female	locationaa	LIPA_p.Leu14Ile	1
by_gender	female	locationaa	LIPE_p.Leu730Ile	1
by_gender	female	locationaa	LIPF_p.Phe237Val	1
by_gender	female	locationaa	LIPG_p.Arg431His	1
by_gender	female	locationaa	LIPG_p.Arg54His	1
by_gender	female	locationaa	LIPG_p.Lys428Asn	1
by_gender	female	locationaa	LIPH_p.Ile335Ser	1
by_gender	female	locationaa	LIPJ_p.Ser212Leu	1
by_gender	female	locationaa	LLGL1_p.Asp43Asn	1
by_gender	female	locationaa	LLGL1_p.Glu931Ter	1
by_gender	female	locationaa	LLGL1_p.Val323Ala	1
by_gender	female	locationaa	LLGL2_p.Ala341Thr	1
by_gender	female	locationaa	LLGL2_p.Ser660Ile	1
by_gender	female	locationaa	LMAN2_p.Asp229Asn	1
by_gender	female	locationaa	LMBR1_p.Trp186Ter	1
by_gender	female	locationaa	LMF2_p.Ala253Thr	1
by_gender	female	locationaa	LMNTD1_p.Lys125Glu	1
by_gender	female	locationaa	LMNTD1_p.Thr63Pro	1
by_gender	female	locationaa	LMO7_p.Arg150Lys	1
by_gender	female	locationaa	LMO7_p.Glu413Lys	1
by_gender	female	locationaa	LMO7_p.Gly1618Asp	1
by_gender	female	locationaa	LMOD1_p.Glu311Asp	1
by_gender	female	locationaa	LMOD3_p.Lys120Asn	1
by_gender	female	locationaa	LMTK2_p.Arg411Trp	1
by_gender	female	locationaa	LMTK2_p.Asp674Tyr	1
by_gender	female	locationaa	LMTK2_p.Leu1009Ile	1
by_gender	female	locationaa	LMTK3_p.Gln1218Ter	1
by_gender	female	locationaa	LMTK3_p.Leu862Met	1
by_gender	female	locationaa	LMX1A_p.Arg194His	1
by_gender	female	locationaa	LMX1B_p.Arg217Trp	1
by_gender	female	locationaa	LMX1B_p.Leu373Phe	1
by_gender	female	locationaa	LNPEP_p.Asp727Gly	1
by_gender	female	locationaa	LNPEP_p.Pro162Ser	1
by_gender	female	locationaa	LNPK_p.Arg169Gln	1
by_gender	female	locationaa	LNPK_p.Phe97Val	1
by_gender	female	locationaa	LNPK_p.Pro318Thr	1
by_gender	female	locationaa	LNX2_p.Glu317Asp	1
by_gender	female	locationaa	LONP1_p.Ala817Ser	1
by_gender	female	locationaa	LONP2_p.Ala789Val	1
by_gender	female	locationaa	LONP2_p.Arg759Gln	1
by_gender	female	locationaa	LONRF2_p.Glu645Asp	1
by_gender	female	locationaa	LONRF3_p.Arg307His	1
by_gender	female	locationaa	LOXL1_p.Glu474Lys	1
by_gender	female	locationaa	LOXL2_p.Arg198His	1
by_gender	female	locationaa	LOXL2_p.Leu367Met	1
by_gender	female	locationaa	LPAR1_p.Ala89Thr	1
by_gender	female	locationaa	LPAR1_p.Gly54Ter	1
by_gender	female	locationaa	LPAR1_p.Thr113Ile	1
by_gender	female	locationaa	LPAR4_p.Arg145Gln	1
by_gender	female	locationaa	LPAR5_p.Val278Met	1
by_gender	female	locationaa	LPA_p.Ala1976Val	1
by_gender	female	locationaa	LPA_p.Pro1226His	1
by_gender	female	locationaa	LPA_p.Thr1182Ile	1
by_gender	female	locationaa	LPCAT3_p.Leu104Ile	1
by_gender	female	locationaa	LPCAT3_p.Leu466Val	1
by_gender	female	locationaa	LPIN1_p.Glu349Asp	1
by_gender	female	locationaa	LPIN2_p.Glu318Lys	1
by_gender	female	locationaa	LPO_p.Ala161Val	1
by_gender	female	locationaa	LPO_p.Arg514Trp	1
by_gender	female	locationaa	LPO_p.Gln483His	1
by_gender	female	locationaa	LPO_p.Glu167Asp	1
by_gender	female	locationaa	LPO_p.Thr674Ile	1
by_gender	female	locationaa	LPP_p.Ile243Met	1
by_gender	female	locationaa	LRATD1_p.Pro117Thr	1
by_gender	female	locationaa	LRATD1_p.Ser14Ile	1
by_gender	female	locationaa	LRBA_p.Ala1707Thr	1
by_gender	female	locationaa	LRBA_p.Gln814Glu	1
by_gender	female	locationaa	LRBA_p.Glu1876Lys	1
by_gender	female	locationaa	LRCH1_p.Arg368His	1
by_gender	female	locationaa	LRCH1_p.Glu199Lys	1
by_gender	female	locationaa	LRCH1_p.Pro382Leu	1
by_gender	female	locationaa	LRCH3_p.Ala425Thr	1
by_gender	female	locationaa	LRCH3_p.Arg91Ter	1
by_gender	female	locationaa	LRCH3_p.Glu386Gln	1
by_gender	female	locationaa	LRCH4_p.Leu438Phe	1
by_gender	female	locationaa	LRFN1_p.Ser234Leu	1
by_gender	female	locationaa	LRFN1_p.Val213Ala	1
by_gender	female	locationaa	LRFN2_p.Phe239Leu	1
by_gender	female	locationaa	LRFN5_p.Met481Val	1
by_gender	female	locationaa	LRG1_p.Thr327Met	1
by_gender	female	locationaa	LRGUK_p.Glu710Asp	1
by_gender	female	locationaa	LRIF1_p.Asn721Ser	1
by_gender	female	locationaa	LRIF1_p.Leu304Phe	1
by_gender	female	locationaa	LRIG1_p.Ala957Val	1
by_gender	female	locationaa	LRIG2_p.Arg614His	1
by_gender	female	locationaa	LRIG2_p.Arg995Trp	1
by_gender	female	locationaa	LRIG2_p.Pro723Thr	1
by_gender	female	locationaa	LRIG3_p.Leu152Phe	1
by_gender	female	locationaa	LRIG3_p.Leu425TyrfsTer9	1
by_gender	female	locationaa	LRIT1_p.Arg80Met	1
by_gender	female	locationaa	LRIT1_p.Val538Ile	1
by_gender	female	locationaa	LRIT2_p.Pro50Leu	1
by_gender	female	locationaa	LRIT3_p.Asp526Gly	1
by_gender	female	locationaa	LRIT3_p.Ile599Ser	1
by_gender	female	locationaa	LRIT3_p.Ser459Asn	1
by_gender	female	locationaa	LRP10_p.Gly597Val	1
by_gender	female	locationaa	LRP12_p.Trp399Ter	1
by_gender	female	locationaa	LRP1B_p.Arg1369Ser	1
by_gender	female	locationaa	LRP1B_p.Arg3064Ter	1
by_gender	female	locationaa	LRP1B_p.Asn2501His	1
by_gender	female	locationaa	LRP1B_p.Asp2281Gly	1
by_gender	female	locationaa	LRP1B_p.Cys3342Arg	1
by_gender	female	locationaa	LRP1B_p.Glu1887Lys	1
by_gender	female	locationaa	LRP1B_p.Ile4337Met	1
by_gender	female	locationaa	LRP1B_p.Ile552Val	1
by_gender	female	locationaa	LRP1B_p.Phe3131Ile	1
by_gender	female	locationaa	LRP1B_p.Phe3826Leu	1
by_gender	female	locationaa	LRP1B_p.Pro887Ser	1
by_gender	female	locationaa	LRP1B_p.Ser3266Tyr	1
by_gender	female	locationaa	LRP1B_p.Val1323Ile	1
by_gender	female	locationaa	LRP1B_p.Val2967Gly	1
by_gender	female	locationaa	LRP1_p.Ala2981Val	1
by_gender	female	locationaa	LRP1_p.Ala844Val	1
by_gender	female	locationaa	LRP1_p.Arg2577Cys	1
by_gender	female	locationaa	LRP1_p.Arg2613Trp	1
by_gender	female	locationaa	LRP1_p.Cys3346Tyr	1
by_gender	female	locationaa	LRP1_p.Glu4526Lys	1
by_gender	female	locationaa	LRP1_p.Gly2139Asp	1
by_gender	female	locationaa	LRP1_p.Ser226Ile	1
by_gender	female	locationaa	LRP3_p.Ser326Pro	1
by_gender	female	locationaa	LRP4_p.Arg1506Trp	1
by_gender	female	locationaa	LRP4_p.Arg534Met	1
by_gender	female	locationaa	LRP5_p.Asp891Asn	1
by_gender	female	locationaa	LRP5_p.Gly1442Ser	1
by_gender	female	locationaa	LRP5_p.Phe549Leu	1
by_gender	female	locationaa	LRP5_p.Ser1017Cys	1
by_gender	female	locationaa	LRP6_p.Asp351Asn	1
by_gender	female	locationaa	LRP6_p.His1524Tyr	1
by_gender	female	locationaa	LRP6_p.Pro771His	1
by_gender	female	locationaa	LRPAP1_p.Glu303GlyfsTer13	1
by_gender	female	locationaa	LRRC10_p.Ala252Thr	1
by_gender	female	locationaa	LRRC14B_p.Gln449Ter	1
by_gender	female	locationaa	LRRC14_p.Ala179Val	1
by_gender	female	locationaa	LRRC14_p.Ala74Thr	1
by_gender	female	locationaa	LRRC14_p.Arg246His	1
by_gender	female	locationaa	LRRC25_p.Ala162Thr	1
by_gender	female	locationaa	LRRC27_p.Ala293Val	1
by_gender	female	locationaa	LRRC27_p.Arg494Ter	1
by_gender	female	locationaa	LRRC27_p.His115Tyr	1
by_gender	female	locationaa	LRRC30_p.Arg46Trp	1
by_gender	female	locationaa	LRRC37A3_p.Gln1107Ter	1
by_gender	female	locationaa	LRRC37A_p.Ala1428Thr	1
by_gender	female	locationaa	LRRC37B_p.Arg845Ter	1
by_gender	female	locationaa	LRRC37B_p.Lys696Thr	1
by_gender	female	locationaa	LRRC42_p.Lys140Gln	1
by_gender	female	locationaa	LRRC43_p.Pro617Ser	1
by_gender	female	locationaa	LRRC46_p.Cys16Tyr	1
by_gender	female	locationaa	LRRC47_p.Tyr448His	1
by_gender	female	locationaa	LRRC49_p.Trp349Arg	1
by_gender	female	locationaa	LRRC4B_p.Cys361Ter	1
by_gender	female	locationaa	LRRC4C_p.Thr491Pro	1
by_gender	female	locationaa	LRRC4_p.Ala166Thr	1
by_gender	female	locationaa	LRRC52_p.Cys39Tyr	1
by_gender	female	locationaa	LRRC55_p.Gly138Glu	1
by_gender	female	locationaa	LRRC55_p.Gly184Ser	1
by_gender	female	locationaa	LRRC59_p.Leu24Ile	1
by_gender	female	locationaa	LRRC66_p.Gln462His	1
by_gender	female	locationaa	LRRC66_p.Pro306Leu	1
by_gender	female	locationaa	LRRC6_p.Glu185Lys	1
by_gender	female	locationaa	LRRC6_p.Lys315Gln	1
by_gender	female	locationaa	LRRC71_p.Arg252Gln	1
by_gender	female	locationaa	LRRC75A_p.Asp111Ala	1
by_gender	female	locationaa	LRRC7_p.Arg528Cys	1
by_gender	female	locationaa	LRRC7_p.Pro771Leu	1
by_gender	female	locationaa	LRRC7_p.Thr869Ala	1
by_gender	female	locationaa	LRRC8B_p.Ser223Phe	1
by_gender	female	locationaa	LRRC8C_p.Pro217His	1
by_gender	female	locationaa	LRRC8C_p.Tyr339Ter	1
by_gender	female	locationaa	LRRC8D_p.Arg684Ter	1
by_gender	female	locationaa	LRRC8D_p.Arg93Trp	1
by_gender	female	locationaa	LRRC8E_p.Gly171Arg	1
by_gender	female	locationaa	LRRFIP2_p.Lys135Glu	1
by_gender	female	locationaa	LRRIQ1_p.Ala1421Asp	1
by_gender	female	locationaa	LRRIQ1_p.Lys1651Asn	1
by_gender	female	locationaa	LRRIQ1_p.Phe297Val	1
by_gender	female	locationaa	LRRIQ3_p.Arg515His	1
by_gender	female	locationaa	LRRIQ4_p.Cys428Ter	1
by_gender	female	locationaa	LRRIQ4_p.Glu255Lys	1
by_gender	female	locationaa	LRRK1_p.Arg104Cys	1
by_gender	female	locationaa	LRRK1_p.Arg215Gln	1
by_gender	female	locationaa	LRRK1_p.Leu1608Ile	1
by_gender	female	locationaa	LRRK1_p.Phe470Leu	1
by_gender	female	locationaa	LRRK2_p.Arg1477Gln	1
by_gender	female	locationaa	LRRK2_p.Asn1147Ser	1
by_gender	female	locationaa	LRRK2_p.Gln1324Pro	1
by_gender	female	locationaa	LRRK2_p.Met257Val	1
by_gender	female	locationaa	LRRK2_p.Thr2186Ala	1
by_gender	female	locationaa	LRRN1_p.Thr605Ile	1
by_gender	female	locationaa	LRRN2_p.Ala18Thr	1
by_gender	female	locationaa	LRRN2_p.Arg464Gln	1
by_gender	female	locationaa	LRRN2_p.Gln77Ter	1
by_gender	female	locationaa	LRRN2_p.Leu502Met	1
by_gender	female	locationaa	LRRN3_p.Ile192Thr	1
by_gender	female	locationaa	LRRN3_p.Val53Leu	1
by_gender	female	locationaa	LRRTM1_p.Pro17Ser	1
by_gender	female	locationaa	LRRTM1_p.Ser371Ile	1
by_gender	female	locationaa	LRRTM3_p.Arg69His	1
by_gender	female	locationaa	LRRTM3_p.Glu209Lys	1
by_gender	female	locationaa	LRRTM4_p.Arg242His	1
by_gender	female	locationaa	LRSAM1_p.Ala184Asp	1
by_gender	female	locationaa	LRWD1_p.Ala642Thr	1
by_gender	female	locationaa	LRWD1_p.Ala86Val	1
by_gender	female	locationaa	LRWD1_p.Glu186Lys	1
by_gender	female	locationaa	LSAMP_p.Arg89His	1
by_gender	female	locationaa	LSM11_p.Phe176Cys	1
by_gender	female	locationaa	LSM14A_p.Ala39Val	1
by_gender	female	locationaa	LSM14A_p.Arg272Cys	1
by_gender	female	locationaa	LSM14B_p.Ser129Asn	1
by_gender	female	locationaa	LSM4_p.Glu58Lys	1
by_gender	female	locationaa	LSM8_p.Gly58Ter	1
by_gender	female	locationaa	LSP1_p.Gln37His	1
by_gender	female	locationaa	LSR_p.Val293Ile	1
by_gender	female	locationaa	LSS_p.Leu197Met	1
by_gender	female	locationaa	LTA4H_p.Glu272Ter	1
by_gender	female	locationaa	LTA4H_p.Leu260Val	1
by_gender	female	locationaa	LTB4R2_p.Arg350His	1
by_gender	female	locationaa	LTB4R2_p.Arg37His	1
by_gender	female	locationaa	LTBP1_p.Ser826Phe	1
by_gender	female	locationaa	LTBP2_p.Arg901Cys	1
by_gender	female	locationaa	LTBP4_p.Arg1601Cys	1
by_gender	female	locationaa	LTBP4_p.His1088Gln	1
by_gender	female	locationaa	LTBP4_p.Ser932Asn	1
by_gender	female	locationaa	LTF_p.Glu432Lys	1
by_gender	female	locationaa	LTK_p.Glu26Ter	1
by_gender	female	locationaa	LTN1_p.Asp58Ala	1
by_gender	female	locationaa	LTN1_p.Lys676Thr	1
by_gender	female	locationaa	LUC7L2_p.Leu199Phe	1
by_gender	female	locationaa	LUM_p.Asn229Asp	1
by_gender	female	locationaa	LURAP1L_p.Asp189Gly	1
by_gender	female	locationaa	LUZP1_p.Gly245Arg	1
by_gender	female	locationaa	LY6G6F-LY6G6D_p.Val210Asp	1
by_gender	female	locationaa	LY75-CD302_p.Thr1757Ala	1
by_gender	female	locationaa	LY75_p.Arg1337Lys	1
by_gender	female	locationaa	LY75_p.Pro307Ser	1
by_gender	female	locationaa	LY96_p.Lys72Asn	1
by_gender	female	locationaa	LYG1_p.Ser17Tyr	1
by_gender	female	locationaa	LYPD1_p.Ala76Ser	1
by_gender	female	locationaa	LYPLAL1_p.Gly121Ter	1
by_gender	female	locationaa	LYRM4_p.Ile82Val	1
by_gender	female	locationaa	LYSMD3_p.Ser187Leu	1
by_gender	female	locationaa	LYSMD4_p.Ala88Val	1
by_gender	female	locationaa	LYST_p.Arg3780Trp	1
by_gender	female	locationaa	LYST_p.Glu1259Lys	1
by_gender	female	locationaa	LYST_p.Glu1533Lys	1
by_gender	female	locationaa	LYST_p.Glu2629Lys	1
by_gender	female	locationaa	LYST_p.Glu829Asp	1
by_gender	female	locationaa	LYST_p.Ile677Val	1
by_gender	female	locationaa	LYST_p.Phe328Cys	1
by_gender	female	locationaa	LYVE1_p.Glu161Ter	1
by_gender	female	locationaa	LZIC_p.Gly174Val	1
by_gender	female	locationaa	LZTS2_p.Arg515Ter	1
by_gender	female	locationaa	LZTS2_p.Leu372Met	1
by_gender	female	locationaa	LZTS2_p.Ser279Asn	1
by_gender	female	locationaa	LZTS3_p.Gly295Asp	1
by_gender	female	locationaa	MAB21L1_p.Ala28Val	1
by_gender	female	locationaa	MAB21L1_p.Glu73Lys	1
by_gender	female	locationaa	MAB21L2_p.Ala137Val	1
by_gender	female	locationaa	MACF1_p.Arg7034Cys	1
by_gender	female	locationaa	MACF1_p.Asp1334Asn	1
by_gender	female	locationaa	MACF1_p.Glu2538Lys	1
by_gender	female	locationaa	MACF1_p.Leu3084Ile	1
by_gender	female	locationaa	MACF1_p.Leu4100Met	1
by_gender	female	locationaa	MACF1_p.Leu4124Met	1
by_gender	female	locationaa	MACF1_p.Met1301Ile	1
by_gender	female	locationaa	MACF1_p.Pro7260Ser	1
by_gender	female	locationaa	MACF1_p.Ser4287Phe	1
by_gender	female	locationaa	MACF1_p.Val4724Ala	1
by_gender	female	locationaa	MACO1_p.Arg591Trp	1
by_gender	female	locationaa	MACROD2_p.Arg350Cys	1
by_gender	female	locationaa	MACROD2_p.Ser429Ile	1
by_gender	female	locationaa	MACROH2A1_p.Ser173Ile	1
by_gender	female	locationaa	MACROH2A2_p.Leu128Ile	1
by_gender	female	locationaa	MACROH2A2_p.Lys239Asn	1
by_gender	female	locationaa	MAD1L1_p.Glu461Asp	1
by_gender	female	locationaa	MAD2L1_p.Ser150Leu	1
by_gender	female	locationaa	MADD_p.Phe97Leu	1
by_gender	female	locationaa	MAEA_p.Ala36Thr	1
by_gender	female	locationaa	MAEL_p.Asn412Lys	1
by_gender	female	locationaa	MAFF_p.Arg57His	1
by_gender	female	locationaa	MAF_p.Arg260His	1
by_gender	female	locationaa	MAF_p.Ser121Asn	1
by_gender	female	locationaa	MAF_p.Ser65Asn	1
by_gender	female	locationaa	MAGEA11_p.Leu249Met	1
by_gender	female	locationaa	MAGEA3_p.Asp241Glu	1
by_gender	female	locationaa	MAGEA6_p.Glu35Lys	1
by_gender	female	locationaa	MAGEA8_p.Gly266Asp	1
by_gender	female	locationaa	MAGEB16_p.Arg219His	1
by_gender	female	locationaa	MAGEB16_p.Ser60Arg	1
by_gender	female	locationaa	MAGEB1_p.Thr330Met	1
by_gender	female	locationaa	MAGEB4_p.Arg325Cys	1
by_gender	female	locationaa	MAGEB6B_p.Leu25Ile	1
by_gender	female	locationaa	MAGEB6_p.Asp397His	1
by_gender	female	locationaa	MAGEB6_p.Cys354Tyr	1
by_gender	female	locationaa	MAGEB6_p.Gln62His	1
by_gender	female	locationaa	MAGEC1_p.Gln23Ter	1
by_gender	female	locationaa	MAGEC1_p.Gln335His	1
by_gender	female	locationaa	MAGEC1_p.Glu899Ter	1
by_gender	female	locationaa	MAGEC1_p.Pro288His	1
by_gender	female	locationaa	MAGEC1_p.Pro596Leu	1
by_gender	female	locationaa	MAGED2_p.Arg216Met	1
by_gender	female	locationaa	MAGEE1_p.Phe756Cys	1
by_gender	female	locationaa	MAGEE1_p.Pro204Leu	1
by_gender	female	locationaa	MAGEL2_p.Leu1220Ile	1
by_gender	female	locationaa	MAGEL2_p.Pro818Ser	1
by_gender	female	locationaa	MAGI1_p.Gly156Asp	1
by_gender	female	locationaa	MAGI2_p.Arg1138Ser	1
by_gender	female	locationaa	MAGI2_p.Arg136His	1
by_gender	female	locationaa	MAGI2_p.Arg553Gln	1
by_gender	female	locationaa	MAGI2_p.Lys1289Thr	1
by_gender	female	locationaa	MAGI2_p.Pro379Ser	1
by_gender	female	locationaa	MAGI2_p.Pro513Ser	1
by_gender	female	locationaa	MAGI2_p.Ser875Asn	1
by_gender	female	locationaa	MAGI3_p.Glu621Asp	1
by_gender	female	locationaa	MAGIX_p.Ser234Ile	1
by_gender	female	locationaa	MAGOHB_p.Lys63Asn	1
by_gender	female	locationaa	MAGT1_p.Arg63His	1
by_gender	female	locationaa	MAGT1_p.Ile199Phe	1
by_gender	female	locationaa	MALL_p.Ser63Leu	1
by_gender	female	locationaa	MALSU1_p.Tyr199Cys	1
by_gender	female	locationaa	MALT1_p.Ser123Asn	1
by_gender	female	locationaa	MAMDC2_p.Pro296Ser	1
by_gender	female	locationaa	MAMDC2_p.Ser631Ile	1
by_gender	female	locationaa	MAML1_p.Arg190Cys	1
by_gender	female	locationaa	MAML1_p.Gly386Ser	1
by_gender	female	locationaa	MAML2_p.Leu848Ile	1
by_gender	female	locationaa	MAML3_p.Ser370Tyr	1
by_gender	female	locationaa	MAMLD1_p.Val169Met	1
by_gender	female	locationaa	MAN1A2_p.Glu179Lys	1
by_gender	female	locationaa	MAN1B1_p.Gly288Ser	1
by_gender	female	locationaa	MAN2A1_p.Asp1045Asn	1
by_gender	female	locationaa	MAN2A1_p.Gly814Val	1
by_gender	female	locationaa	MAN2A1_p.Leu1048Pro	1
by_gender	female	locationaa	MAN2A2_p.Ala1073Thr	1
by_gender	female	locationaa	MANBA_p.Lys245Asn	1
by_gender	female	locationaa	MANEAL_p.Leu456Phe	1
by_gender	female	locationaa	MANSC1_p.Leu23Met	1
by_gender	female	locationaa	MAP10_p.His76Tyr	1
by_gender	female	locationaa	MAP10_p.Leu246Met	1
by_gender	female	locationaa	MAP10_p.Ser762Ile	1
by_gender	female	locationaa	MAP10_p.Thr257Asn	1
by_gender	female	locationaa	MAP11_p.Arg367His	1
by_gender	female	locationaa	MAP11_p.Ile170Phe	1
by_gender	female	locationaa	MAP1A_p.Arg1771Cys	1
by_gender	female	locationaa	MAP1A_p.Glu981Gly	1
by_gender	female	locationaa	MAP1A_p.Gly1110Ser	1
by_gender	female	locationaa	MAP1A_p.Tyr1273His	1
by_gender	female	locationaa	MAP1B_p.Arg2213His	1
by_gender	female	locationaa	MAP1B_p.Gln2053His	1
by_gender	female	locationaa	MAP1B_p.Glu890Lys	1
by_gender	female	locationaa	MAP1B_p.Ser1242Asn	1
by_gender	female	locationaa	MAP1B_p.Ser1965Ile	1
by_gender	female	locationaa	MAP1LC3A_p.Arg70His	1
by_gender	female	locationaa	MAP1LC3C_p.Ala84Thr	1
by_gender	female	locationaa	MAP2K4_p.Ser83Ala	1
by_gender	female	locationaa	MAP2K7_p.Asp243Asn	1
by_gender	female	locationaa	MAP2_p.Ala977Val	1
by_gender	female	locationaa	MAP3K10_p.Asp620Asn	1
by_gender	female	locationaa	MAP3K12_p.Arg96Cys	1
by_gender	female	locationaa	MAP3K13_p.Arg478Trp	1
by_gender	female	locationaa	MAP3K15_p.Gly714Asp	1
by_gender	female	locationaa	MAP3K19_p.Ala979Val	1
by_gender	female	locationaa	MAP3K19_p.Asp823Tyr	1
by_gender	female	locationaa	MAP3K1_p.Ser900Ile	1
by_gender	female	locationaa	MAP3K1_p.Ser964Ile	1
by_gender	female	locationaa	MAP3K1_p.Val1370Ala	1
by_gender	female	locationaa	MAP3K21_p.Asp671Asn	1
by_gender	female	locationaa	MAP3K21_p.Lys301Asn	1
by_gender	female	locationaa	MAP3K21_p.Tyr344Ter	1
by_gender	female	locationaa	MAP3K21_p.Val525Met	1
by_gender	female	locationaa	MAP3K2_p.Thr95Ile	1
by_gender	female	locationaa	MAP3K2_p.Val599Ala	1
by_gender	female	locationaa	MAP3K4_p.Arg1156Gln	1
by_gender	female	locationaa	MAP3K7CL_p.Ser131Phe	1
by_gender	female	locationaa	MAP3K9_p.Arg160Cys	1
by_gender	female	locationaa	MAP3K9_p.Arg453Trp	1
by_gender	female	locationaa	MAP4K1_p.Asp603Asn	1
by_gender	female	locationaa	MAP4K1_p.Gly521Ser	1
by_gender	female	locationaa	MAP4K2_p.His549Tyr	1
by_gender	female	locationaa	MAP4K2_p.Pro494Ser	1
by_gender	female	locationaa	MAP4K2_p.Val197Ile	1
by_gender	female	locationaa	MAP4K3_p.Gln59His	1
by_gender	female	locationaa	MAP4_p.Arg860His	1
by_gender	female	locationaa	MAP6_p.Ala437Val	1
by_gender	female	locationaa	MAP7D2_p.Arg137Cys	1
by_gender	female	locationaa	MAP7D3_p.Ala469Thr	1
by_gender	female	locationaa	MAP7D3_p.Arg116Ter	1
by_gender	female	locationaa	MAP7D3_p.Arg75His	1
by_gender	female	locationaa	MAP7_p.Asn186Ser	1
by_gender	female	locationaa	MAP7_p.Ser268Leu	1
by_gender	female	locationaa	MAPK12_p.Gly157Asp	1
by_gender	female	locationaa	MAPK13_p.Glu290Asp	1
by_gender	female	locationaa	MAPK15_p.Arg213Trp	1
by_gender	female	locationaa	MAPK4_p.Pro358Ser	1
by_gender	female	locationaa	MAPK7_p.Arg488Met	1
by_gender	female	locationaa	MAPK7_p.Gly744Ser	1
by_gender	female	locationaa	MAPK7_p.Leu813Ile	1
by_gender	female	locationaa	MAPK8IP1_p.Ala298Thr	1
by_gender	female	locationaa	MAPK8IP2_p.Gly557Asp	1
by_gender	female	locationaa	MAPK8IP3_p.Leu1013Met	1
by_gender	female	locationaa	MAPK8IP3_p.Pro57Ser	1
by_gender	female	locationaa	MAPK8IP3_p.Trp1032Arg	1
by_gender	female	locationaa	MAPK8_p.Ala42Thr	1
by_gender	female	locationaa	MAPK9_p.Cys177Tyr	1
by_gender	female	locationaa	MAPKAPK3_p.Met342Ile	1
by_gender	female	locationaa	MAPKAPK5_p.Gln336Ter	1
by_gender	female	locationaa	MAPKBP1_p.Asp462Gly	1
by_gender	female	locationaa	MAPRE1_p.Arg17Gln	1
by_gender	female	locationaa	MAPRE1_p.Asp94Asn	1
by_gender	female	locationaa	MAPRE2_p.Arg143Cys	1
by_gender	female	locationaa	MAPRE2_p.Pro310Ser	1
by_gender	female	locationaa	MARCHF10_p.Arg195Met	1
by_gender	female	locationaa	MARCHF11_p.Arg187Gln	1
by_gender	female	locationaa	MARCHF2_p.Gly11Cys	1
by_gender	female	locationaa	MARCHF2_p.Ser171Asn	1
by_gender	female	locationaa	MARCHF9_p.Thr178Met	1
by_gender	female	locationaa	MARCO_p.Ser91Ile	1
by_gender	female	locationaa	MARF1_p.Ala750Thr	1
by_gender	female	locationaa	MARF1_p.Gly204Val	1
by_gender	female	locationaa	MARK1_p.Arg309Ter	1
by_gender	female	locationaa	MARK1_p.Lys68Gln	1
by_gender	female	locationaa	MARK2_p.Arg767Trp	1
by_gender	female	locationaa	MARK2_p.Val238Ala	1
by_gender	female	locationaa	MARK3_p.Ala685Val	1
by_gender	female	locationaa	MARK3_p.Met715Ile	1
by_gender	female	locationaa	MARK3_p.Thr609Asn	1
by_gender	female	locationaa	MARK4_p.Arg657Gln	1
by_gender	female	locationaa	MARK4_p.Lys272Thr	1
by_gender	female	locationaa	MAS1L_p.Gln255His	1
by_gender	female	locationaa	MASP1_p.Ile359Ser	1
by_gender	female	locationaa	MAST2_p.Tyr591His	1
by_gender	female	locationaa	MAST3_p.Ala723Asp	1
by_gender	female	locationaa	MAST3_p.Arg359Gln	1
by_gender	female	locationaa	MAST4_p.Ala182Val	1
by_gender	female	locationaa	MAST4_p.Arg1123Ter	1
by_gender	female	locationaa	MAST4_p.Arg197Cys	1
by_gender	female	locationaa	MAST4_p.Arg2210Trp	1
by_gender	female	locationaa	MAST4_p.Arg2609Trp	1
by_gender	female	locationaa	MAST4_p.Glu2100Asp	1
by_gender	female	locationaa	MAST4_p.Pro2310Ser	1
by_gender	female	locationaa	MAST4_p.Pro825Leu	1
by_gender	female	locationaa	MASTL_p.Asp405Asn	1
by_gender	female	locationaa	MATK_p.Val184Ala	1
by_gender	female	locationaa	MATN1_p.Ala248Thr	1
by_gender	female	locationaa	MATN2_p.Asn713Ser	1
by_gender	female	locationaa	MATN4_p.Leu115Met	1
by_gender	female	locationaa	MAU2_p.Gln336Ter	1
by_gender	female	locationaa	MAU2_p.Leu528Phe	1
by_gender	female	locationaa	MAVS_p.Thr99Ile	1
by_gender	female	locationaa	MBD1_p.Arg18His	1
by_gender	female	locationaa	MBD2_p.Glu276Asp	1
by_gender	female	locationaa	MBD3L1_p.Trp55Cys	1
by_gender	female	locationaa	MBD3_p.Ala267Val	1
by_gender	female	locationaa	MBD5_p.Ala1142Val	1
by_gender	female	locationaa	MBIP_p.Ile186TyrfsTer2	1
by_gender	female	locationaa	MBLAC2_p.Gly37Asp	1
by_gender	female	locationaa	MBNL1_p.Ala132Thr	1
by_gender	female	locationaa	MBOAT1_p.Phe470Ile	1
by_gender	female	locationaa	MBP_p.Thr229Ala	1
by_gender	female	locationaa	MBTD1_p.Ser428Tyr	1
by_gender	female	locationaa	MBTPS1_p.Ile367Val	1
by_gender	female	locationaa	MBTPS1_p.Ile87Ser	1
by_gender	female	locationaa	MC3R_p.Pro225Ser	1
by_gender	female	locationaa	MC5R_p.Arg112Cys	1
by_gender	female	locationaa	MC5R_p.Gly165Asp	1
by_gender	female	locationaa	MCAM_p.Pro618Ser	1
by_gender	female	locationaa	MCAT_p.Leu383Met	1
by_gender	female	locationaa	MCCC1_p.Ala77Val	1
by_gender	female	locationaa	MCCC1_p.Gln704Ter	1
by_gender	female	locationaa	MCCC1_p.Lys501Asn	1
by_gender	female	locationaa	MCCC2_p.Ala503Val	1
by_gender	female	locationaa	MCCC2_p.Arg361Ter	1
by_gender	female	locationaa	MCC_p.Ser540Ile	1
by_gender	female	locationaa	MCEE_p.Gly40Cys	1
by_gender	female	locationaa	MCF2L_p.Ser799Ile	1
by_gender	female	locationaa	MCF2_p.Arg739His	1
by_gender	female	locationaa	MCF2_p.Thr248Arg	1
by_gender	female	locationaa	MCHR1_p.Thr102Met	1
by_gender	female	locationaa	MCHR2_p.Ala119Thr	1
by_gender	female	locationaa	MCM10_p.Tyr804Ter	1
by_gender	female	locationaa	MCM2_p.Arg825Trp	1
by_gender	female	locationaa	MCM2_p.Glu3Lys	1
by_gender	female	locationaa	MCM3AP_p.Ala1403Asp	1
by_gender	female	locationaa	MCM3AP_p.Glu1078Lys	1
by_gender	female	locationaa	MCM3AP_p.His871Tyr	1
by_gender	female	locationaa	MCM3AP_p.Ser1632Phe	1
by_gender	female	locationaa	MCM3AP_p.Thr594Ile	1
by_gender	female	locationaa	MCM3_p.Lys103Asn	1
by_gender	female	locationaa	MCM5_p.Arg308His	1
by_gender	female	locationaa	MCM6_p.His778Tyr	1
by_gender	female	locationaa	MCM6_p.Val86Ile	1
by_gender	female	locationaa	MCM8_p.Lys76Asn	1
by_gender	female	locationaa	MCMBP_p.Tyr81Asp	1
by_gender	female	locationaa	MCMDC2_p.Leu100Met	1
by_gender	female	locationaa	MCMDC2_p.Leu383Ile	1
by_gender	female	locationaa	MCOLN1_p.Ala118Thr	1
by_gender	female	locationaa	MCOLN1_p.Ser511Asn	1
by_gender	female	locationaa	MCOLN1_p.Thr476Met	1
by_gender	female	locationaa	MCOLN2_p.Phe252Cys	1
by_gender	female	locationaa	MCOLN3_p.Ser332Phe	1
by_gender	female	locationaa	MCPH1_p.Arg350Met	1
by_gender	female	locationaa	MCTP2_p.Gly10Asp	1
by_gender	female	locationaa	MCTP2_p.Lys5Thr	1
by_gender	female	locationaa	MDFIC_p.Cys232Ter	1
by_gender	female	locationaa	MDGA1_p.Arg388His	1
by_gender	female	locationaa	MDGA2_p.Ile957Asn	1
by_gender	female	locationaa	MDGA2_p.Met560Ile	1
by_gender	female	locationaa	MDH1B_p.Ser504Gly	1
by_gender	female	locationaa	MDK_p.Gly99Asp	1
by_gender	female	locationaa	MDM1_p.Glu508Lys	1
by_gender	female	locationaa	MDM2_p.Ser218Ile	1
by_gender	female	locationaa	MDN1_p.Arg1370Trp	1
by_gender	female	locationaa	MDN1_p.Glu150Ter	1
by_gender	female	locationaa	MDN1_p.Ile3065Val	1
by_gender	female	locationaa	MDN1_p.Lys1008Asn	1
by_gender	female	locationaa	MDN1_p.Phe3127Ser	1
by_gender	female	locationaa	MDN1_p.Ser4047Tyr	1
by_gender	female	locationaa	MDN1_p.Thr2776Asn	1
by_gender	female	locationaa	MDP1_p.Ser32Asn	1
by_gender	female	locationaa	ME1_p.Ala380Thr	1
by_gender	female	locationaa	ME2_p.Gly282Glu	1
by_gender	female	locationaa	ME2_p.Thr283Ile	1
by_gender	female	locationaa	ME2_p.Tyr269Cys	1
by_gender	female	locationaa	MECOM_p.Ala595Asp	1
by_gender	female	locationaa	MECOM_p.Ala935Thr	1
by_gender	female	locationaa	MECOM_p.Arg6Lys	1
by_gender	female	locationaa	MECOM_p.Pro718Ser	1
by_gender	female	locationaa	MECOM_p.Pro999Thr	1
by_gender	female	locationaa	MECOM_p.Val363Ile	1
by_gender	female	locationaa	MECP2_p.Thr327Ile	1
by_gender	female	locationaa	MECR_p.Gly92Ter	1
by_gender	female	locationaa	MED10_p.Ser32Asn	1
by_gender	female	locationaa	MED12L_p.Arg1504Ter	1
by_gender	female	locationaa	MED12L_p.Arg889Cys	1
by_gender	female	locationaa	MED12L_p.Gly1824Ser	1
by_gender	female	locationaa	MED12L_p.Gly323Ter	1
by_gender	female	locationaa	MED12L_p.Ser303Pro	1
by_gender	female	locationaa	MED12_p.Leu1096Ile	1
by_gender	female	locationaa	MED13L_p.Ser1913Asn	1
by_gender	female	locationaa	MED13L_p.Trp1838Cys	1
by_gender	female	locationaa	MED14_p.Arg93His	1
by_gender	female	locationaa	MED14_p.Asn883ThrfsTer11	1
by_gender	female	locationaa	MED14_p.Gly1197Asp	1
by_gender	female	locationaa	MED15_p.Ala333Ser	1
by_gender	female	locationaa	MED17_p.Asp231Asn	1
by_gender	female	locationaa	MED1_p.Gly1242Asp	1
by_gender	female	locationaa	MED23_p.Glu773Lys	1
by_gender	female	locationaa	MED23_p.Gly325Ter	1
by_gender	female	locationaa	MED23_p.Pro663Ser	1
by_gender	female	locationaa	MED25_p.Phe20Tyr	1
by_gender	female	locationaa	MED26_p.Ala335Val	1
by_gender	female	locationaa	MED29_p.Ser115Gly	1
by_gender	female	locationaa	MED31_p.Tyr81His	1
by_gender	female	locationaa	MEDAG_p.Gln167His	1
by_gender	female	locationaa	MEDAG_p.Glu108Gly	1
by_gender	female	locationaa	MEF2A_p.Gly129Cys	1
by_gender	female	locationaa	MEF2A_p.Gly27TrpfsTer8	1
by_gender	female	locationaa	MEFV_p.Arg377His	1
by_gender	female	locationaa	MEFV_p.Glu698Gly	1
by_gender	female	locationaa	MEGF10_p.Arg558Cys	1
by_gender	female	locationaa	MEGF10_p.Ser687Phe	1
by_gender	female	locationaa	MEGF10_p.Thr70Ala	1
by_gender	female	locationaa	MEGF11_p.Ala1035Val	1
by_gender	female	locationaa	MEGF11_p.Asp1014Asn	1
by_gender	female	locationaa	MEGF8_p.Arg1733His	1
by_gender	female	locationaa	MEGF8_p.Arg1983Ter	1
by_gender	female	locationaa	MEGF8_p.Gly1769Ter	1
by_gender	female	locationaa	MEGF8_p.His1124Gln	1
by_gender	female	locationaa	MEGF8_p.Pro2054Ser	1
by_gender	female	locationaa	MEGF8_p.Pro628His	1
by_gender	female	locationaa	MEGF8_p.Thr1337Met	1
by_gender	female	locationaa	MEGF9_p.Arg306Trp	1
by_gender	female	locationaa	MEI1_p.Asp415Tyr	1
by_gender	female	locationaa	MEIS2_p.Glu202Lys	1
by_gender	female	locationaa	MELK_p.Ala79Thr	1
by_gender	female	locationaa	MELK_p.Ser647Tyr	1
by_gender	female	locationaa	MELK_p.Thr428Ala	1
by_gender	female	locationaa	MEN1_p.Arg337His	1
by_gender	female	locationaa	MEN1_p.Glu368del	1
by_gender	female	locationaa	MEN1_p.Pro435Leu	1
by_gender	female	locationaa	MEOX1_p.Arg152Gly	1
by_gender	female	locationaa	MEOX1_p.Ser149Phe	1
by_gender	female	locationaa	MEP1A_p.Arg708Cys	1
by_gender	female	locationaa	MEP1A_p.Cys308Tyr	1
by_gender	female	locationaa	MEP1A_p.Ile178Ser	1
by_gender	female	locationaa	MEPCE_p.Arg518Ter	1
by_gender	female	locationaa	MERTK_p.Asp643Tyr	1
by_gender	female	locationaa	MERTK_p.Gly743Ser	1
by_gender	female	locationaa	MERTK_p.Thr255Met	1
by_gender	female	locationaa	METAP1D_p.Ala300Val	1
by_gender	female	locationaa	METAP1_p.Ala280Val	1
by_gender	female	locationaa	METTL14_p.Arg298His	1
by_gender	female	locationaa	METTL15_p.Gln148Glu	1
by_gender	female	locationaa	METTL15_p.Lys233Asn	1
by_gender	female	locationaa	METTL17_p.Pro22Ser	1
by_gender	female	locationaa	METTL21C_p.Asp230Asn	1
by_gender	female	locationaa	METTL25_p.Ala3Val	1
by_gender	female	locationaa	METTL2A_p.Arg183Gln	1
by_gender	female	locationaa	METTL3_p.Ala191Val	1
by_gender	female	locationaa	METTL4_p.Arg89Ter	1
by_gender	female	locationaa	METTL6_p.Ala115Ser	1
by_gender	female	locationaa	METTL7B_p.Leu77Met	1
by_gender	female	locationaa	MET_p.Leu964Met	1
by_gender	female	locationaa	MET_p.Met118Leu	1
by_gender	female	locationaa	MET_p.Pro1060Ser	1
by_gender	female	locationaa	MET_p.Pro295His	1
by_gender	female	locationaa	MEX3A_p.Ala289Val	1
by_gender	female	locationaa	MEX3C_p.Ile276Met	1
by_gender	female	locationaa	MEX3C_p.Pro369Ser	1
by_gender	female	locationaa	MEX3C_p.Val278Ala	1
by_gender	female	locationaa	MFAP2_p.Arg149Gln	1
by_gender	female	locationaa	MFAP3L_p.Arg295Trp	1
by_gender	female	locationaa	MFAP4_p.Gly53Asp	1
by_gender	female	locationaa	MFF_p.Arg46Ter	1
by_gender	female	locationaa	MFHAS1_p.Arg1023Ter	1
by_gender	female	locationaa	MFN1_p.Ala79Thr	1
by_gender	female	locationaa	MFN1_p.Val115Ile	1
by_gender	female	locationaa	MFN2_p.Gly87Asp	1
by_gender	female	locationaa	MFSD13A_p.Ala115Val	1
by_gender	female	locationaa	MFSD2B_p.Ala60Asp	1
by_gender	female	locationaa	MFSD2B_p.Ala78Thr	1
by_gender	female	locationaa	MFSD6L_p.Leu57Ile	1
by_gender	female	locationaa	MFSD8_p.Tyr513Ter	1
by_gender	female	locationaa	MFSD9_p.Asp8Gly	1
by_gender	female	locationaa	MGAM_p.Arg1311Trp	1
by_gender	female	locationaa	MGAT1_p.Ala398Thr	1
by_gender	female	locationaa	MGAT3_p.Glu91Lys	1
by_gender	female	locationaa	MGAT4B_p.Thr243Ala	1
by_gender	female	locationaa	MGAT5B_p.Ala691Val	1
by_gender	female	locationaa	MGAT5_p.Asp673Gly	1
by_gender	female	locationaa	MGA_p.Gly726Val	1
by_gender	female	locationaa	MGA_p.Ile328Thr	1
by_gender	female	locationaa	MGA_p.Pro1866His	1
by_gender	female	locationaa	MGA_p.Pro2600Leu	1
by_gender	female	locationaa	MGA_p.Thr1687Ala	1
by_gender	female	locationaa	MGRN1_p.Glu121Ter	1
by_gender	female	locationaa	MGST2_p.Ser20Asn	1
by_gender	female	locationaa	MIA2_p.Glu65Asp	1
by_gender	female	locationaa	MIB1_p.Ser841Pro	1
by_gender	female	locationaa	MICAL1_p.Leu22Met	1
by_gender	female	locationaa	MICAL2_p.Arg1028Cys	1
by_gender	female	locationaa	MICAL2_p.Glu1750Lys	1
by_gender	female	locationaa	MICAL3_p.Asp155Asn	1
by_gender	female	locationaa	MICAL3_p.Leu1422Met	1
by_gender	female	locationaa	MICALL1_p.Gln102His	1
by_gender	female	locationaa	MICALL1_p.Ser87Tyr	1
by_gender	female	locationaa	MICALL2_p.Leu744Met	1
by_gender	female	locationaa	MID1IP1_p.His12Tyr	1
by_gender	female	locationaa	MID1_p.Asn467Ile	1
by_gender	female	locationaa	MID1_p.Ile650Ser	1
by_gender	female	locationaa	MID2_p.Leu503Phe	1
by_gender	female	locationaa	MIDEAS_p.Lys351Asn	1
by_gender	female	locationaa	MIDN_p.His417Gln	1
by_gender	female	locationaa	MIEN1_p.Glu86Ter	1
by_gender	female	locationaa	MIER2_p.Ala354Thr	1
by_gender	female	locationaa	MIER3_p.Leu303Phe	1
by_gender	female	locationaa	MIGA2_p.Asp440Asn	1
by_gender	female	locationaa	MINAR1_p.Ala897Thr	1
by_gender	female	locationaa	MINDY2_p.Leu176Met	1
by_gender	female	locationaa	MINDY4_p.Val411Ala	1
by_gender	female	locationaa	MIPOL1_p.Asp121Gly	1
by_gender	female	locationaa	MIP_p.Trp34Ter	1
by_gender	female	locationaa	MIS18A_p.Ala172Ser	1
by_gender	female	locationaa	MIS18A_p.Arg41His	1
by_gender	female	locationaa	MIS18BP1_p.Leu731Ile	1
by_gender	female	locationaa	MIS18BP1_p.Thr78Asn	1
by_gender	female	locationaa	MIS18BP1_p.Tyr922Cys	1
by_gender	female	locationaa	MISP_p.Pro467Ser	1
by_gender	female	locationaa	MITD1_p.Lys206Asn	1
by_gender	female	locationaa	MITF_p.Arg55His	1
by_gender	female	locationaa	MITF_p.Asp481Gly	1
by_gender	female	locationaa	MITF_p.Ser497Pro	1
by_gender	female	locationaa	MIXL1_p.Asp196Gly	1
by_gender	female	locationaa	MKI67_p.Ala1526Thr	1
by_gender	female	locationaa	MKI67_p.Ala2718Thr	1
by_gender	female	locationaa	MKI67_p.Arg1598Gln	1
by_gender	female	locationaa	MKI67_p.Phe1920Ser	1
by_gender	female	locationaa	MKLN1_p.Lys636Asn	1
by_gender	female	locationaa	MKRN2_p.Arg275Trp	1
by_gender	female	locationaa	MKRN3_p.Asn114Lys	1
by_gender	female	locationaa	MKRN3_p.Pro4His	1
by_gender	female	locationaa	MLC1_p.Arg349Cys	1
by_gender	female	locationaa	MLF2_p.Ala231Thr	1
by_gender	female	locationaa	MLH1_p.Ile190Thr	1
by_gender	female	locationaa	MLIP_p.Gly412Arg	1
by_gender	female	locationaa	MLIP_p.Lys330Asn	1
by_gender	female	locationaa	MLKL_p.Glu119Gln	1
by_gender	female	locationaa	MLKL_p.Val401Ile	1
by_gender	female	locationaa	MLLT10_p.Ser506Pro	1
by_gender	female	locationaa	MLLT10_p.Ser927Pro	1
by_gender	female	locationaa	MLLT10_p.Thr736Ile	1
by_gender	female	locationaa	MLLT1_p.His46Tyr	1
by_gender	female	locationaa	MLNR_p.Ala406Thr	1
by_gender	female	locationaa	MLPH_p.Ala372Asp	1
by_gender	female	locationaa	MLXIPL_p.Asp367Asn	1
by_gender	female	locationaa	MLXIPL_p.Leu679Phe	1
by_gender	female	locationaa	MLXIP_p.Arg535Trp	1
by_gender	female	locationaa	MLXIP_p.Ile787MetfsTer30	1
by_gender	female	locationaa	MME_p.Asp82Tyr	1
by_gender	female	locationaa	MME_p.Tyr195Cys	1
by_gender	female	locationaa	MMP10_p.Ala233Ser	1
by_gender	female	locationaa	MMP14_p.Leu11Ile	1
by_gender	female	locationaa	MMP15_p.Ala645Val	1
by_gender	female	locationaa	MMP16_p.Tyr502Ser	1
by_gender	female	locationaa	MMP17_p.Asp423Asn	1
by_gender	female	locationaa	MMP1_p.Glu62Lys	1
by_gender	female	locationaa	MMP21_p.Arg254His	1
by_gender	female	locationaa	MMP24_p.Val122Phe	1
by_gender	female	locationaa	MMP26_p.Gln217His	1
by_gender	female	locationaa	MMP28_p.Leu265Met	1
by_gender	female	locationaa	MMP2_p.Arg115His	1
by_gender	female	locationaa	MMP2_p.Arg368His	1
by_gender	female	locationaa	MMP3_p.Glu428Ter	1
by_gender	female	locationaa	MMP3_p.His467Gln	1
by_gender	female	locationaa	MMP7_p.Leu209Met	1
by_gender	female	locationaa	MMP8_p.Pro8Ser	1
by_gender	female	locationaa	MMP9_p.His432AlafsTer2	1
by_gender	female	locationaa	MMRN1_p.Ala1102Thr	1
by_gender	female	locationaa	MMRN1_p.Phe564Ser	1
by_gender	female	locationaa	MMS22L_p.Asp741Ala	1
by_gender	female	locationaa	MMUT_p.Ala129Ser	1
by_gender	female	locationaa	MMUT_p.Leu33Pro	1
by_gender	female	locationaa	MN1_p.Gly480Ser	1
by_gender	female	locationaa	MN1_p.Gly69Ser	1
by_gender	female	locationaa	MNDA_p.Val170Gly	1
by_gender	female	locationaa	MOB2_p.Leu181Phe	1
by_gender	female	locationaa	MOB3A_p.Gly77Val	1
by_gender	female	locationaa	MOB3A_p.Leu199Ile	1
by_gender	female	locationaa	MOB4_p.Lys114Thr	1
by_gender	female	locationaa	MOCS1_p.Arg353Ile	1
by_gender	female	locationaa	MOCS2_p.Val162Ala	1
by_gender	female	locationaa	MOGAT2_p.Glu311Val	1
by_gender	female	locationaa	MOGAT3_p.Ser77Leu	1
by_gender	female	locationaa	MOGS_p.Thr170Ala	1
by_gender	female	locationaa	MOG_p.Ala160Val	1
by_gender	female	locationaa	MOG_p.Arg187Ter	1
by_gender	female	locationaa	MOK_p.Arg409His	1
by_gender	female	locationaa	MOK_p.Asp271Asn	1
by_gender	female	locationaa	MON1A_p.Arg185Cys	1
by_gender	female	locationaa	MON1B_p.Leu351Met	1
by_gender	female	locationaa	MON2_p.Val35Gly	1
by_gender	female	locationaa	MORC1_p.Gln326His	1
by_gender	female	locationaa	MORC1_p.Lys774Arg	1
by_gender	female	locationaa	MORC1_p.Thr123Met	1
by_gender	female	locationaa	MORC4_p.Ala61Asp	1
by_gender	female	locationaa	MORN1_p.Gly107Arg	1
by_gender	female	locationaa	MORN3_p.Glu41Lys	1
by_gender	female	locationaa	MOSPD2_p.Ser240Arg	1
by_gender	female	locationaa	MOSPD3_p.Tyr77Cys	1
by_gender	female	locationaa	MOV10L1_p.Ala959Thr	1
by_gender	female	locationaa	MOV10L1_p.Glu599Lys	1
by_gender	female	locationaa	MOV10L1_p.Lys283Asn	1
by_gender	female	locationaa	MOV10_p.Arg279Cys	1
by_gender	female	locationaa	MOV10_p.Arg586His	1
by_gender	female	locationaa	MOV10_p.Arg882Ter	1
by_gender	female	locationaa	MOV10_p.Asp645Asn	1
by_gender	female	locationaa	MOV10_p.Asp979Glu	1
by_gender	female	locationaa	MOV10_p.Val862Met	1
by_gender	female	locationaa	MPDZ_p.Gly709Ter	1
by_gender	female	locationaa	MPDZ_p.Ser1593Tyr	1
by_gender	female	locationaa	MPEG1_p.Arg639Trp	1
by_gender	female	locationaa	MPO_p.Arg314His	1
by_gender	female	locationaa	MPO_p.Asp171Gly	1
by_gender	female	locationaa	MPP2_p.Arg387Trp	1
by_gender	female	locationaa	MPP4_p.Leu432Ile	1
by_gender	female	locationaa	MPP6_p.Pro32His	1
by_gender	female	locationaa	MPP7_p.Arg493Cys	1
by_gender	female	locationaa	MPV17L2_p.Asp206Asn	1
by_gender	female	locationaa	MR1_p.Asp21Asn	1
by_gender	female	locationaa	MR1_p.Cys183Tyr	1
by_gender	female	locationaa	MRAP2_p.Pro97Thr	1
by_gender	female	locationaa	MRC1_p.Arg1414Ile	1
by_gender	female	locationaa	MRC1_p.Cys1355Ser	1
by_gender	female	locationaa	MRC1_p.Glu990Lys	1
by_gender	female	locationaa	MRC1_p.Ser653Asn	1
by_gender	female	locationaa	MRC1_p.Tyr516Cys	1
by_gender	female	locationaa	MRC2_p.Glu740Lys	1
by_gender	female	locationaa	MRC2_p.Thr370Ile	1
by_gender	female	locationaa	MRE11_p.Asp498Asn	1
by_gender	female	locationaa	MRGPRD_p.Thr200Ile	1
by_gender	female	locationaa	MRGPRX1_p.Arg120His	1
by_gender	female	locationaa	MRGPRX3_p.Arg133Cys	1
by_gender	female	locationaa	MRM1_p.Leu89Ile	1
by_gender	female	locationaa	MROH1_p.Arg750Gln	1
by_gender	female	locationaa	MROH1_p.Tyr527Cys	1
by_gender	female	locationaa	MROH1_p.Val165Ile	1
by_gender	female	locationaa	MROH2B_p.Ala260Glu	1
by_gender	female	locationaa	MROH2B_p.Tyr1354His	1
by_gender	female	locationaa	MROH7_p.Leu705Met	1
by_gender	female	locationaa	MROH7_p.Ser562Cys	1
by_gender	female	locationaa	MROH8_p.Gly666Asp	1
by_gender	female	locationaa	MROH9_p.Gly566Cys	1
by_gender	female	locationaa	MROH9_p.Gly566Val	1
by_gender	female	locationaa	MROH9_p.Pro340Ser	1
by_gender	female	locationaa	MRPL14_p.Ile86Val	1
by_gender	female	locationaa	MRPL15_p.Ala177Ser	1
by_gender	female	locationaa	MRPL1_p.Phe177Ser	1
by_gender	female	locationaa	MRPL28_p.Thr126Ile	1
by_gender	female	locationaa	MRPL38_p.Ala165Thr	1
by_gender	female	locationaa	MRPL38_p.Leu334Phe	1
by_gender	female	locationaa	MRPL47_p.Ala119Val	1
by_gender	female	locationaa	MRPL47_p.Ser81Tyr	1
by_gender	female	locationaa	MRPL48_p.Arg155Ter	1
by_gender	female	locationaa	MRPL48_p.Arg197Gln	1
by_gender	female	locationaa	MRPL48_p.Asp99Asn	1
by_gender	female	locationaa	MRPL54_p.Ala32Thr	1
by_gender	female	locationaa	MRPS11_p.Arg118Trp	1
by_gender	female	locationaa	MRPS15_p.Ala229Asp	1
by_gender	female	locationaa	MRPS2_p.Ala16Thr	1
by_gender	female	locationaa	MRPS2_p.Gly174Ser	1
by_gender	female	locationaa	MRPS2_p.Lys61Asn	1
by_gender	female	locationaa	MRPS30_p.Pro252Ser	1
by_gender	female	locationaa	MRPS31_p.Thr118Ala	1
by_gender	female	locationaa	MRPS33_p.Thr64Met	1
by_gender	female	locationaa	MRPS34_p.Glu187Asp	1
by_gender	female	locationaa	MRPS35_p.Pro67Ser	1
by_gender	female	locationaa	MRPS36_p.Arg41Ile	1
by_gender	female	locationaa	MRPS36_p.Lys87Asn	1
by_gender	female	locationaa	MRTFB_p.Cys647Ter	1
by_gender	female	locationaa	MRTO4_p.Ala161Thr	1
by_gender	female	locationaa	MS4A14_p.Asp643Asn	1
by_gender	female	locationaa	MS4A15_p.Leu47ArgfsTer13	1
by_gender	female	locationaa	MS4A2_p.Glu59Lys	1
by_gender	female	locationaa	MS4A2_p.Ile85Val	1
by_gender	female	locationaa	MS4A6A_p.Pro5Ser	1
by_gender	female	locationaa	MS4A6E_p.Glu89Lys	1
by_gender	female	locationaa	MS4A7_p.Gly9Arg	1
by_gender	female	locationaa	MSANTD3_p.Arg176Ser	1
by_gender	female	locationaa	MSANTD3_p.Glu75Asp	1
by_gender	female	locationaa	MSC_p.Trp180Cys	1
by_gender	female	locationaa	MSC_p.Val176Met	1
by_gender	female	locationaa	MSGN1_p.Asp180Tyr	1
by_gender	female	locationaa	MSGN1_p.Gly72Val	1
by_gender	female	locationaa	MSH3_p.Arg734Ter	1
by_gender	female	locationaa	MSH3_p.Gln969His	1
by_gender	female	locationaa	MSH4_p.Tyr505Cys	1
by_gender	female	locationaa	MSH6_p.Arg1095His	1
by_gender	female	locationaa	MSH6_p.Glu1234Ter	1
by_gender	female	locationaa	MSH6_p.Lys125Ter	1
by_gender	female	locationaa	MSI1_p.Tyr361Ser	1
by_gender	female	locationaa	MSI2_p.Ser74Gly	1
by_gender	female	locationaa	MSL1_p.Arg517Met	1
by_gender	female	locationaa	MSL1_p.Gly323Glu	1
by_gender	female	locationaa	MSL2_p.Thr394Ile	1
by_gender	female	locationaa	MSLNL_p.Arg694His	1
by_gender	female	locationaa	MSMO1_p.Phe63Leu	1
by_gender	female	locationaa	MSR1_p.Thr88Ile	1
by_gender	female	locationaa	MSRA_p.Ala96Thr	1
by_gender	female	locationaa	MSRB2_p.Lys181Asn	1
by_gender	female	locationaa	MSRB3_p.Arg151His	1
by_gender	female	locationaa	MST1_p.Cys74Gly	1
by_gender	female	locationaa	MSTN_p.Gly199Cys	1
by_gender	female	locationaa	MSTO1_p.Ala246Thr	1
by_gender	female	locationaa	MSTO1_p.Arg533Trp	1
by_gender	female	locationaa	MT1B_p.Arg58His	1
by_gender	female	locationaa	MT1H_p.Ser32Arg	1
by_gender	female	locationaa	MT1M_p.Cys34Ter	1
by_gender	female	locationaa	MT1M_p.Thr9Ile	1
by_gender	female	locationaa	MTCH2_p.Tyr258Ter	1
by_gender	female	locationaa	MTF2_p.Asn276Thr	1
by_gender	female	locationaa	MTFR1_p.Thr179Ile	1
by_gender	female	locationaa	MTG1_p.Glu101Ala	1
by_gender	female	locationaa	MTHFD1L_p.Ala623Thr	1
by_gender	female	locationaa	MTHFD2L_p.Gly299Arg	1
by_gender	female	locationaa	MTHFD2_p.Arg164Ter	1
by_gender	female	locationaa	MTHFR_p.Asn8Ser	1
by_gender	female	locationaa	MTM1_p.Cys191Ter	1
by_gender	female	locationaa	MTM1_p.Glu566Lys	1
by_gender	female	locationaa	MTMR12_p.Lys619Thr	1
by_gender	female	locationaa	MTMR14_p.Arg345His	1
by_gender	female	locationaa	MTMR4_p.Ala258Asp	1
by_gender	female	locationaa	MTMR4_p.Leu111Ile	1
by_gender	female	locationaa	MTMR4_p.Phe1127Leu	1
by_gender	female	locationaa	MTMR4_p.Pro987Leu	1
by_gender	female	locationaa	MTMR6_p.Gln345His	1
by_gender	female	locationaa	MTNR1A_p.Asp322Asn	1
by_gender	female	locationaa	MTO1_p.Gln331His	1
by_gender	female	locationaa	MTOR_p.Asn1703Ser	1
by_gender	female	locationaa	MTOR_p.Leu1199Met	1
by_gender	female	locationaa	MTOR_p.Trp1786Cys	1
by_gender	female	locationaa	MTPAP_p.Gly111Asp	1
by_gender	female	locationaa	MTPAP_p.Thr335Ile	1
by_gender	female	locationaa	MTREX_p.Lys24Glu	1
by_gender	female	locationaa	MTREX_p.Phe914Cys	1
by_gender	female	locationaa	MTRF1_p.Glu409Asp	1
by_gender	female	locationaa	MTRR_p.Ile628Val	1
by_gender	female	locationaa	MTR_p.Ser1075Gly	1
by_gender	female	locationaa	MTSS2_p.Gln120Ter	1
by_gender	female	locationaa	MTUS2_p.Arg493Cys	1
by_gender	female	locationaa	MTUS2_p.Phe78Tyr	1
by_gender	female	locationaa	MTUS2_p.Thr219Ala	1
by_gender	female	locationaa	MUC15_p.Ser299Tyr	1
by_gender	female	locationaa	MUC16_p.Ala13543Val	1
by_gender	female	locationaa	MUC16_p.Ala13785Thr	1
by_gender	female	locationaa	MUC16_p.Ala2118Val	1
by_gender	female	locationaa	MUC16_p.Ala2125Ser	1
by_gender	female	locationaa	MUC16_p.Ala9978Ser	1
by_gender	female	locationaa	MUC16_p.Arg12249Cys	1
by_gender	female	locationaa	MUC16_p.Arg8310Met	1
by_gender	female	locationaa	MUC16_p.Gln14018His	1
by_gender	female	locationaa	MUC16_p.Glu10431Ter	1
by_gender	female	locationaa	MUC16_p.Glu372Asp	1
by_gender	female	locationaa	MUC16_p.Glu9530Gln	1
by_gender	female	locationaa	MUC16_p.Gly10932Ter	1
by_gender	female	locationaa	MUC16_p.Gly12720Asp	1
by_gender	female	locationaa	MUC16_p.Gly13681Asp	1
by_gender	female	locationaa	MUC16_p.Ile8773Val	1
by_gender	female	locationaa	MUC16_p.Leu11118Ile	1
by_gender	female	locationaa	MUC16_p.Leu11826Ile	1
by_gender	female	locationaa	MUC16_p.Phe11222Leu	1
by_gender	female	locationaa	MUC16_p.Phe11509Cys	1
by_gender	female	locationaa	MUC16_p.Phe2090Cys	1
by_gender	female	locationaa	MUC16_p.Pro7714Ser	1
by_gender	female	locationaa	MUC16_p.Thr11280Ala	1
by_gender	female	locationaa	MUC16_p.Thr11770Ala	1
by_gender	female	locationaa	MUC16_p.Thr13448Ile	1
by_gender	female	locationaa	MUC16_p.Thr13473Ile	1
by_gender	female	locationaa	MUC16_p.Thr5571Ile	1
by_gender	female	locationaa	MUC16_p.Thr6542Ala	1
by_gender	female	locationaa	MUC16_p.Thr8126Ile	1
by_gender	female	locationaa	MUC16_p.Thr9109Ser	1
by_gender	female	locationaa	MUC16_p.Thr9655Ala	1
by_gender	female	locationaa	MUC17_p.Leu18Ile	1
by_gender	female	locationaa	MUC17_p.Ser3085Leu	1
by_gender	female	locationaa	MUC17_p.Ser517Phe	1
by_gender	female	locationaa	MUC17_p.Thr4115Met	1
by_gender	female	locationaa	MUC1_p.Phe1093Ile	1
by_gender	female	locationaa	MUC21_p.Thr331Ile	1
by_gender	female	locationaa	MUC2_p.Asp1335Gly	1
by_gender	female	locationaa	MUC2_p.Glu791Lys	1
by_gender	female	locationaa	MUC2_p.Val964Ala	1
by_gender	female	locationaa	MUC4_p.Asp4991Asn	1
by_gender	female	locationaa	MUC4_p.Gln644Ter	1
by_gender	female	locationaa	MUC4_p.Gly4932Arg	1
by_gender	female	locationaa	MUC4_p.Leu289Pro	1
by_gender	female	locationaa	MUC4_p.Ser824Ter	1
by_gender	female	locationaa	MUC4_p.Val868Ile	1
by_gender	female	locationaa	MUC5AC_p.Ala404Thr	1
by_gender	female	locationaa	MUC5AC_p.Asp294Gly	1
by_gender	female	locationaa	MUC5B_p.Ala2534Ser	1
by_gender	female	locationaa	MUC5B_p.Asp1031Asn	1
by_gender	female	locationaa	MUC5B_p.Cys1830Ter	1
by_gender	female	locationaa	MUC5B_p.Gly1346Val	1
by_gender	female	locationaa	MUC5B_p.Gly470Ser	1
by_gender	female	locationaa	MUC5B_p.Gly5527Val	1
by_gender	female	locationaa	MUC5B_p.Pro1436Leu	1
by_gender	female	locationaa	MUC5B_p.Pro330Ala	1
by_gender	female	locationaa	MUC5B_p.Ser2689Pro	1
by_gender	female	locationaa	MUC5B_p.Ser3345Phe	1
by_gender	female	locationaa	MUC6_p.Arg1016Cys	1
by_gender	female	locationaa	MUC6_p.Gln516His	1
by_gender	female	locationaa	MUC6_p.Gly369Val	1
by_gender	female	locationaa	MUC6_p.Leu596Met	1
by_gender	female	locationaa	MUS81_p.Arg336Ter	1
by_gender	female	locationaa	MUS81_p.Ser223Arg	1
by_gender	female	locationaa	MUS81_p.Val374Ile	1
by_gender	female	locationaa	MUSK_p.Arg449Ser	1
by_gender	female	locationaa	MUSK_p.Asn551Ser	1
by_gender	female	locationaa	MUSK_p.Val252Gly	1
by_gender	female	locationaa	MVP_p.Glu412Lys	1
by_gender	female	locationaa	MX1_p.Asp624Tyr	1
by_gender	female	locationaa	MXRA5_p.Arg2090His	1
by_gender	female	locationaa	MXRA5_p.Glu38Asp	1
by_gender	female	locationaa	MXRA5_p.Leu874Ile	1
by_gender	female	locationaa	MXRA5_p.Ser66Asn	1
by_gender	female	locationaa	MXRA5_p.Thr1050Asn	1
by_gender	female	locationaa	MXRA7_p.Gln166His	1
by_gender	female	locationaa	MYBBP1A_p.Ala255Thr	1
by_gender	female	locationaa	MYBBP1A_p.Arg989His	1
by_gender	female	locationaa	MYBPC1_p.Arg668Gly	1
by_gender	female	locationaa	MYBPC1_p.Arg710Met	1
by_gender	female	locationaa	MYBPC1_p.Ser890Ala	1
by_gender	female	locationaa	MYBPC3_p.Glu1053Asp	1
by_gender	female	locationaa	MYBPC3_p.Gly758Ser	1
by_gender	female	locationaa	MYCBP2_p.Arg1217His	1
by_gender	female	locationaa	MYCBP2_p.Cys4600Tyr	1
by_gender	female	locationaa	MYCBP2_p.Glu2153Ter	1
by_gender	female	locationaa	MYCBP2_p.Phe4286Leu	1
by_gender	female	locationaa	MYCBP2_p.Ser1960Leu	1
by_gender	female	locationaa	MYCN_p.Arg302Cys	1
by_gender	female	locationaa	MYCN_p.Ser399Thr	1
by_gender	female	locationaa	MYEF2_p.Gly511Glu	1
by_gender	female	locationaa	MYF5_p.Lys107Asn	1
by_gender	female	locationaa	MYF6_p.Lys170Thr	1
by_gender	female	locationaa	MYH10_p.Ala1893Val	1
by_gender	female	locationaa	MYH10_p.Arg439His	1
by_gender	female	locationaa	MYH10_p.Glu505Lys	1
by_gender	female	locationaa	MYH11_p.Arg1564Trp	1
by_gender	female	locationaa	MYH11_p.Glu729Ala	1
by_gender	female	locationaa	MYH11_p.Leu1099Ile	1
by_gender	female	locationaa	MYH11_p.Thr635Met	1
by_gender	female	locationaa	MYH11_p.Val440Met	1
by_gender	female	locationaa	MYH13_p.Glu932Asp	1
by_gender	female	locationaa	MYH14_p.Arg1581Cys	1
by_gender	female	locationaa	MYH14_p.Arg1794His	1
by_gender	female	locationaa	MYH14_p.Gly549TrpfsTer8	1
by_gender	female	locationaa	MYH14_p.Pro228Gln	1
by_gender	female	locationaa	MYH14_p.Ser1129Tyr	1
by_gender	female	locationaa	MYH15_p.Ala1367Asp	1
by_gender	female	locationaa	MYH15_p.Ala236Val	1
by_gender	female	locationaa	MYH15_p.Asp252Gly	1
by_gender	female	locationaa	MYH15_p.Glu1436Gly	1
by_gender	female	locationaa	MYH15_p.His593Tyr	1
by_gender	female	locationaa	MYH1_p.Ala1643Thr	1
by_gender	female	locationaa	MYH1_p.Arg1845His	1
by_gender	female	locationaa	MYH1_p.Arg445His	1
by_gender	female	locationaa	MYH1_p.Thr1793Met	1
by_gender	female	locationaa	MYH2_p.Glu691Asp	1
by_gender	female	locationaa	MYH2_p.Lys297Thr	1
by_gender	female	locationaa	MYH3_p.Ser590Ile	1
by_gender	female	locationaa	MYH4_p.Ala1781Thr	1
by_gender	female	locationaa	MYH4_p.Asp1669Asn	1
by_gender	female	locationaa	MYH4_p.Glu1908Asp	1
by_gender	female	locationaa	MYH6_p.Ala1411Val	1
by_gender	female	locationaa	MYH6_p.Asn438Lys	1
by_gender	female	locationaa	MYH6_p.Glu1516Lys	1
by_gender	female	locationaa	MYH6_p.Ile221Leu	1
by_gender	female	locationaa	MYH7B_p.Ala507Thr	1
by_gender	female	locationaa	MYH7B_p.Arg1636His	1
by_gender	female	locationaa	MYH7B_p.Arg53His	1
by_gender	female	locationaa	MYH7B_p.Arg754His	1
by_gender	female	locationaa	MYH7B_p.Glu1828AsnfsTer3	1
by_gender	female	locationaa	MYH7_p.Ala728Val	1
by_gender	female	locationaa	MYH7_p.Arg703His	1
by_gender	female	locationaa	MYH8_p.Glu1890Asp	1
by_gender	female	locationaa	MYH8_p.Lys1109Met	1
by_gender	female	locationaa	MYH9_p.Lys580Thr	1
by_gender	female	locationaa	MYL10_p.Phe190Leu	1
by_gender	female	locationaa	MYLK2_p.Ala430Ser	1
by_gender	female	locationaa	MYLK2_p.Asn411Thr	1
by_gender	female	locationaa	MYLK2_p.Val522Ile	1
by_gender	female	locationaa	MYLK4_p.Ala161Thr	1
by_gender	female	locationaa	MYLK_p.Ala1179Val	1
by_gender	female	locationaa	MYLK_p.Asn1698Thr	1
by_gender	female	locationaa	MYLK_p.Leu1767Ile	1
by_gender	female	locationaa	MYLK_p.Ser1461Phe	1
by_gender	female	locationaa	MYLK_p.Ser700Asn	1
by_gender	female	locationaa	MYLK_p.Thr1132Met	1
by_gender	female	locationaa	MYLK_p.Thr1711Met	1
by_gender	female	locationaa	MYLK_p.Thr341Asn	1
by_gender	female	locationaa	MYLPF_p.Tyr158ThrfsTer35	1
by_gender	female	locationaa	MYO10_p.Gly1223Arg	1
by_gender	female	locationaa	MYO10_p.Leu1830Ile	1
by_gender	female	locationaa	MYO10_p.Phe379Leu	1
by_gender	female	locationaa	MYO10_p.Val1261Ile	1
by_gender	female	locationaa	MYO15A_p.Ala1183Ser	1
by_gender	female	locationaa	MYO15A_p.Arg114Ser	1
by_gender	female	locationaa	MYO15A_p.Arg1659Trp	1
by_gender	female	locationaa	MYO15A_p.Arg3294Trp	1
by_gender	female	locationaa	MYO15A_p.Asp1037Gly	1
by_gender	female	locationaa	MYO15A_p.Asp2225Gly	1
by_gender	female	locationaa	MYO15A_p.Gln1070His	1
by_gender	female	locationaa	MYO15A_p.Gln1266His	1
by_gender	female	locationaa	MYO15A_p.Gly1805Cys	1
by_gender	female	locationaa	MYO15A_p.Gly3406Asp	1
by_gender	female	locationaa	MYO15A_p.Pro958Leu	1
by_gender	female	locationaa	MYO15A_p.Ser3065Ile	1
by_gender	female	locationaa	MYO16_p.Asn939Ser	1
by_gender	female	locationaa	MYO16_p.Glu1328Lys	1
by_gender	female	locationaa	MYO16_p.Glu1823Lys	1
by_gender	female	locationaa	MYO16_p.Glu789Asp	1
by_gender	female	locationaa	MYO16_p.Ser341Leu	1
by_gender	female	locationaa	MYO16_p.Thr1722Ile	1
by_gender	female	locationaa	MYO18A_p.Ala1510Thr	1
by_gender	female	locationaa	MYO18A_p.Arg1169Trp	1
by_gender	female	locationaa	MYO18A_p.Ser368Tyr	1
by_gender	female	locationaa	MYO18B_p.Ala1934Thr	1
by_gender	female	locationaa	MYO18B_p.Ala858Thr	1
by_gender	female	locationaa	MYO18B_p.Arg2358Ile	1
by_gender	female	locationaa	MYO18B_p.Asp685His	1
by_gender	female	locationaa	MYO18B_p.Gln989Ter	1
by_gender	female	locationaa	MYO18B_p.Glu2110Lys	1
by_gender	female	locationaa	MYO18B_p.Glu2497Asp	1
by_gender	female	locationaa	MYO18B_p.Gly2271Asp	1
by_gender	female	locationaa	MYO18B_p.Thr382Asn	1
by_gender	female	locationaa	MYO19_p.Ala642Val	1
by_gender	female	locationaa	MYO1A_p.Ala509Val	1
by_gender	female	locationaa	MYO1A_p.Arg639Ter	1
by_gender	female	locationaa	MYO1B_p.Arg367Ter	1
by_gender	female	locationaa	MYO1B_p.Ile844Met	1
by_gender	female	locationaa	MYO1D_p.Arg850Trp	1
by_gender	female	locationaa	MYO1E_p.Glu183Lys	1
by_gender	female	locationaa	MYO3A_p.Gly810Ser	1
by_gender	female	locationaa	MYO3A_p.Ile767Phe	1
by_gender	female	locationaa	MYO3A_p.Leu780Met	1
by_gender	female	locationaa	MYO3A_p.Tyr1240Cys	1
by_gender	female	locationaa	MYO3B_p.Arg510Ile	1
by_gender	female	locationaa	MYO3B_p.Glu116Lys	1
by_gender	female	locationaa	MYO3B_p.Lys276Asn	1
by_gender	female	locationaa	MYO5A_p.Pro1235Ser	1
by_gender	female	locationaa	MYO5B_p.Ala1733Thr	1
by_gender	female	locationaa	MYO5B_p.Asp1215Gly	1
by_gender	female	locationaa	MYO5B_p.His419Tyr	1
by_gender	female	locationaa	MYO5C_p.Tyr633Ter	1
by_gender	female	locationaa	MYO6_p.Gln1215Ter	1
by_gender	female	locationaa	MYO7A_p.Ala304Thr	1
by_gender	female	locationaa	MYO7A_p.Glu339Lys	1
by_gender	female	locationaa	MYO7A_p.Gly1630Arg	1
by_gender	female	locationaa	MYO7B_p.Ser1233Ile	1
by_gender	female	locationaa	MYO9A_p.Arg2098Ter	1
by_gender	female	locationaa	MYO9A_p.Arg513Gln	1
by_gender	female	locationaa	MYO9A_p.Asp872Asn	1
by_gender	female	locationaa	MYO9A_p.Gln1146Ter	1
by_gender	female	locationaa	MYO9A_p.His880Asp	1
by_gender	female	locationaa	MYO9A_p.Leu2082His	1
by_gender	female	locationaa	MYO9A_p.Lys2503Asn	1
by_gender	female	locationaa	MYO9A_p.Ser181Ile	1
by_gender	female	locationaa	MYO9B_p.His168Asn	1
by_gender	female	locationaa	MYOF_p.Gly1809Arg	1
by_gender	female	locationaa	MYOG_p.Ser77Leu	1
by_gender	female	locationaa	MYOM1_p.Ala383Asp	1
by_gender	female	locationaa	MYOM1_p.Pro540His	1
by_gender	female	locationaa	MYOM2_p.Glu1411Asp	1
by_gender	female	locationaa	MYOM3_p.Glu1416Lys	1
by_gender	female	locationaa	MYOM3_p.Thr834Ile	1
by_gender	female	locationaa	MYORG_p.Arg15His	1
by_gender	female	locationaa	MYOT_p.Gly304Asp	1
by_gender	female	locationaa	MYOZ1_p.Pro243His	1
by_gender	female	locationaa	MYOZ1_p.Pro243Thr	1
by_gender	female	locationaa	MYOZ2_p.Ile85Ser	1
by_gender	female	locationaa	MYOZ3_p.Gly208Asp	1
by_gender	female	locationaa	MYOZ3_p.Ser187Ile	1
by_gender	female	locationaa	MYPN_p.Arg597Cys	1
by_gender	female	locationaa	MYPN_p.Tyr1264Cys	1
by_gender	female	locationaa	MYPOP_p.Pro137Ser	1
by_gender	female	locationaa	MYRF_p.Ala486Thr	1
by_gender	female	locationaa	MYRF_p.Ser1092Ile	1
by_gender	female	locationaa	MYRIP_p.Gly662Ter	1
by_gender	female	locationaa	MYRIP_p.Ser314Leu	1
by_gender	female	locationaa	MYT1L_p.Arg18Leu	1
by_gender	female	locationaa	MYT1L_p.Glu328Ter	1
by_gender	female	locationaa	MYT1_p.Glu1020Lys	1
by_gender	female	locationaa	MYT1_p.His504Arg	1
by_gender	female	locationaa	MYT1_p.His964Tyr	1
by_gender	female	locationaa	MYT1_p.Lys100Asn	1
by_gender	female	locationaa	MYT1_p.Val137Ala	1
by_gender	female	locationaa	MZF1_p.Glu30Lys	1
by_gender	female	locationaa	N4BP1_p.Arg668Cys	1
by_gender	female	locationaa	N4BP2L2_p.Lys194Glu	1
by_gender	female	locationaa	N4BP2L2_p.Trp817Ter	1
by_gender	female	locationaa	N4BP2_p.Asp135Gly	1
by_gender	female	locationaa	N4BP2_p.Pro1003Ser	1
by_gender	female	locationaa	N4BP2_p.Ser1754Ile	1
by_gender	female	locationaa	N4BP2_p.Ser865Ile	1
by_gender	female	locationaa	N4BP2_p.Val1571Ile	1
by_gender	female	locationaa	N4BP3_p.Gly139Cys	1
by_gender	female	locationaa	N4BP3_p.Pro201His	1
by_gender	female	locationaa	NAA16_p.Gln196His	1
by_gender	female	locationaa	NAA25_p.Ala716Val	1
by_gender	female	locationaa	NAA25_p.Glu329Asp	1
by_gender	female	locationaa	NAA40_p.Arg125Gln	1
by_gender	female	locationaa	NAA40_p.Ser226Phe	1
by_gender	female	locationaa	NAA60_p.Asp173Tyr	1
by_gender	female	locationaa	NAALAD2_p.Ser132Ala	1
by_gender	female	locationaa	NAALAD2_p.Tyr461Cys	1
by_gender	female	locationaa	NAALADL2_p.Arg112Gln	1
by_gender	female	locationaa	NABP2_p.Gln135Arg	1
by_gender	female	locationaa	NACA2_p.Trp52Ter	1
by_gender	female	locationaa	NACC1_p.Gln76His	1
by_gender	female	locationaa	NACC2_p.Thr388Met	1
by_gender	female	locationaa	NADSYN1_p.Ala596Val	1
by_gender	female	locationaa	NAGK_p.Arg321Met	1
by_gender	female	locationaa	NAGLU_p.Ala635Val	1
by_gender	female	locationaa	NAGLU_p.Ala687Ser	1
by_gender	female	locationaa	NAGPA_p.Pro39Leu	1
by_gender	female	locationaa	NAIF1_p.Phe35Ser	1
by_gender	female	locationaa	NALCN_p.Arg1573His	1
by_gender	female	locationaa	NALCN_p.Arg1671Cys	1
by_gender	female	locationaa	NALCN_p.Arg708His	1
by_gender	female	locationaa	NANOG_p.Ala270Asp	1
by_gender	female	locationaa	NAP1L1_p.Gln383Ter	1
by_gender	female	locationaa	NAP1L2_p.Ala37Val	1
by_gender	female	locationaa	NAPEPLD_p.Leu145Ile	1
by_gender	female	locationaa	NAPSA_p.Arg352His	1
by_gender	female	locationaa	NARS2_p.Arg140Ter	1
by_gender	female	locationaa	NAT10_p.Leu825Met	1
by_gender	female	locationaa	NAT2_p.Ser221Ala	1
by_gender	female	locationaa	NAT8L_p.Ala255Thr	1
by_gender	female	locationaa	NAV1_p.Arg929Ile	1
by_gender	female	locationaa	NAV1_p.Glu762Ter	1
by_gender	female	locationaa	NAV2_p.Asn1717His	1
by_gender	female	locationaa	NAV2_p.Gln194His	1
by_gender	female	locationaa	NAV2_p.Gln246His	1
by_gender	female	locationaa	NAV2_p.Gly730Glu	1
by_gender	female	locationaa	NAV2_p.Pro1105Leu	1
by_gender	female	locationaa	NAV3_p.Asn896Thr	1
by_gender	female	locationaa	NAV3_p.Ser1044Gly	1
by_gender	female	locationaa	NAV3_p.Tyr2042Ter	1
by_gender	female	locationaa	NAV3_p.Val537Ile	1
by_gender	female	locationaa	NAXE_p.Ala230Val	1
by_gender	female	locationaa	NBAS_p.Ala2343Val	1
by_gender	female	locationaa	NBAS_p.Arg1334His	1
by_gender	female	locationaa	NBEAL1_p.Leu1943Ile	1
by_gender	female	locationaa	NBEAL2_p.Ala1129Val	1
by_gender	female	locationaa	NBEAL2_p.Ala78Thr	1
by_gender	female	locationaa	NBEA_p.Ala169Asp	1
by_gender	female	locationaa	NBEA_p.Arg336Gln	1
by_gender	female	locationaa	NBEA_p.Gln2554Ter	1
by_gender	female	locationaa	NBEA_p.Ile1964Val	1
by_gender	female	locationaa	NBPF11_p.Ala671Val	1
by_gender	female	locationaa	NBPF9_p.Asn53Ser	1
by_gender	female	locationaa	NBPF9_p.Met15Thr	1
by_gender	female	locationaa	NCALD_p.Arg9Cys	1
by_gender	female	locationaa	NCAM1_p.Gln419His	1
by_gender	female	locationaa	NCAM2_p.Glu195Ter	1
by_gender	female	locationaa	NCAM2_p.Glu636Asp	1
by_gender	female	locationaa	NCAM2_p.Ile386Ser	1
by_gender	female	locationaa	NCAM2_p.Ser497Phe	1
by_gender	female	locationaa	NCAN_p.Gly1037Asp	1
by_gender	female	locationaa	NCAN_p.Ile1145Val	1
by_gender	female	locationaa	NCAPD2_p.Arg233His	1
by_gender	female	locationaa	NCAPD2_p.Gln455His	1
by_gender	female	locationaa	NCAPD3_p.Ala334Val	1
by_gender	female	locationaa	NCAPD3_p.Ala340Thr	1
by_gender	female	locationaa	NCAPD3_p.Asp1172Glu	1
by_gender	female	locationaa	NCAPG2_p.Glu533Asp	1
by_gender	female	locationaa	NCAPG_p.Arg993Gln	1
by_gender	female	locationaa	NCAPH_p.Lys215Thr	1
by_gender	female	locationaa	NCAPH_p.Thr491Ile	1
by_gender	female	locationaa	NCBP2_p.Ser63Arg	1
by_gender	female	locationaa	NCBP3_p.Lys562Thr	1
by_gender	female	locationaa	NCBP3_p.Thr423Asn	1
by_gender	female	locationaa	NCDN_p.Arg148Cys	1
by_gender	female	locationaa	NCEH1_p.Arg139His	1
by_gender	female	locationaa	NCEH1_p.Phe127Cys	1
by_gender	female	locationaa	NCF2_p.Leu114Ile	1
by_gender	female	locationaa	NCK1_p.Ala111Thr	1
by_gender	female	locationaa	NCK1_p.Arg344Cys	1
by_gender	female	locationaa	NCK2_p.Ala298Thr	1
by_gender	female	locationaa	NCK2_p.Glu3Lys	1
by_gender	female	locationaa	NCKAP1L_p.Arg767His	1
by_gender	female	locationaa	NCKAP1L_p.Asn272Asp	1
by_gender	female	locationaa	NCKAP1L_p.Pro990Ser	1
by_gender	female	locationaa	NCKAP1_p.Arg1079Ile	1
by_gender	female	locationaa	NCKAP1_p.Ile321Val	1
by_gender	female	locationaa	NCKAP1_p.Ser915Phe	1
by_gender	female	locationaa	NCKAP1_p.Tyr1018His	1
by_gender	female	locationaa	NCKAP5_p.Gln110Lys	1
by_gender	female	locationaa	NCKIPSD_p.Ala446Thr	1
by_gender	female	locationaa	NCKIPSD_p.Cys554Ser	1
by_gender	female	locationaa	NCOA2_p.Ser399Arg	1
by_gender	female	locationaa	NCOA3_p.Asp295Val	1
by_gender	female	locationaa	NCOA3_p.Ser517Ile	1
by_gender	female	locationaa	NCOA4_p.Gly251Arg	1
by_gender	female	locationaa	NCOA5_p.Arg32Ter	1
by_gender	female	locationaa	NCOA6_p.Gln469Ter	1
by_gender	female	locationaa	NCOR1_p.Arg581Cys	1
by_gender	female	locationaa	NCOR1_p.Glu319Gly	1
by_gender	female	locationaa	NCOR1_p.Leu1007Ile	1
by_gender	female	locationaa	NCOR1_p.Lys107Asn	1
by_gender	female	locationaa	NCOR1_p.Ser45Pro	1
by_gender	female	locationaa	NCOR2_p.Ala572Val	1
by_gender	female	locationaa	NCOR2_p.Pro1662Leu	1
by_gender	female	locationaa	NCR1_p.Thr240Met	1
by_gender	female	locationaa	NDC1_p.Ala549Val	1
by_gender	female	locationaa	NDC1_p.Gly173Val	1
by_gender	female	locationaa	NDE1_p.Ala145Val	1
by_gender	female	locationaa	NDFIP1_p.Gly195Ter	1
by_gender	female	locationaa	NDFIP1_p.Pro89His	1
by_gender	female	locationaa	NDNF_p.Leu409Ile	1
by_gender	female	locationaa	NDOR1_p.Ala444Thr	1
by_gender	female	locationaa	NDOR1_p.Arg598Trp	1
by_gender	female	locationaa	NDP_p.Tyr53Cys	1
by_gender	female	locationaa	NDST1_p.Arg782Cys	1
by_gender	female	locationaa	NDST1_p.Gly737Ser	1
by_gender	female	locationaa	NDST3_p.Phe272LeufsTer5	1
by_gender	female	locationaa	NDST3_p.Pro197Leu	1
by_gender	female	locationaa	NDST3_p.Thr551Ile	1
by_gender	female	locationaa	NDST3_p.Val757Ala	1
by_gender	female	locationaa	NDST4_p.Leu510Ile	1
by_gender	female	locationaa	NDST4_p.Thr629Arg	1
by_gender	female	locationaa	NDUFA10_p.Ala105Thr	1
by_gender	female	locationaa	NDUFA10_p.Glu316Val	1
by_gender	female	locationaa	NDUFA11_p.Pro46Ser	1
by_gender	female	locationaa	NDUFA6_p.Arg114Met	1
by_gender	female	locationaa	NDUFA7_p.Arg57His	1
by_gender	female	locationaa	NDUFA8_p.Ala28Val	1
by_gender	female	locationaa	NDUFA9_p.Leu353Met	1
by_gender	female	locationaa	NDUFAF3_p.Gly92Arg	1
by_gender	female	locationaa	NDUFAF7_p.Ala117Ser	1
by_gender	female	locationaa	NDUFB8_p.Cys144Ter	1
by_gender	female	locationaa	NDUFB9_p.Tyr97Cys	1
by_gender	female	locationaa	NDUFS1_p.Asp132Gly	1
by_gender	female	locationaa	NDUFS6_p.Asp48Asn	1
by_gender	female	locationaa	NDUFS7_p.Asp139Asn	1
by_gender	female	locationaa	NEBL_p.Asn75His	1
by_gender	female	locationaa	NEB_p.Ala4530Val	1
by_gender	female	locationaa	NEB_p.Arg2161His	1
by_gender	female	locationaa	NEB_p.Arg985Cys	1
by_gender	female	locationaa	NEB_p.Asn1496Ser	1
by_gender	female	locationaa	NEB_p.Asp2118Asn	1
by_gender	female	locationaa	NEB_p.Gln5750His	1
by_gender	female	locationaa	NEB_p.His6555Tyr	1
by_gender	female	locationaa	NEB_p.His88Arg	1
by_gender	female	locationaa	NEB_p.Lys1828Asn	1
by_gender	female	locationaa	NEB_p.Lys3541Asn	1
by_gender	female	locationaa	NEB_p.Ser3782Asn	1
by_gender	female	locationaa	NEB_p.Ser6091Phe	1
by_gender	female	locationaa	NEB_p.Trp2418Ter	1
by_gender	female	locationaa	NECAP2_p.Ala163Thr	1
by_gender	female	locationaa	NECTIN1_p.Arg347Trp	1
by_gender	female	locationaa	NEDD4L_p.Ala290Val	1
by_gender	female	locationaa	NEDD4_p.Arg939Ser	1
by_gender	female	locationaa	NEFH_p.Ala394Val	1
by_gender	female	locationaa	NEFM_p.Phe292Leu	1
by_gender	female	locationaa	NEIL3_p.Ile225Val	1
by_gender	female	locationaa	NEIL3_p.Lys247Thr	1
by_gender	female	locationaa	NEK10_p.Glu621Ter	1
by_gender	female	locationaa	NEK10_p.Ile119Lys	1
by_gender	female	locationaa	NEK10_p.Val671Ile	1
by_gender	female	locationaa	NEK11_p.Ala233Thr	1
by_gender	female	locationaa	NEK11_p.Arg153Gly	1
by_gender	female	locationaa	NEK11_p.Glu366Ter	1
by_gender	female	locationaa	NEK5_p.Pro511Ser	1
by_gender	female	locationaa	NEK7_p.Gln19His	1
by_gender	female	locationaa	NEK8_p.Cys21Arg	1
by_gender	female	locationaa	NELFB_p.Arg562Lys	1
by_gender	female	locationaa	NELFB_p.Gly396Ala	1
by_gender	female	locationaa	NELFCD_p.Glu419Ter	1
by_gender	female	locationaa	NELFCD_p.Gly306Arg	1
by_gender	female	locationaa	NELFE_p.Arg126His	1
by_gender	female	locationaa	NELFE_p.Leu376Phe	1
by_gender	female	locationaa	NELL2_p.Gly132Ser	1
by_gender	female	locationaa	NELL2_p.Thr770Ile	1
by_gender	female	locationaa	NEMF_p.Asn938Thr	1
by_gender	female	locationaa	NEMF_p.Lys67Asn	1
by_gender	female	locationaa	NEMP1_p.Gln416His	1
by_gender	female	locationaa	NEO1_p.Arg889Ter	1
by_gender	female	locationaa	NEO1_p.Gly137Val	1
by_gender	female	locationaa	NEPRO_p.Asn72His	1
by_gender	female	locationaa	NEPRO_p.Glu309Ala	1
by_gender	female	locationaa	NES_p.Glu960Ter	1
by_gender	female	locationaa	NES_p.Leu700Met	1
by_gender	female	locationaa	NETO1_p.Gln513His	1
by_gender	female	locationaa	NETO1_p.Glu389Lys	1
by_gender	female	locationaa	NEU4_p.Arg17Ser	1
by_gender	female	locationaa	NEURL3_p.Pro173Thr	1
by_gender	female	locationaa	NEURL4_p.Arg569Cys	1
by_gender	female	locationaa	NEURL4_p.Trp803Ter	1
by_gender	female	locationaa	NEURL4_p.Val944Ile	1
by_gender	female	locationaa	NEUROD1_p.Arg144His	1
by_gender	female	locationaa	NEUROD1_p.Ser236Asn	1
by_gender	female	locationaa	NEUROG1_p.Glu101Lys	1
by_gender	female	locationaa	NEXMIF_p.Ala98Asp	1
by_gender	female	locationaa	NEXMIF_p.Leu1320Val	1
by_gender	female	locationaa	NEXN_p.Arg279His	1
by_gender	female	locationaa	NEXN_p.Val18Ala	1
by_gender	female	locationaa	NF1_p.Cys1960LeufsTer4	1
by_gender	female	locationaa	NF1_p.Thr1972Ala	1
by_gender	female	locationaa	NFASC_p.Pro650Leu	1
by_gender	female	locationaa	NFAT5_p.Gln710Ter	1
by_gender	female	locationaa	NFAT5_p.Thr365Ile	1
by_gender	female	locationaa	NFAT5_p.Thr716Ile	1
by_gender	female	locationaa	NFATC1_p.Ala174Val	1
by_gender	female	locationaa	NFATC1_p.Ala388Val	1
by_gender	female	locationaa	NFATC1_p.Ala453Val	1
by_gender	female	locationaa	NFATC2_p.Arg572Ter	1
by_gender	female	locationaa	NFATC2_p.Arg821His	1
by_gender	female	locationaa	NFATC2_p.Glu581Gly	1
by_gender	female	locationaa	NFATC3_p.His233Tyr	1
by_gender	female	locationaa	NFATC3_p.Ser75Pro	1
by_gender	female	locationaa	NFATC4_p.Ala158Thr	1
by_gender	female	locationaa	NFATC4_p.Gln579His	1
by_gender	female	locationaa	NFATC4_p.Pro114Ser	1
by_gender	female	locationaa	NFATC4_p.Val558Met	1
by_gender	female	locationaa	NFE2L1_p.Arg92Met	1
by_gender	female	locationaa	NFE2L1_p.Lys768Glu	1
by_gender	female	locationaa	NFE2L1_p.Ser278Ile	1
by_gender	female	locationaa	NFIC_p.Arg81Cys	1
by_gender	female	locationaa	NFIL3_p.Ser253Phe	1
by_gender	female	locationaa	NFIX_p.Ala366Ser	1
by_gender	female	locationaa	NFKBIA_p.Thr90Ile	1
by_gender	female	locationaa	NFKBID_p.Ala113Val	1
by_gender	female	locationaa	NFKBIZ_p.Arg630AlafsTer13	1
by_gender	female	locationaa	NFKBIZ_p.Gly109Asp	1
by_gender	female	locationaa	NGDN_p.Arg195Ter	1
by_gender	female	locationaa	NGF_p.Ala111Thr	1
by_gender	female	locationaa	NGF_p.Arg62Cys	1
by_gender	female	locationaa	NGF_p.Arg81Ter	1
by_gender	female	locationaa	NGF_p.Pro20Ser	1
by_gender	female	locationaa	NGLY1_p.Asp639Gly	1
by_gender	female	locationaa	NGRN_p.Gln235Ter	1
by_gender	female	locationaa	NGRN_p.Glu49Lys	1
by_gender	female	locationaa	NHLRC1_p.Ile174Ser	1
by_gender	female	locationaa	NHLRC2_p.Tyr190Cys	1
by_gender	female	locationaa	NHLRC3_p.Ser292Ile	1
by_gender	female	locationaa	NHSL2_p.Arg425Gln	1
by_gender	female	locationaa	NHSL2_p.Pro523Ser	1
by_gender	female	locationaa	NIBAN1_p.Gly111Ter	1
by_gender	female	locationaa	NIBAN2_p.Ala509Thr	1
by_gender	female	locationaa	NIBAN2_p.Pro634Ser	1
by_gender	female	locationaa	NIBAN3_p.Ala208Ser	1
by_gender	female	locationaa	NIBAN3_p.Leu203Arg	1
by_gender	female	locationaa	NICN1_p.Ser59Ile	1
by_gender	female	locationaa	NID1_p.Glu306Asp	1
by_gender	female	locationaa	NID2_p.Ala158Ser	1
by_gender	female	locationaa	NIM1K_p.Lys281Thr	1
by_gender	female	locationaa	NINL_p.Gln1210Ter	1
by_gender	female	locationaa	NINL_p.Leu37Phe	1
by_gender	female	locationaa	NINL_p.Pro851Ser	1
by_gender	female	locationaa	NIN_p.Arg1272Cys	1
by_gender	female	locationaa	NIN_p.Arg278Ter	1
by_gender	female	locationaa	NIN_p.Thr1558Met	1
by_gender	female	locationaa	NIPA1_p.Asp256Asn	1
by_gender	female	locationaa	NIPAL4_p.Ala148Asp	1
by_gender	female	locationaa	NIPBL_p.Ala2333Val	1
by_gender	female	locationaa	NIPBL_p.Arg1673His	1
by_gender	female	locationaa	NIPBL_p.Arg2152Gln	1
by_gender	female	locationaa	NIPBL_p.Pro1190His	1
by_gender	female	locationaa	NIPBL_p.Pro137Ser	1
by_gender	female	locationaa	NIPBL_p.Ser1140Asn	1
by_gender	female	locationaa	NIPSNAP2_p.Gly183Arg	1
by_gender	female	locationaa	NIPSNAP3B_p.Ala51Val	1
by_gender	female	locationaa	NISCH_p.Arg611Trp	1
by_gender	female	locationaa	NKAIN3_p.Val135Ile	1
by_gender	female	locationaa	NKAPL_p.Leu369Ile	1
by_gender	female	locationaa	NKAP_p.Ser246Leu	1
by_gender	female	locationaa	NKD1_p.Arg182Trp	1
by_gender	female	locationaa	NKD1_p.Arg336Gln	1
by_gender	female	locationaa	NKG7_p.Asp26Asn	1
by_gender	female	locationaa	NKG7_p.Glu163Asp	1
by_gender	female	locationaa	NKRF_p.Lys44Ter	1
by_gender	female	locationaa	NKTR_p.Arg1432Trp	1
by_gender	female	locationaa	NKTR_p.Pro1291Ser	1
by_gender	female	locationaa	NKX2-1_p.Arg213His	1
by_gender	female	locationaa	NKX2-4_p.Gln255Pro	1
by_gender	female	locationaa	NKX2-5_p.Arg156Cys	1
by_gender	female	locationaa	NKX6-2_p.Asn262Thr	1
by_gender	female	locationaa	NLE1_p.Gly74Val	1
by_gender	female	locationaa	NLGN1_p.Arg291Gln	1
by_gender	female	locationaa	NLGN1_p.Arg755Gln	1
by_gender	female	locationaa	NLGN1_p.Asp403Gly	1
by_gender	female	locationaa	NLGN1_p.Leu457Met	1
by_gender	female	locationaa	NLGN2_p.Gly381Ser	1
by_gender	female	locationaa	NLGN2_p.Pro166Leu	1
by_gender	female	locationaa	NLGN3_p.Arg798Cys	1
by_gender	female	locationaa	NLGN3_p.Arg83Cys	1
by_gender	female	locationaa	NLGN3_p.Ser94Leu	1
by_gender	female	locationaa	NLGN4X_p.Arg436Trp	1
by_gender	female	locationaa	NLGN4X_p.Val399Met	1
by_gender	female	locationaa	NLK_p.Asp323Gly	1
by_gender	female	locationaa	NLRC3_p.Arg254His	1
by_gender	female	locationaa	NLRC3_p.Arg501Trp	1
by_gender	female	locationaa	NLRC3_p.His164Arg	1
by_gender	female	locationaa	NLRC4_p.Glu260Ter	1
by_gender	female	locationaa	NLRC4_p.Glu574Ter	1
by_gender	female	locationaa	NLRC4_p.Glu95Lys	1
by_gender	female	locationaa	NLRC5_p.Ala1841Thr	1
by_gender	female	locationaa	NLRC5_p.Ala859Val	1
by_gender	female	locationaa	NLRC5_p.Arg574His	1
by_gender	female	locationaa	NLRC5_p.Cys1002Trp	1
by_gender	female	locationaa	NLRC5_p.Leu1052Ser	1
by_gender	female	locationaa	NLRP10_p.Cys618MetfsTer13	1
by_gender	female	locationaa	NLRP10_p.Cys618Ter	1
by_gender	female	locationaa	NLRP11_p.Ala853Asp	1
by_gender	female	locationaa	NLRP11_p.Arg445His	1
by_gender	female	locationaa	NLRP12_p.Ala765Thr	1
by_gender	female	locationaa	NLRP12_p.Arg561His	1
by_gender	female	locationaa	NLRP13_p.Ala988Val	1
by_gender	female	locationaa	NLRP14_p.Glu829Asp	1
by_gender	female	locationaa	NLRP1_p.Ile799Ser	1
by_gender	female	locationaa	NLRP2_p.Ala389Val	1
by_gender	female	locationaa	NLRP3_p.Leu15Met	1
by_gender	female	locationaa	NLRP3_p.Ser794Asn	1
by_gender	female	locationaa	NLRP3_p.Val574Ala	1
by_gender	female	locationaa	NLRP4_p.Thr199Met	1
by_gender	female	locationaa	NLRP7_p.Ala343Ser	1
by_gender	female	locationaa	NLRP7_p.Lys259Arg	1
by_gender	female	locationaa	NLRP8_p.Arg741Cys	1
by_gender	female	locationaa	NLRP8_p.Gln450His	1
by_gender	female	locationaa	NLRP8_p.Gly210Val	1
by_gender	female	locationaa	NLRP8_p.Phe243Leu	1
by_gender	female	locationaa	NLRP9_p.Lys348Glu	1
by_gender	female	locationaa	NLRP9_p.Val347Met	1
by_gender	female	locationaa	NMD3_p.Ala155Val	1
by_gender	female	locationaa	NME1_p.Gly131Ser	1
by_gender	female	locationaa	NME4_p.Arg89Trp	1
by_gender	female	locationaa	NMRK1_p.Ser31Asn	1
by_gender	female	locationaa	NMT2_p.Arg352Ter	1
by_gender	female	locationaa	NMUR2_p.Ile342Ser	1
by_gender	female	locationaa	NMUR2_p.Pro151Leu	1
by_gender	female	locationaa	NNT_p.Ala1016Ser	1
by_gender	female	locationaa	NNT_p.Arg254Gln	1
by_gender	female	locationaa	NNT_p.Gln621His	1
by_gender	female	locationaa	NNT_p.Ser18Asn	1
by_gender	female	locationaa	NNT_p.Thr821Ser	1
by_gender	female	locationaa	NOBOX_p.Arg302His	1
by_gender	female	locationaa	NOBOX_p.Arg315His	1
by_gender	female	locationaa	NOC3L_p.Gly594Cys	1
by_gender	female	locationaa	NOC3L_p.His127Tyr	1
by_gender	female	locationaa	NOD1_p.Ala690Thr	1
by_gender	female	locationaa	NOD1_p.Leu40Met	1
by_gender	female	locationaa	NOD1_p.Ser439Ile	1
by_gender	female	locationaa	NOD2_p.Arg459His	1
by_gender	female	locationaa	NOD2_p.Gly557Asp	1
by_gender	female	locationaa	NOL10_p.Leu677Met	1
by_gender	female	locationaa	NOL4_p.Arg425Ter	1
by_gender	female	locationaa	NOL4_p.Gly564Arg	1
by_gender	female	locationaa	NOL8_p.Asp787Gly	1
by_gender	female	locationaa	NOL8_p.Lys940Thr	1
by_gender	female	locationaa	NOL9_p.Ile518Val	1
by_gender	female	locationaa	NOM1_p.Glu356GlyfsTer15	1
by_gender	female	locationaa	NOMO1_p.Ala1200Val	1
by_gender	female	locationaa	NOMO1_p.Gln806His	1
by_gender	female	locationaa	NOMO2_p.Pro736His	1
by_gender	female	locationaa	NONO_p.Arg468Cys	1
by_gender	female	locationaa	NOP2_p.Arg431Trp	1
by_gender	female	locationaa	NOP2_p.Ser264Phe	1
by_gender	female	locationaa	NOP53_p.Ala226Thr	1
by_gender	female	locationaa	NOP53_p.Val465Gly	1
by_gender	female	locationaa	NOP56_p.Ala323Val	1
by_gender	female	locationaa	NOP56_p.Glu225Asp	1
by_gender	female	locationaa	NOP9_p.Gln353Ter	1
by_gender	female	locationaa	NOS1AP_p.Arg200Cys	1
by_gender	female	locationaa	NOS1_p.Arg121Trp	1
by_gender	female	locationaa	NOS1_p.Arg1268Gln	1
by_gender	female	locationaa	NOS1_p.Arg1268Trp	1
by_gender	female	locationaa	NOS1_p.Asp655Gly	1
by_gender	female	locationaa	NOS2_p.Leu843Phe	1
by_gender	female	locationaa	NOS2_p.Pro78Ser	1
by_gender	female	locationaa	NOS3_p.Arg543Trp	1
by_gender	female	locationaa	NOS3_p.Arg70Cys	1
by_gender	female	locationaa	NOS3_p.Cys441LeufsTer57	1
by_gender	female	locationaa	NOS3_p.Gln1038His	1
by_gender	female	locationaa	NOS3_p.Gln700His	1
by_gender	female	locationaa	NOSIP_p.Gln108His	1
by_gender	female	locationaa	NOTCH1_p.Ala1707Thr	1
by_gender	female	locationaa	NOTCH1_p.Ala2101Thr	1
by_gender	female	locationaa	NOTCH1_p.Asp469Tyr	1
by_gender	female	locationaa	NOTCH1_p.Cys833Tyr	1
by_gender	female	locationaa	NOTCH2_p.Ala1599Asp	1
by_gender	female	locationaa	NOTCH2_p.Ser613Ile	1
by_gender	female	locationaa	NOTCH3_p.Glu1576Lys	1
by_gender	female	locationaa	NOTCH3_p.Glu434Lys	1
by_gender	female	locationaa	NOTCH3_p.Ser750Ile	1
by_gender	female	locationaa	NOTCH4_p.Ala1879Thr	1
by_gender	female	locationaa	NOTCH4_p.His1038Asp	1
by_gender	female	locationaa	NOTCH4_p.Ile1471Ser	1
by_gender	female	locationaa	NOTCH4_p.Leu118Phe	1
by_gender	female	locationaa	NOTCH4_p.Ser92Ile	1
by_gender	female	locationaa	NOVA1_p.Gly466Asp	1
by_gender	female	locationaa	NOX1_p.Arg73Cys	1
by_gender	female	locationaa	NOX1_p.Gly463Cys	1
by_gender	female	locationaa	NOX1_p.Val165Met	1
by_gender	female	locationaa	NOX4_p.Arg382Ter	1
by_gender	female	locationaa	NOX4_p.Pro344Leu	1
by_gender	female	locationaa	NOX5_p.Met201Thr	1
by_gender	female	locationaa	NOXA1_p.Gly419Asp	1
by_gender	female	locationaa	NPAP1_p.Ala490Ser	1
by_gender	female	locationaa	NPAP1_p.Ala740Asp	1
by_gender	female	locationaa	NPAP1_p.Met548Thr	1
by_gender	female	locationaa	NPAP1_p.Pro536His	1
by_gender	female	locationaa	NPAS1_p.Val306Ile	1
by_gender	female	locationaa	NPAS2_p.Gly624Cys	1
by_gender	female	locationaa	NPAS2_p.Ser311Leu	1
by_gender	female	locationaa	NPAS3_p.Ala542Val	1
by_gender	female	locationaa	NPAS3_p.Gly860Ser	1
by_gender	female	locationaa	NPAT_p.Asn392Ser	1
by_gender	female	locationaa	NPAT_p.Asn913Ser	1
by_gender	female	locationaa	NPAT_p.Pro715Ser	1
by_gender	female	locationaa	NPBWR1_p.Ala65Val	1
by_gender	female	locationaa	NPC1L1_p.Gln492His	1
by_gender	female	locationaa	NPC1L1_p.Gly31Asp	1
by_gender	female	locationaa	NPC1L1_p.Lys107Asn	1
by_gender	female	locationaa	NPC1L1_p.Ser982Leu	1
by_gender	female	locationaa	NPC1_p.Cys799Ter	1
by_gender	female	locationaa	NPC1_p.Ile481Val	1
by_gender	female	locationaa	NPC1_p.Tyr146Cys	1
by_gender	female	locationaa	NPFFR2_p.Phe199Leu	1
by_gender	female	locationaa	NPHP1_p.Ala100Asp	1
by_gender	female	locationaa	NPHP3_p.Phe477Cys	1
by_gender	female	locationaa	NPHP4_p.Arg658Gln	1
by_gender	female	locationaa	NPHP4_p.Arg6Lys	1
by_gender	female	locationaa	NPHP4_p.Gln953His	1
by_gender	female	locationaa	NPHP4_p.Glu624Lys	1
by_gender	female	locationaa	NPHP4_p.His1363Asn	1
by_gender	female	locationaa	NPHS1_p.Ala419Thr	1
by_gender	female	locationaa	NPHS1_p.Glu309Asp	1
by_gender	female	locationaa	NPHS2_p.Val125Ile	1
by_gender	female	locationaa	NPM3_p.Pro107Leu	1
by_gender	female	locationaa	NPR1_p.Leu499Met	1
by_gender	female	locationaa	NPR2_p.Ser709Arg	1
by_gender	female	locationaa	NPRL2_p.Tyr229Ter	1
by_gender	female	locationaa	NPRL3_p.Arg92Ter	1
by_gender	female	locationaa	NPTX1_p.Thr195Ile	1
by_gender	female	locationaa	NPY2R_p.Ala314Thr	1
by_gender	female	locationaa	NPY2R_p.Pro120Ser	1
by_gender	female	locationaa	NPY_p.Ala51Thr	1
by_gender	female	locationaa	NPY_p.Ile74Ser	1
by_gender	female	locationaa	NQO2_p.Asp55Tyr	1
by_gender	female	locationaa	NQO2_p.Leu144Phe	1
by_gender	female	locationaa	NR0B1_p.Arg58Trp	1
by_gender	female	locationaa	NR0B1_p.His139Asp	1
by_gender	female	locationaa	NR0B1_p.Lys184Thr	1
by_gender	female	locationaa	NR1D2_p.Arg182His	1
by_gender	female	locationaa	NR1H3_p.Ala105Thr	1
by_gender	female	locationaa	NR1H3_p.Pro23Ser	1
by_gender	female	locationaa	NR1H4_p.Glu282Ter	1
by_gender	female	locationaa	NR1H4_p.Pro320Thr	1
by_gender	female	locationaa	NR1I2_p.Ala279Thr	1
by_gender	female	locationaa	NR1I3_p.Leu206Phe	1
by_gender	female	locationaa	NR2C1_p.Ala562Asp	1
by_gender	female	locationaa	NR2C1_p.Ser468Thr	1
by_gender	female	locationaa	NR2C1_p.Val506Ala	1
by_gender	female	locationaa	NR2E1_p.Met175Ile	1
by_gender	female	locationaa	NR2E3_p.Gly69Asp	1
by_gender	female	locationaa	NR2F1_p.Asp297Asn	1
by_gender	female	locationaa	NR2F6_p.Ala315Thr	1
by_gender	female	locationaa	NR3C1_p.Leu671Ile	1
by_gender	female	locationaa	NR3C1_p.Ser404Tyr	1
by_gender	female	locationaa	NR4A1_p.Pro377Ser	1
by_gender	female	locationaa	NR4A2_p.Asn543Ser	1
by_gender	female	locationaa	NR4A2_p.Gln321His	1
by_gender	female	locationaa	NR4A3_p.Val76Met	1
by_gender	female	locationaa	NR6A1_p.Glu132Ter	1
by_gender	female	locationaa	NRAP_p.Ala1503Thr	1
by_gender	female	locationaa	NRAP_p.Gly1300Val	1
by_gender	female	locationaa	NRAP_p.Val730Ala	1
by_gender	female	locationaa	NRCAM_p.Glu214Gly	1
by_gender	female	locationaa	NRCAM_p.His689Asn	1
by_gender	female	locationaa	NRDC_p.Arg433Ile	1
by_gender	female	locationaa	NRDC_p.Gly329Cys	1
by_gender	female	locationaa	NRDC_p.Thr1208Pro	1
by_gender	female	locationaa	NRDE2_p.Ser967Ile	1
by_gender	female	locationaa	NRG1_p.Arg485Met	1
by_gender	female	locationaa	NRG1_p.Asn510Ser	1
by_gender	female	locationaa	NRIP1_p.Ser272Asn	1
by_gender	female	locationaa	NRIP3_p.Arg81Cys	1
by_gender	female	locationaa	NRK_p.Ala1342Thr	1
by_gender	female	locationaa	NRK_p.Ile1375Met	1
by_gender	female	locationaa	NRK_p.Lys1306Glu	1
by_gender	female	locationaa	NRN1L_p.Arg122Gln	1
by_gender	female	locationaa	NRN1_p.Gly55Arg	1
by_gender	female	locationaa	NRN1_p.Met49Val	1
by_gender	female	locationaa	NRP1_p.Arg506Ter	1
by_gender	female	locationaa	NRP2_p.Arg466Cys	1
by_gender	female	locationaa	NRP2_p.Cys883Tyr	1
by_gender	female	locationaa	NRP2_p.Ser847Tyr	1
by_gender	female	locationaa	NRROS_p.Ala425Asp	1
by_gender	female	locationaa	NRROS_p.Arg229Trp	1
by_gender	female	locationaa	NRROS_p.Cys621Tyr	1
by_gender	female	locationaa	NRSN1_p.Glu91Lys	1
by_gender	female	locationaa	NRXN1_p.Arg1395Trp	1
by_gender	female	locationaa	NRXN1_p.Ile903Val	1
by_gender	female	locationaa	NRXN1_p.Val117Met	1
by_gender	female	locationaa	NRXN2_p.Ala1694Val	1
by_gender	female	locationaa	NRXN3_p.Arg1027Cys	1
by_gender	female	locationaa	NRXN3_p.Arg947His	1
by_gender	female	locationaa	NRXN3_p.Glu435Lys	1
by_gender	female	locationaa	NSD1_p.Gln2579Ter	1
by_gender	female	locationaa	NSD1_p.Gly1252Glu	1
by_gender	female	locationaa	NSD1_p.Pro1085His	1
by_gender	female	locationaa	NSD2_p.Ala283Thr	1
by_gender	female	locationaa	NSDHL_p.Phe275Leu	1
by_gender	female	locationaa	NSFL1C_p.Arg223Trp	1
by_gender	female	locationaa	NSFL1C_p.Ile287Thr	1
by_gender	female	locationaa	NSMAF_p.Glu448Ter	1
by_gender	female	locationaa	NSMCE3_p.Pro124Ser	1
by_gender	female	locationaa	NSUN2_p.Asp626Ala	1
by_gender	female	locationaa	NSUN4_p.Ala294Asp	1
by_gender	female	locationaa	NSUN4_p.Phe372Ser	1
by_gender	female	locationaa	NSUN4_p.Ser333Ile	1
by_gender	female	locationaa	NSUN5_p.Ala38Thr	1
by_gender	female	locationaa	NSUN7_p.Lys223Asn	1
by_gender	female	locationaa	NSUN7_p.Ser77Cys	1
by_gender	female	locationaa	NT5C1B_p.Asp136Tyr	1
by_gender	female	locationaa	NT5C3A_p.Asp203Asn	1
by_gender	female	locationaa	NT5C3B_p.Asp239Asn	1
by_gender	female	locationaa	NT5DC1_p.Phe175Leu	1
by_gender	female	locationaa	NT5DC2_p.Arg335Trp	1
by_gender	female	locationaa	NT5DC2_p.Glu10Ter	1
by_gender	female	locationaa	NT5DC3_p.Gly403Cys	1
by_gender	female	locationaa	NT5E_p.Lys321Asn	1
by_gender	female	locationaa	NT5M_p.Arg226Gln	1
by_gender	female	locationaa	NTF3_p.Arg194Gln	1
by_gender	female	locationaa	NTHL1_p.Ala156Val	1
by_gender	female	locationaa	NTMT1_p.Asp212Asn	1
by_gender	female	locationaa	NTMT1_p.Phe52Cys	1
by_gender	female	locationaa	NTM_p.Glu200Lys	1
by_gender	female	locationaa	NTM_p.Val235Met	1
by_gender	female	locationaa	NTN3_p.Asn323Thr	1
by_gender	female	locationaa	NTN3_p.Asp440Glu	1
by_gender	female	locationaa	NTN3_p.Val239Ile	1
by_gender	female	locationaa	NTN4_p.Leu219Met	1
by_gender	female	locationaa	NTNG2_p.Cys477Tyr	1
by_gender	female	locationaa	NTNG2_p.Gly351Asp	1
by_gender	female	locationaa	NTNG2_p.Thr147Met	1
by_gender	female	locationaa	NTRK1_p.Arg702Cys	1
by_gender	female	locationaa	NTRK1_p.Gly357Ser	1
by_gender	female	locationaa	NTRK1_p.Thr734Met	1
by_gender	female	locationaa	NTRK2_p.Ala54Thr	1
by_gender	female	locationaa	NTRK2_p.Pro197Ser	1
by_gender	female	locationaa	NTRK3_p.Ala435Ser	1
by_gender	female	locationaa	NTRK3_p.Arg791Trp	1
by_gender	female	locationaa	NTS_p.Ala115Thr	1
by_gender	female	locationaa	NUAK1_p.Arg75Met	1
by_gender	female	locationaa	NUAK2_p.Arg569Trp	1
by_gender	female	locationaa	NUB1_p.Ile92Val	1
by_gender	female	locationaa	NUDCD1_p.Thr427Ala	1
by_gender	female	locationaa	NUDCD3_p.Lys213Thr	1
by_gender	female	locationaa	NUDC_p.Phe187Ser	1
by_gender	female	locationaa	NUDT17_p.Leu244Phe	1
by_gender	female	locationaa	NUDT19_p.Val303Ala	1
by_gender	female	locationaa	NUDT21_p.His171Arg	1
by_gender	female	locationaa	NUDT8_p.Leu51Met	1
by_gender	female	locationaa	NUMA1_p.Asp62Asn	1
by_gender	female	locationaa	NUMA1_p.Glu1639Asp	1
by_gender	female	locationaa	NUMBL_p.Ala426Val	1
by_gender	female	locationaa	NUP153_p.Ala435Ser	1
by_gender	female	locationaa	NUP153_p.Ser1191Thr	1
by_gender	female	locationaa	NUP155_p.Gln35Glu	1
by_gender	female	locationaa	NUP160_p.His295Tyr	1
by_gender	female	locationaa	NUP160_p.Ile204Val	1
by_gender	female	locationaa	NUP160_p.Tyr774His	1
by_gender	female	locationaa	NUP188_p.Gly1286Asp	1
by_gender	female	locationaa	NUP188_p.Leu233Phe	1
by_gender	female	locationaa	NUP188_p.Ser1252Asn	1
by_gender	female	locationaa	NUP205_p.Arg214His	1
by_gender	female	locationaa	NUP205_p.Thr1044Met	1
by_gender	female	locationaa	NUP210L_p.Arg1531Met	1
by_gender	female	locationaa	NUP210L_p.Gln1111His	1
by_gender	female	locationaa	NUP210_p.Glu1148Asp	1
by_gender	female	locationaa	NUP210_p.Ser1763Phe	1
by_gender	female	locationaa	NUP214_p.Ala1646Asp	1
by_gender	female	locationaa	NUP214_p.Pro2003His	1
by_gender	female	locationaa	NUP214_p.Ser1735Leu	1
by_gender	female	locationaa	NUP214_p.Thr592Ala	1
by_gender	female	locationaa	NUP37_p.Ala297Thr	1
by_gender	female	locationaa	NUP42_p.Arg11Gly	1
by_gender	female	locationaa	NUP42_p.Ser177Tyr	1
by_gender	female	locationaa	NUP50_p.Ala39Asp	1
by_gender	female	locationaa	NUP50_p.Glu354Asp	1
by_gender	female	locationaa	NUP54_p.Asp483Asn	1
by_gender	female	locationaa	NUP58_p.Ala526Thr	1
by_gender	female	locationaa	NUP62_p.Ala331Val	1
by_gender	female	locationaa	NUP85_p.Gly615Val	1
by_gender	female	locationaa	NUP85_p.Leu205Met	1
by_gender	female	locationaa	NUP88_p.Leu428Ile	1
by_gender	female	locationaa	NUP93_p.Gly507Glu	1
by_gender	female	locationaa	NUP98_p.Ala1600Val	1
by_gender	female	locationaa	NUP98_p.Gly249Asp	1
by_gender	female	locationaa	NUS1_p.Ala187Thr	1
by_gender	female	locationaa	NUTM1_p.Ala136Ser	1
by_gender	female	locationaa	NUTM1_p.Gly585Arg	1
by_gender	female	locationaa	NUTM1_p.Lys1008Asn	1
by_gender	female	locationaa	NUTM1_p.Ser116Leu	1
by_gender	female	locationaa	NUTM2F_p.Gln582His	1
by_gender	female	locationaa	NWD1_p.Ala1547Val	1
by_gender	female	locationaa	NXNL1_p.Arg60Gln	1
by_gender	female	locationaa	NXPE3_p.Ile347Ser	1
by_gender	female	locationaa	NXPE4_p.Ile23Met	1
by_gender	female	locationaa	NXPH1_p.Asp202Asn	1
by_gender	female	locationaa	NXT1_p.Arg134His	1
by_gender	female	locationaa	NYAP2_p.Asp146Asn	1
by_gender	female	locationaa	NYAP2_p.Val365Met	1
by_gender	female	locationaa	NYNRIN_p.Ala65Val	1
by_gender	female	locationaa	NYNRIN_p.Arg1283Cys	1
by_gender	female	locationaa	NYNRIN_p.Leu333Ile	1
by_gender	female	locationaa	NYNRIN_p.Leu72Met	1
by_gender	female	locationaa	NYNRIN_p.Lys860Thr	1
by_gender	female	locationaa	NYNRIN_p.Val111Leu	1
by_gender	female	locationaa	OAF_p.Arg172His	1
by_gender	female	locationaa	OARD1_p.Ser105Phe	1
by_gender	female	locationaa	OAS3_p.Ala1086Asp	1
by_gender	female	locationaa	OAS3_p.Pro1034Leu	1
by_gender	female	locationaa	OAT_p.Ala214Thr	1
by_gender	female	locationaa	OAT_p.Glu63Ter	1
by_gender	female	locationaa	OBI1_p.Ala532Asp	1
by_gender	female	locationaa	OBSCN_p.Ala1632Ser	1
by_gender	female	locationaa	OBSCN_p.Ala1975Thr	1
by_gender	female	locationaa	OBSCN_p.Ala2799Asp	1
by_gender	female	locationaa	OBSCN_p.Lys3446Asn	1
by_gender	female	locationaa	OBSCN_p.Pro6958His	1
by_gender	female	locationaa	OBSCN_p.Val3609Met	1
by_gender	female	locationaa	OBSL1_p.Gln703His	1
by_gender	female	locationaa	OCA2_p.Val223Met	1
by_gender	female	locationaa	OCIAD1_p.Gly60Ter	1
by_gender	female	locationaa	OCIAD1_p.Leu79Arg	1
by_gender	female	locationaa	OCRL_p.Ala110Val	1
by_gender	female	locationaa	ODAM_p.Gln167Arg	1
by_gender	female	locationaa	ODF1_p.Leu22Ile	1
by_gender	female	locationaa	ODF2_p.Gly541Glu	1
by_gender	female	locationaa	ODF2_p.Pro828His	1
by_gender	female	locationaa	ODF4_p.Lys103Gln	1
by_gender	female	locationaa	OGA_p.Ile176Val	1
by_gender	female	locationaa	OGA_p.Tyr233Ter	1
by_gender	female	locationaa	OGDHL_p.Arg382His	1
by_gender	female	locationaa	OGDH_p.Ala991Val	1
by_gender	female	locationaa	OGDH_p.Arg140Ter	1
by_gender	female	locationaa	OGDH_p.Leu377Pro	1
by_gender	female	locationaa	OGFOD2_p.Asn238Thr	1
by_gender	female	locationaa	OGFOD2_p.Leu205Met	1
by_gender	female	locationaa	OGFRL1_p.Ser278Ile	1
by_gender	female	locationaa	OGFR_p.Cys417Tyr	1
by_gender	female	locationaa	OGG1_p.Ser361Tyr	1
by_gender	female	locationaa	OGT_p.Lys457Glu	1
by_gender	female	locationaa	OIT3_p.Gly226Ter	1
by_gender	female	locationaa	OLFM1_p.Ala153Val	1
by_gender	female	locationaa	OLFM2_p.Glu97Asp	1
by_gender	female	locationaa	OLFM2_p.Gly435Ser	1
by_gender	female	locationaa	OLFM2_p.Val272Met	1
by_gender	female	locationaa	OLFML2A_p.Ala587Asp	1
by_gender	female	locationaa	OLFML2A_p.Asp36Tyr	1
by_gender	female	locationaa	OLIG3_p.Arg23Ser	1
by_gender	female	locationaa	OLIG3_p.Ser77Leu	1
by_gender	female	locationaa	OMD_p.Glu165Asp	1
by_gender	female	locationaa	OMP_p.Ser51Tyr	1
by_gender	female	locationaa	ONECUT2_p.Gly141Val	1
by_gender	female	locationaa	OPA1_p.Lys651Asn	1
by_gender	female	locationaa	OPA3_p.Leu11Met	1
by_gender	female	locationaa	OPALIN_p.Met125Thr	1
by_gender	female	locationaa	OPLAH_p.Ala41Asp	1
by_gender	female	locationaa	OPLAH_p.Ala75Thr	1
by_gender	female	locationaa	OPLAH_p.Glu894Lys	1
by_gender	female	locationaa	OPN1LW_p.Arg247Pro	1
by_gender	female	locationaa	OPN1LW_p.Arg85Cys	1
by_gender	female	locationaa	OPN1SW_p.Gln25His	1
by_gender	female	locationaa	OPN3_p.Ala341Asp	1
by_gender	female	locationaa	OPRD1_p.Val281Ile	1
by_gender	female	locationaa	OPRL1_p.Arg246Cys	1
by_gender	female	locationaa	OPRM1_p.Trp228Cys	1
by_gender	female	locationaa	OR10A6_p.Ile145Thr	1
by_gender	female	locationaa	OR10C1_p.Ala149Val	1
by_gender	female	locationaa	OR10C1_p.Arg236His	1
by_gender	female	locationaa	OR10C1_p.Ser76Phe	1
by_gender	female	locationaa	OR10C1_p.Thr309Met	1
by_gender	female	locationaa	OR10C1_p.Thr78Met	1
by_gender	female	locationaa	OR10G2_p.Leu149Arg	1
by_gender	female	locationaa	OR10G7_p.Phe102Ser	1
by_gender	female	locationaa	OR10G9_p.Cys249Tyr	1
by_gender	female	locationaa	OR10G9_p.Phe102Ser	1
by_gender	female	locationaa	OR10H2_p.Val117Ala	1
by_gender	female	locationaa	OR10H3_p.Ser92Phe	1
by_gender	female	locationaa	OR10J1_p.Arg181Cys	1
by_gender	female	locationaa	OR10J3_p.Arg305Cys	1
by_gender	female	locationaa	OR10J3_p.Gly213Ser	1
by_gender	female	locationaa	OR10J5_p.Gly21Glu	1
by_gender	female	locationaa	OR10P1_p.Leu223Met	1
by_gender	female	locationaa	OR10Q1_p.Leu293Ser	1
by_gender	female	locationaa	OR10Q1_p.Tyr127Cys	1
by_gender	female	locationaa	OR10R2_p.Phe127Ser	1
by_gender	female	locationaa	OR10R2_p.Tyr93His	1
by_gender	female	locationaa	OR10S1_p.Arg179His	1
by_gender	female	locationaa	OR10S1_p.Val229Ile	1
by_gender	female	locationaa	OR11G2_p.Leu182Ile	1
by_gender	female	locationaa	OR11G2_p.Ser255Phe	1
by_gender	female	locationaa	OR11H12_p.Thr47Ile	1
by_gender	female	locationaa	OR11H6_p.Ile307Thr	1
by_gender	female	locationaa	OR11L1_p.Ser87Phe	1
by_gender	female	locationaa	OR11L1_p.Trp23Ter	1
by_gender	female	locationaa	OR12D2_p.Leu249Ile	1
by_gender	female	locationaa	OR13C4_p.Arg165Ter	1
by_gender	female	locationaa	OR13C5_p.Met258Ile	1
by_gender	female	locationaa	OR13C9_p.Leu226Ile	1
by_gender	female	locationaa	OR13F1_p.Met199Ile	1
by_gender	female	locationaa	OR13F1_p.Phe94Leu	1
by_gender	female	locationaa	OR13G1_p.Ala45Asp	1
by_gender	female	locationaa	OR13G1_p.Ser143Asn	1
by_gender	female	locationaa	OR13G1_p.Thr246Ala	1
by_gender	female	locationaa	OR14C36_p.Arg137Ter	1
by_gender	female	locationaa	OR14K1_p.Ala199Thr	1
by_gender	female	locationaa	OR14K1_p.Ala85Thr	1
by_gender	female	locationaa	OR14K1_p.Ile244Thr	1
by_gender	female	locationaa	OR14K1_p.Tyr58His	1
by_gender	female	locationaa	OR1C1_p.Val161Ile	1
by_gender	female	locationaa	OR1E1_p.Ser291Ile	1
by_gender	female	locationaa	OR1E1_p.Trp149Cys	1
by_gender	female	locationaa	OR1K1_p.Arg303Gln	1
by_gender	female	locationaa	OR1L1_p.Arg36Lys	1
by_gender	female	locationaa	OR1L4_p.Cys142Arg	1
by_gender	female	locationaa	OR1L4_p.Leu18His	1
by_gender	female	locationaa	OR1L6_p.Ala156Thr	1
by_gender	female	locationaa	OR1L6_p.Leu52Met	1
by_gender	female	locationaa	OR1L8_p.Leu285Ile	1
by_gender	female	locationaa	OR1N2_p.Gly256Glu	1
by_gender	female	locationaa	OR1Q1_p.Val30Gly	1
by_gender	female	locationaa	OR1S1_p.Thr20Ala	1
by_gender	female	locationaa	OR2A14_p.Arg264Cys	1
by_gender	female	locationaa	OR2A25_p.Lys235Thr	1
by_gender	female	locationaa	OR2A2_p.Ala23Thr	1
by_gender	female	locationaa	OR2AE1_p.Leu79Met	1
by_gender	female	locationaa	OR2AK2_p.Gly116Asp	1
by_gender	female	locationaa	OR2B11_p.Leu305Met	1
by_gender	female	locationaa	OR2B2_p.Ile85Val	1
by_gender	female	locationaa	OR2B2_p.Leu309Ile	1
by_gender	female	locationaa	OR2B6_p.Pro171Leu	1
by_gender	female	locationaa	OR2C1_p.Phe249Leu	1
by_gender	female	locationaa	OR2C3_p.Pro130Ser	1
by_gender	female	locationaa	OR2D2_p.Ser173Asn	1
by_gender	female	locationaa	OR2F1_p.Glu232Asp	1
by_gender	female	locationaa	OR2F2_p.Asn65Ser	1
by_gender	female	locationaa	OR2G2_p.Ala96Thr	1
by_gender	female	locationaa	OR2H2_p.Asn292Ser	1
by_gender	female	locationaa	OR2H2_p.Asp94Asn	1
by_gender	female	locationaa	OR2J3_p.Phe37Leu	1
by_gender	female	locationaa	OR2K2_p.Gly270Val	1
by_gender	female	locationaa	OR2K2_p.Ser39Asn	1
by_gender	female	locationaa	OR2L2_p.Gly87Glu	1
by_gender	female	locationaa	OR2L8_p.Gly196Asp	1
by_gender	female	locationaa	OR2M5_p.Ser119Tyr	1
by_gender	female	locationaa	OR2M5_p.Ser171Tyr	1
by_gender	female	locationaa	OR2S2_p.Pro314Leu	1
by_gender	female	locationaa	OR2T10_p.Tyr259Ter	1
by_gender	female	locationaa	OR2T11_p.Arg135His	1
by_gender	female	locationaa	OR2T12_p.Val207Ala	1
by_gender	female	locationaa	OR2T27_p.Ile71Thr	1
by_gender	female	locationaa	OR2T34_p.Arg298His	1
by_gender	female	locationaa	OR2T34_p.Phe40Val	1
by_gender	female	locationaa	OR2T3_p.Leu112Met	1
by_gender	female	locationaa	OR2T3_p.Phe40Val	1
by_gender	female	locationaa	OR2T4_p.Ala332Asp	1
by_gender	female	locationaa	OR2T8_p.Ala93Asp	1
by_gender	female	locationaa	OR2T8_p.Gly4Val	1
by_gender	female	locationaa	OR2T8_p.Met116Lys	1
by_gender	female	locationaa	OR2Z1_p.Arg229His	1
by_gender	female	locationaa	OR2Z1_p.Arg54Gln	1
by_gender	female	locationaa	OR3A3_p.Phe286Leu	1
by_gender	female	locationaa	OR4A15_p.Glu20Ala	1
by_gender	female	locationaa	OR4A15_p.Phe166Leu	1
by_gender	female	locationaa	OR4A15_p.Val250Ala	1
by_gender	female	locationaa	OR4A5_p.Gly193Cys	1
by_gender	female	locationaa	OR4C11_p.Ile253Val	1
by_gender	female	locationaa	OR4C46_p.Ala210Asp	1
by_gender	female	locationaa	OR4C46_p.Ala295Val	1
by_gender	female	locationaa	OR4D2_p.Trp141Cys	1
by_gender	female	locationaa	OR4D5_p.Gly310Cys	1
by_gender	female	locationaa	OR4F4_p.Phe161Leu	1
by_gender	female	locationaa	OR4K14_p.Gly97Ter	1
by_gender	female	locationaa	OR4K1_p.Ala125Ser	1
by_gender	female	locationaa	OR4K5_p.Arg139Ser	1
by_gender	female	locationaa	OR4N2_p.His305Arg	1
by_gender	female	locationaa	OR4P4_p.Gln98His	1
by_gender	female	locationaa	OR4Q3_p.Val245Ile	1
by_gender	female	locationaa	OR4S2_p.Pro56Leu	1
by_gender	female	locationaa	OR4X1_p.Ala234Thr	1
by_gender	female	locationaa	OR4X2_p.Ala140Ser	1
by_gender	female	locationaa	OR4X2_p.Ala208Ser	1
by_gender	female	locationaa	OR4X2_p.Gln13His	1
by_gender	female	locationaa	OR51A7_p.Arg233Met	1
by_gender	female	locationaa	OR51B2_p.Pro282Ser	1
by_gender	female	locationaa	OR51B4_p.Ile101Val	1
by_gender	female	locationaa	OR51B5_p.Thr74Ala	1
by_gender	female	locationaa	OR51D1_p.Arg63Cys	1
by_gender	female	locationaa	OR51D1_p.Gly33Trp	1
by_gender	female	locationaa	OR51E1_p.Ile224Phe	1
by_gender	female	locationaa	OR51E1_p.Leu118Met	1
by_gender	female	locationaa	OR51E2_p.Phe218Ser	1
by_gender	female	locationaa	OR51F1_p.Thr318Ala	1
by_gender	female	locationaa	OR51G1_p.Tyr63Phe	1
by_gender	female	locationaa	OR51I1_p.Ala95Val	1
by_gender	female	locationaa	OR51I2_p.Arg131Cys	1
by_gender	female	locationaa	OR51M1_p.Leu287Phe	1
by_gender	female	locationaa	OR51M1_p.Val215Ala	1
by_gender	female	locationaa	OR51Q1_p.Val274Ala	1
by_gender	female	locationaa	OR51T1_p.Phe218Leu	1
by_gender	female	locationaa	OR51V1_p.Gly109Asp	1
by_gender	female	locationaa	OR51V1_p.Phe34Leu	1
by_gender	female	locationaa	OR52A1_p.Ala74Thr	1
by_gender	female	locationaa	OR52A5_p.Leu282Phe	1
by_gender	female	locationaa	OR52B4_p.Leu164Ile	1
by_gender	female	locationaa	OR52B6_p.Ala73Thr	1
by_gender	female	locationaa	OR52D1_p.Lys315Glu	1
by_gender	female	locationaa	OR52E8_p.Lys241Arg	1
by_gender	female	locationaa	OR52H1_p.Ala190Thr	1
by_gender	female	locationaa	OR52I1_p.Arg59Gln	1
by_gender	female	locationaa	OR52I2_p.Ala316Ser	1
by_gender	female	locationaa	OR52I2_p.Ala63Asp	1
by_gender	female	locationaa	OR52L1_p.Gly273Glu	1
by_gender	female	locationaa	OR52N2_p.Arg265His	1
by_gender	female	locationaa	OR52N5_p.Arg140His	1
by_gender	female	locationaa	OR52N5_p.Leu7Val	1
by_gender	female	locationaa	OR52N5_p.Val113Ala	1
by_gender	female	locationaa	OR52R1_p.Ala186Thr	1
by_gender	female	locationaa	OR56A3_p.Val146Asp	1
by_gender	female	locationaa	OR5A1_p.Thr243Met	1
by_gender	female	locationaa	OR5A2_p.Gly234Ser	1
by_gender	female	locationaa	OR5AK2_p.Ser188Ala	1
by_gender	female	locationaa	OR5AS1_p.Gly309Val	1
by_gender	female	locationaa	OR5AS1_p.Leu131Phe	1
by_gender	female	locationaa	OR5B12_p.Ala235Val	1
by_gender	female	locationaa	OR5B12_p.Arg168Ile	1
by_gender	female	locationaa	OR5B3_p.Arg120His	1
by_gender	female	locationaa	OR5C1_p.Pro62Leu	1
by_gender	female	locationaa	OR5D13_p.Leu142Ile	1
by_gender	female	locationaa	OR5D16_p.Phe117Cys	1
by_gender	female	locationaa	OR5D18_p.Asp20Asn	1
by_gender	female	locationaa	OR5F1_p.Phe115Leu	1
by_gender	female	locationaa	OR5F1_p.Thr75Pro	1
by_gender	female	locationaa	OR5H1_p.Gly139Val	1
by_gender	female	locationaa	OR5H1_p.Gly161Ter	1
by_gender	female	locationaa	OR5H6_p.Leu52Ile	1
by_gender	female	locationaa	OR5L2_p.Arg293Lys	1
by_gender	female	locationaa	OR5M11_p.Ser216Pro	1
by_gender	female	locationaa	OR5M3_p.Asn126Thr	1
by_gender	female	locationaa	OR5M3_p.His242Arg	1
by_gender	female	locationaa	OR5P2_p.Arg46Ile	1
by_gender	female	locationaa	OR5P2_p.Glu107Lys	1
by_gender	female	locationaa	OR5P3_p.Arg122Cys	1
by_gender	female	locationaa	OR5P3_p.Thr249Pro	1
by_gender	female	locationaa	OR5R1_p.His193Pro	1
by_gender	female	locationaa	OR5T3_p.Pro14Ser	1
by_gender	female	locationaa	OR5W2_p.Phe277Val	1
by_gender	female	locationaa	OR6A2_p.Ala20Thr	1
by_gender	female	locationaa	OR6A2_p.Ser68Phe	1
by_gender	female	locationaa	OR6C1_p.Cys200Trp	1
by_gender	female	locationaa	OR6C3_p.Phe103Ser	1
by_gender	female	locationaa	OR6C70_p.Ala168Asp	1
by_gender	female	locationaa	OR6C74_p.Leu205Arg	1
by_gender	female	locationaa	OR6K2_p.Phe270Leu	1
by_gender	female	locationaa	OR6K6_p.Arg337Met	1
by_gender	female	locationaa	OR6N1_p.Cys189Tyr	1
by_gender	female	locationaa	OR6T1_p.Ala223Thr	1
by_gender	female	locationaa	OR6X1_p.His242Tyr	1
by_gender	female	locationaa	OR6X1_p.Phe166Val	1
by_gender	female	locationaa	OR6Y1_p.Asp126Gly	1
by_gender	female	locationaa	OR6Y1_p.Tyr65His	1
by_gender	female	locationaa	OR7D2_p.Leu110Met	1
by_gender	female	locationaa	OR7D4_p.Phe12Val	1
by_gender	female	locationaa	OR7D4_p.Ser93Phe	1
by_gender	female	locationaa	OR7D4_p.Val198Ile	1
by_gender	female	locationaa	OR7E24_p.Leu132Ile	1
by_gender	female	locationaa	OR7E24_p.Lys238Thr	1
by_gender	female	locationaa	OR8B12_p.Arg121His	1
by_gender	female	locationaa	OR8B12_p.Gly32Asp	1
by_gender	female	locationaa	OR8B8_p.Thr99Pro	1
by_gender	female	locationaa	OR8D2_p.Ala117Ser	1
by_gender	female	locationaa	OR8D2_p.Glu22Gly	1
by_gender	female	locationaa	OR8D4_p.Gly170Val	1
by_gender	female	locationaa	OR8H2_p.Asp271Tyr	1
by_gender	female	locationaa	OR8H3_p.Lys81Glu	1
by_gender	female	locationaa	OR8H3_p.Val158Ala	1
by_gender	female	locationaa	OR8J1_p.Ala67Val	1
by_gender	female	locationaa	OR8J3_p.Arg64Ser	1
by_gender	female	locationaa	OR8K1_p.Met124Val	1
by_gender	female	locationaa	OR8K5_p.Gln148Pro	1
by_gender	female	locationaa	OR8K5_p.Phe251Leu	1
by_gender	female	locationaa	OR8U1_p.Phe31Val	1
by_gender	female	locationaa	OR8U1_p.Ser239Leu	1
by_gender	female	locationaa	ORC1_p.Gly589Asp	1
by_gender	female	locationaa	ORC2_p.Met11Ile	1
by_gender	female	locationaa	ORC4_p.Phe240Cys	1
by_gender	female	locationaa	ORC5_p.Arg220Gln	1
by_gender	female	locationaa	OSBP2_p.Trp644Ter	1
by_gender	female	locationaa	OSBPL10_p.Ala154Thr	1
by_gender	female	locationaa	OSBPL11_p.Arg385Ile	1
by_gender	female	locationaa	OSBPL11_p.Pro568His	1
by_gender	female	locationaa	OSBPL1A_p.Ala234Ser	1
by_gender	female	locationaa	OSBPL1A_p.Cys303Tyr	1
by_gender	female	locationaa	OSBPL1A_p.Glu685Ter	1
by_gender	female	locationaa	OSBPL1A_p.Ser483Tyr	1
by_gender	female	locationaa	OSBPL2_p.Asn387Ser	1
by_gender	female	locationaa	OSBPL3_p.Asp409Asn	1
by_gender	female	locationaa	OSBPL6_p.Leu763Pro	1
by_gender	female	locationaa	OSBPL6_p.Val651Phe	1
by_gender	female	locationaa	OSBPL8_p.Asp870Glu	1
by_gender	female	locationaa	OSBPL8_p.Glu510Ter	1
by_gender	female	locationaa	OSBPL8_p.Pro368Ser	1
by_gender	female	locationaa	OSBPL9_p.Val320Ile	1
by_gender	female	locationaa	OSCAR_p.Pro60Leu	1
by_gender	female	locationaa	OSGEP_p.Arg247Ter	1
by_gender	female	locationaa	OSGEP_p.Val242Ile	1
by_gender	female	locationaa	OSGIN2_p.Gly23Ter	1
by_gender	female	locationaa	OSGIN2_p.Leu204Phe	1
by_gender	female	locationaa	OSMR_p.Asn916Lys	1
by_gender	female	locationaa	OSMR_p.Cys107Arg	1
by_gender	female	locationaa	OSMR_p.Pro694Leu	1
by_gender	female	locationaa	OSR1_p.Arg182His	1
by_gender	female	locationaa	OTOF_p.Ala248Val	1
by_gender	female	locationaa	OTOF_p.Asp525Asn	1
by_gender	female	locationaa	OTOF_p.Ser971Ile	1
by_gender	female	locationaa	OTOGL_p.Asp627Glu	1
by_gender	female	locationaa	OTOP2_p.Ser201Asn	1
by_gender	female	locationaa	OTOP3_p.Leu83Met	1
by_gender	female	locationaa	OTOP3_p.Thr388Met	1
by_gender	female	locationaa	OTOR_p.Glu80Ter	1
by_gender	female	locationaa	OTUD3_p.Asp109Tyr	1
by_gender	female	locationaa	OTUD4_p.Gly1057Asp	1
by_gender	female	locationaa	OTUD7A_p.Pro357His	1
by_gender	female	locationaa	OTUD7B_p.Ala199Ser	1
by_gender	female	locationaa	OTUD7B_p.Cys708Tyr	1
by_gender	female	locationaa	OTUD7B_p.Glu125Asp	1
by_gender	female	locationaa	OTUD7B_p.Gly98Asp	1
by_gender	female	locationaa	OTULINL_p.Lys72Arg	1
by_gender	female	locationaa	OTX1_p.Ala131Asp	1
by_gender	female	locationaa	OTX1_p.Arg68Trp	1
by_gender	female	locationaa	OTX2_p.Ala182Asp	1
by_gender	female	locationaa	OTX2_p.Ser283Leu	1
by_gender	female	locationaa	OTX2_p.Ser3Pro	1
by_gender	female	locationaa	OVCH1_p.Arg28Cys	1
by_gender	female	locationaa	OVCH1_p.Cys561Tyr	1
by_gender	female	locationaa	OVCH1_p.Ser175Phe	1
by_gender	female	locationaa	OVOL1_p.Arg172Gln	1
by_gender	female	locationaa	OXCT1_p.Ala295Val	1
by_gender	female	locationaa	OXCT2_p.Gln439His	1
by_gender	female	locationaa	OXTR_p.Ser322Arg	1
by_gender	female	locationaa	OXTR_p.Thr333Met	1
by_gender	female	locationaa	P2RX2_p.Ser109Ile	1
by_gender	female	locationaa	P2RX5_p.Asp59Gly	1
by_gender	female	locationaa	P2RY13_p.Arg112Lys	1
by_gender	female	locationaa	P2RY13_p.Ile216Met	1
by_gender	female	locationaa	P2RY14_p.Arg233His	1
by_gender	female	locationaa	P2RY1_p.Ala294Ser	1
by_gender	female	locationaa	P2RY2_p.Ala248Thr	1
by_gender	female	locationaa	P2RY8_p.Arg232Trp	1
by_gender	female	locationaa	P2RY8_p.Leu284Ile	1
by_gender	female	locationaa	P3H1_p.Lys662Asn	1
by_gender	female	locationaa	P3H1_p.Thr638Ala	1
by_gender	female	locationaa	P3H2_p.Arg405Ter	1
by_gender	female	locationaa	P3H3_p.Asp578Asn	1
by_gender	female	locationaa	P4HA1_p.Pro302Leu	1
by_gender	female	locationaa	P4HA2_p.Asp211Asn	1
by_gender	female	locationaa	P4HA3_p.Ala481Thr	1
by_gender	female	locationaa	P4HTM_p.Gly322Glu	1
by_gender	female	locationaa	PAAF1_p.Leu326Pro	1
by_gender	female	locationaa	PABPC3_p.Ala247Asp	1
by_gender	female	locationaa	PABPC3_p.Arg309His	1
by_gender	female	locationaa	PABPC3_p.Lys552Asn	1
by_gender	female	locationaa	PABPC5_p.Arg173His	1
by_gender	female	locationaa	PACC1_p.Gln296Ter	1
by_gender	female	locationaa	PACRGL_p.Glu49Ala	1
by_gender	female	locationaa	PACRG_p.Leu175Arg	1
by_gender	female	locationaa	PACSIN1_p.Ser177Ile	1
by_gender	female	locationaa	PACSIN3_p.Ala61Thr	1
by_gender	female	locationaa	PADI4_p.Glu160Lys	1
by_gender	female	locationaa	PADI6_p.Ser538Phe	1
by_gender	female	locationaa	PAF1_p.Ala244Thr	1
by_gender	female	locationaa	PAFAH1B1_p.Lys217Gln	1
by_gender	female	locationaa	PAFAH2_p.Arg188Trp	1
by_gender	female	locationaa	PAG1_p.Ala315Asp	1
by_gender	female	locationaa	PAG1_p.Thr368Pro	1
by_gender	female	locationaa	PAK2_p.Ala327Asp	1
by_gender	female	locationaa	PAK2_p.Pro39His	1
by_gender	female	locationaa	PAK4_p.Trp481Ter	1
by_gender	female	locationaa	PAK5_p.Gly563Val	1
by_gender	female	locationaa	PALB2_p.Ala308Thr	1
by_gender	female	locationaa	PALB2_p.Asp595Ala	1
by_gender	female	locationaa	PALD1_p.Arg614His	1
by_gender	female	locationaa	PALM2AKAP2_p.Ala177Thr	1
by_gender	female	locationaa	PALM2AKAP2_p.Ala570Asp	1
by_gender	female	locationaa	PALM2AKAP2_p.Ala729Asp	1
by_gender	female	locationaa	PALM2AKAP2_p.Cys64Ter	1
by_gender	female	locationaa	PALMD_p.Lys8Asn	1
by_gender	female	locationaa	PALM_p.Pro340His	1
by_gender	female	locationaa	PALM_p.Thr314Ile	1
by_gender	female	locationaa	PAMR1_p.Leu360Ile	1
by_gender	female	locationaa	PAM_p.Ile734Val	1
by_gender	female	locationaa	PAN2_p.Ala104Ser	1
by_gender	female	locationaa	PAN2_p.Asp1178Tyr	1
by_gender	female	locationaa	PAN3_p.Gly650Val	1
by_gender	female	locationaa	PANK3_p.Gly62Ser	1
by_gender	female	locationaa	PANK4_p.Arg139Trp	1
by_gender	female	locationaa	PANX2_p.Ala139Thr	1
by_gender	female	locationaa	PAPOLA_p.Asp524Asn	1
by_gender	female	locationaa	PAPOLA_p.Glu702Asp	1
by_gender	female	locationaa	PAPOLB_p.Leu635Ile	1
by_gender	female	locationaa	PAPPA2_p.Arg784Gln	1
by_gender	female	locationaa	PAPPA2_p.Glu1376Lys	1
by_gender	female	locationaa	PAPPA2_p.His1452Tyr	1
by_gender	female	locationaa	PAPPA_p.Arg1609Gln	1
by_gender	female	locationaa	PAPSS1_p.Cys83Ter	1
by_gender	female	locationaa	PAPSS1_p.Lys600Thr	1
by_gender	female	locationaa	PAPSS2_p.Gly312Glu	1
by_gender	female	locationaa	PAPSS2_p.Val116Ile	1
by_gender	female	locationaa	PAQR3_p.Ser211Leu	1
by_gender	female	locationaa	PAQR7_p.Ser325Asn	1
by_gender	female	locationaa	PAQR8_p.Arg8His	1
by_gender	female	locationaa	PAQR9_p.Ser146Leu	1
by_gender	female	locationaa	PARD3B_p.Ala103Thr	1
by_gender	female	locationaa	PARD3B_p.Ala724Val	1
by_gender	female	locationaa	PARD3B_p.Ala753Val	1
by_gender	female	locationaa	PARD3_p.Ala1340Val	1
by_gender	female	locationaa	PARD3_p.Asp60Asn	1
by_gender	female	locationaa	PARM1_p.Arg289Lys	1
by_gender	female	locationaa	PARP10_p.Glu697Ter	1
by_gender	female	locationaa	PARP11_p.Leu156Ile	1
by_gender	female	locationaa	PARP12_p.Arg531Ter	1
by_gender	female	locationaa	PARP14_p.Ala1669Val	1
by_gender	female	locationaa	PARP14_p.Arg1087His	1
by_gender	female	locationaa	PARP14_p.Asp179Ala	1
by_gender	female	locationaa	PARP14_p.Lys1321Thr	1
by_gender	female	locationaa	PARP15_p.Phe558Val	1
by_gender	female	locationaa	PARP16_p.Gly206Ser	1
by_gender	female	locationaa	PARP16_p.Leu26Phe	1
by_gender	female	locationaa	PARP1_p.Arg78Trp	1
by_gender	female	locationaa	PARP1_p.Val803Ala	1
by_gender	female	locationaa	PARP2_p.Thr553Ala	1
by_gender	female	locationaa	PARP6_p.Asp79Asn	1
by_gender	female	locationaa	PARP6_p.Met390Leu	1
by_gender	female	locationaa	PARP8_p.Ile247Phe	1
by_gender	female	locationaa	PARP8_p.Leu444Phe	1
by_gender	female	locationaa	PARP9_p.Ala286Ser	1
by_gender	female	locationaa	PARP9_p.Leu114Met	1
by_gender	female	locationaa	PARPBP_p.Gly200Glu	1
by_gender	female	locationaa	PARS2_p.Glu108Asp	1
by_gender	female	locationaa	PARVB_p.Ala322Thr	2
by_gender	female	locationaa	PARVG_p.Ser304Ile	1
by_gender	female	locationaa	PASD1_p.Ala229Thr	1
by_gender	female	locationaa	PASD1_p.Phe306Leu	1
by_gender	female	locationaa	PASK_p.Arg1120Cys	1
by_gender	female	locationaa	PASK_p.Gly599Ser	1
by_gender	female	locationaa	PATZ1_p.Arg478Gln	1
by_gender	female	locationaa	PAX4_p.Ile57Val	1
by_gender	female	locationaa	PAX5_p.Asp193Asn	1
by_gender	female	locationaa	PAX7_p.Ala226Val	1
by_gender	female	locationaa	PAX8_p.Val35Ile	1
by_gender	female	locationaa	PAX9_p.Arg59Ter	1
by_gender	female	locationaa	PAX9_p.Val198Ile	1
by_gender	female	locationaa	PAXBP1_p.Arg806Ter	1
by_gender	female	locationaa	PBRM1_p.Arg1096Cys	1
by_gender	female	locationaa	PBRM1_p.Arg876Cys	1
by_gender	female	locationaa	PBX1_p.Gly140Cys	1
by_gender	female	locationaa	PBX3_p.Gly393Glu	1
by_gender	female	locationaa	PBX4_p.Lys274Arg	1
by_gender	female	locationaa	PCARE_p.Pro1188Thr	1
by_gender	female	locationaa	PCBP1_p.Arg144Trp	1
by_gender	female	locationaa	PCBP1_p.Ile83Ser	1
by_gender	female	locationaa	PCBP1_p.Ser356Ile	1
by_gender	female	locationaa	PCBP2_p.Gly264Glu	1
by_gender	female	locationaa	PCBP2_p.Ter366=	1
by_gender	female	locationaa	PCBP3_p.Thr131Met	1
by_gender	female	locationaa	PCDH10_p.Ala682Thr	1
by_gender	female	locationaa	PCDH10_p.Ala946Asp	1
by_gender	female	locationaa	PCDH10_p.Asn411Lys	1
by_gender	female	locationaa	PCDH10_p.Gly207Ter	1
by_gender	female	locationaa	PCDH10_p.Ser593Leu	1
by_gender	female	locationaa	PCDH10_p.Tyr526Asp	1
by_gender	female	locationaa	PCDH11X_p.Ala162Val	1
by_gender	female	locationaa	PCDH11X_p.Arg76Ter	1
by_gender	female	locationaa	PCDH12_p.Leu842Met	1
by_gender	female	locationaa	PCDH12_p.Pro316His	1
by_gender	female	locationaa	PCDH12_p.Pro763Ser	1
by_gender	female	locationaa	PCDH15_p.Ala1207Asp	1
by_gender	female	locationaa	PCDH15_p.Ala633Asp	1
by_gender	female	locationaa	PCDH15_p.Glu1277Ala	1
by_gender	female	locationaa	PCDH15_p.Glu1450Lys	1
by_gender	female	locationaa	PCDH15_p.Phe1669Leu	1
by_gender	female	locationaa	PCDH15_p.Ser1288Thr	1
by_gender	female	locationaa	PCDH15_p.Val136Leu	1
by_gender	female	locationaa	PCDH15_p.Val706Leu	1
by_gender	female	locationaa	PCDH17_p.Ala745Thr	1
by_gender	female	locationaa	PCDH17_p.Asp431Asn	1
by_gender	female	locationaa	PCDH18_p.Arg634Gln	1
by_gender	female	locationaa	PCDH18_p.Lys398Glu	1
by_gender	female	locationaa	PCDH18_p.Thr307Pro	1
by_gender	female	locationaa	PCDH18_p.Thr999Ile	1
by_gender	female	locationaa	PCDH19_p.Arg387His	1
by_gender	female	locationaa	PCDH19_p.Lys773Gln	1
by_gender	female	locationaa	PCDH19_p.Val642Met	1
by_gender	female	locationaa	PCDH1_p.Ala905Val	1
by_gender	female	locationaa	PCDH7_p.Arg702Trp	1
by_gender	female	locationaa	PCDH7_p.Val296Ala	1
by_gender	female	locationaa	PCDH8_p.Ala704Thr	1
by_gender	female	locationaa	PCDH9_p.Ser987Arg	1
by_gender	female	locationaa	PCDH9_p.Val116Leu	1
by_gender	female	locationaa	PCDH9_p.Val193Met	1
by_gender	female	locationaa	PCDHA10_p.Ala22Ser	1
by_gender	female	locationaa	PCDHA10_p.Val335Ile	1
by_gender	female	locationaa	PCDHA12_p.Ala100Thr	1
by_gender	female	locationaa	PCDHA1_p.Gln612His	1
by_gender	female	locationaa	PCDHA2_p.Ala427Thr	1
by_gender	female	locationaa	PCDHA2_p.Glu729Lys	1
by_gender	female	locationaa	PCDHA2_p.Pro582Leu	1
by_gender	female	locationaa	PCDHA3_p.Ala744Val	1
by_gender	female	locationaa	PCDHA3_p.Ser509Leu	1
by_gender	female	locationaa	PCDHA4_p.Ala503Val	1
by_gender	female	locationaa	PCDHA4_p.Arg569Trp	1
by_gender	female	locationaa	PCDHA4_p.Arg681Trp	1
by_gender	female	locationaa	PCDHA5_p.Ile368Val	1
by_gender	female	locationaa	PCDHA6_p.Ala322Thr	1
by_gender	female	locationaa	PCDHA6_p.Arg297Gln	1
by_gender	female	locationaa	PCDHA6_p.Thr733Met	1
by_gender	female	locationaa	PCDHA7_p.Ala456Thr	1
by_gender	female	locationaa	PCDHA8_p.Ala482Thr	1
by_gender	female	locationaa	PCDHA8_p.Glu253Lys	1
by_gender	female	locationaa	PCDHA9_p.Arg569Gln	1
by_gender	female	locationaa	PCDHA9_p.Asp447Asn	1
by_gender	female	locationaa	PCDHA9_p.Asp483Gly	1
by_gender	female	locationaa	PCDHA9_p.Glu610Lys	1
by_gender	female	locationaa	PCDHAC1_p.Arg56His	1
by_gender	female	locationaa	PCDHAC1_p.Glu617Asp	1
by_gender	female	locationaa	PCDHB10_p.Ala448Thr	1
by_gender	female	locationaa	PCDHB10_p.Leu643Ile	1
by_gender	female	locationaa	PCDHB10_p.Val444Ile	1
by_gender	female	locationaa	PCDHB11_p.Ala693Val	1
by_gender	female	locationaa	PCDHB11_p.Ala719Val	1
by_gender	female	locationaa	PCDHB12_p.Asp738Gly	1
by_gender	female	locationaa	PCDHB12_p.Ile294Met	1
by_gender	female	locationaa	PCDHB13_p.Ser17ProfsTer33	1
by_gender	female	locationaa	PCDHB13_p.Ser667Tyr	1
by_gender	female	locationaa	PCDHB14_p.Arg548Cys	1
by_gender	female	locationaa	PCDHB14_p.Gln525His	1
by_gender	female	locationaa	PCDHB14_p.Glu574Lys	1
by_gender	female	locationaa	PCDHB14_p.Ile138Leu	1
by_gender	female	locationaa	PCDHB14_p.Lys645Asn	1
by_gender	female	locationaa	PCDHB14_p.Val56Ala	1
by_gender	female	locationaa	PCDHB15_p.Ile16Thr	1
by_gender	female	locationaa	PCDHB15_p.Ile774Ser	1
by_gender	female	locationaa	PCDHB1_p.Asp316Asn	1
by_gender	female	locationaa	PCDHB3_p.Ala719Val	1
by_gender	female	locationaa	PCDHB3_p.Asp234Asn	1
by_gender	female	locationaa	PCDHB3_p.His283SerfsTer4	1
by_gender	female	locationaa	PCDHB3_p.Phe20Val	1
by_gender	female	locationaa	PCDHB3_p.Val444Ile	1
by_gender	female	locationaa	PCDHB4_p.Gln604His	1
by_gender	female	locationaa	PCDHB4_p.Gly536Ser	1
by_gender	female	locationaa	PCDHB5_p.Arg498His	1
by_gender	female	locationaa	PCDHB5_p.Tyr191Cys	1
by_gender	female	locationaa	PCDHB6_p.Ala679Ser	1
by_gender	female	locationaa	PCDHB6_p.Pro393His	1
by_gender	female	locationaa	PCDHB7_p.Ala321Val	1
by_gender	female	locationaa	PCDHB7_p.Ala554Thr	1
by_gender	female	locationaa	PCDHB7_p.Ala676Val	1
by_gender	female	locationaa	PCDHB7_p.Arg344Gln	1
by_gender	female	locationaa	PCDHB8_p.Ala571Thr	1
by_gender	female	locationaa	PCDHB8_p.Gln669His	1
by_gender	female	locationaa	PCDHB8_p.Gly614Arg	1
by_gender	female	locationaa	PCDHB8_p.Thr439Ile	1
by_gender	female	locationaa	PCDHB9_p.Gly326Cys	1
by_gender	female	locationaa	PCDHGA10_p.Asp638Gly	1
by_gender	female	locationaa	PCDHGA11_p.Asp540Gly	1
by_gender	female	locationaa	PCDHGA12_p.Thr259Met	1
by_gender	female	locationaa	PCDHGA2_p.Ala380Thr	1
by_gender	female	locationaa	PCDHGA2_p.Asp686Asn	1
by_gender	female	locationaa	PCDHGA3_p.His622Tyr	1
by_gender	female	locationaa	PCDHGA3_p.Leu196Met	1
by_gender	female	locationaa	PCDHGA6_p.Arg328Ter	1
by_gender	female	locationaa	PCDHGA6_p.Ser433Phe	1
by_gender	female	locationaa	PCDHGA6_p.Ser598Leu	1
by_gender	female	locationaa	PCDHGA7_p.Ala618Val	1
by_gender	female	locationaa	PCDHGA7_p.Arg723His	1
by_gender	female	locationaa	PCDHGA8_p.Leu95Ile	1
by_gender	female	locationaa	PCDHGA8_p.Ser598Leu	1
by_gender	female	locationaa	PCDHGA9_p.Gly218Ser	1
by_gender	female	locationaa	PCDHGA9_p.Leu291Ile	1
by_gender	female	locationaa	PCDHGA9_p.Leu660Phe	1
by_gender	female	locationaa	PCDHGA9_p.Leu791Val	1
by_gender	female	locationaa	PCDHGB1_p.Ala537Thr	1
by_gender	female	locationaa	PCDHGB1_p.Phe175Leu	1
by_gender	female	locationaa	PCDHGB4_p.Pro113Ser	1
by_gender	female	locationaa	PCDHGB6_p.Ala79Val	1
by_gender	female	locationaa	PCDHGB6_p.Asp570Asn	1
by_gender	female	locationaa	PCDHGB6_p.Gly377Arg	1
by_gender	female	locationaa	PCDHGB7_p.Arg412Trp	1
by_gender	female	locationaa	PCDHGB7_p.His460Arg	1
by_gender	female	locationaa	PCDHGB7_p.Leu563Met	1
by_gender	female	locationaa	PCDHGB7_p.Lys801del	1
by_gender	female	locationaa	PCDHGB7_p.Ser547Arg	1
by_gender	female	locationaa	PCDHGC3_p.Pro331Ser	1
by_gender	female	locationaa	PCDHGC5_p.Pro685His	1
by_gender	female	locationaa	PCDHGC5_p.Thr475Ile	1
by_gender	female	locationaa	PCDHGC5_p.Val644Met	1
by_gender	female	locationaa	PCED1A_p.Arg12His	1
by_gender	female	locationaa	PCF11_p.Pro998Ser	1
by_gender	female	locationaa	PCGF3_p.Met1?	1
by_gender	female	locationaa	PCGF5_p.Gln151Ter	1
by_gender	female	locationaa	PCIF1_p.Ala394Val	1
by_gender	female	locationaa	PCK1_p.Pro398Leu	1
by_gender	female	locationaa	PCK1_p.Ser392Ile	1
by_gender	female	locationaa	PCK2_p.Arg45Ter	1
by_gender	female	locationaa	PCK2_p.Pro121Ser	1
by_gender	female	locationaa	PCLO_p.Arg3846Gln	1
by_gender	female	locationaa	PCLO_p.Gln4346Lys	1
by_gender	female	locationaa	PCLO_p.Glu1840Gly	1
by_gender	female	locationaa	PCLO_p.Gly874Trp	1
by_gender	female	locationaa	PCLO_p.Leu2116TyrfsTer15	1
by_gender	female	locationaa	PCLO_p.Ser4850Phe	1
by_gender	female	locationaa	PCLO_p.Thr4388Asn	1
by_gender	female	locationaa	PCM1_p.Gln1990His	1
by_gender	female	locationaa	PCM1_p.Thr1829Ala	1
by_gender	female	locationaa	PCMTD2_p.Ala213Asp	1
by_gender	female	locationaa	PCMTD2_p.Gly106Asp	1
by_gender	female	locationaa	PCNT_p.Ala1989Asp	1
by_gender	female	locationaa	PCNT_p.Arg195Cys	1
by_gender	female	locationaa	PCNT_p.Gln387Ter	1
by_gender	female	locationaa	PCNT_p.Pro3114Leu	1
by_gender	female	locationaa	PCNX1_p.Ala2213Val	1
by_gender	female	locationaa	PCNX1_p.Pro1648Leu	1
by_gender	female	locationaa	PCNX2_p.Pro1378Ser	1
by_gender	female	locationaa	PCNX2_p.Pro446Arg	1
by_gender	female	locationaa	PCNX4_p.Leu25Phe	1
by_gender	female	locationaa	PCNX4_p.Ser749Tyr	1
by_gender	female	locationaa	PCOLCE2_p.Asp385Asn	1
by_gender	female	locationaa	PCSK1N_p.Arg90Gln	1
by_gender	female	locationaa	PCSK1_p.Asn119His	1
by_gender	female	locationaa	PCSK1_p.Ser325Ile	1
by_gender	female	locationaa	PCSK2_p.Ala267Thr	1
by_gender	female	locationaa	PCSK4_p.Gly160Val	1
by_gender	female	locationaa	PCSK4_p.Ser324Ile	1
by_gender	female	locationaa	PCSK5_p.Ala449Val	1
by_gender	female	locationaa	PCSK5_p.Val41Ile	1
by_gender	female	locationaa	PCSK6_p.Gly352Arg	1
by_gender	female	locationaa	PCTP_p.Ser110Pro	1
by_gender	female	locationaa	PCYOX1L_p.Arg66Cys	1
by_gender	female	locationaa	PCYOX1L_p.Ser291Ile	1
by_gender	female	locationaa	PCYOX1_p.Ala264Ser	1
by_gender	female	locationaa	PCYT1B_p.Ala95Thr	1
by_gender	female	locationaa	PC_p.Ala172Thr	1
by_gender	female	locationaa	PC_p.Thr580Ala	1
by_gender	female	locationaa	PDCD11_p.Ala181Asp	1
by_gender	female	locationaa	PDCD11_p.Ile1334Thr	1
by_gender	female	locationaa	PDCD11_p.Val340Phe	1
by_gender	female	locationaa	PDCD1_p.Pro89Leu	1
by_gender	female	locationaa	PDCD4_p.Thr277Ala	1
by_gender	female	locationaa	PDCD5_p.Arg79Ser	1
by_gender	female	locationaa	PDCD6IP_p.Ala490Ser	1
by_gender	female	locationaa	PDCL3_p.Ala109Val	1
by_gender	female	locationaa	PDCL_p.Leu87Met	1
by_gender	female	locationaa	PDE10A_p.Arg430Lys	1
by_gender	female	locationaa	PDE10A_p.Asp634Tyr	1
by_gender	female	locationaa	PDE10A_p.Glu749Lys	1
by_gender	female	locationaa	PDE1B_p.Arg412His	1
by_gender	female	locationaa	PDE1B_p.Val70Ile	1
by_gender	female	locationaa	PDE2A_p.Pro334Ser	1
by_gender	female	locationaa	PDE3A_p.Ala471Val	1
by_gender	female	locationaa	PDE3A_p.Arg156Cys	1
by_gender	female	locationaa	PDE3A_p.Glu675Lys	1
by_gender	female	locationaa	PDE3A_p.Pro317Ser	1
by_gender	female	locationaa	PDE3B_p.Ala841Val	1
by_gender	female	locationaa	PDE4A_p.Asp578Asn	1
by_gender	female	locationaa	PDE4DIP_p.Ala2239Pro	1
by_gender	female	locationaa	PDE4DIP_p.Leu188Ile	1
by_gender	female	locationaa	PDE4D_p.Arg187Ter	1
by_gender	female	locationaa	PDE4D_p.Gly790TrpfsTer9	1
by_gender	female	locationaa	PDE4D_p.Leu448Ile	1
by_gender	female	locationaa	PDE5A_p.Ala412Thr	1
by_gender	female	locationaa	PDE5A_p.Arg577Trp	1
by_gender	female	locationaa	PDE6B_p.Ala349Thr	1
by_gender	female	locationaa	PDE6B_p.Val830Met	1
by_gender	female	locationaa	PDE6C_p.Glu475Asp	1
by_gender	female	locationaa	PDE7B_p.Leu403Met	1
by_gender	female	locationaa	PDE8A_p.Arg454Ter	1
by_gender	female	locationaa	PDE8B_p.Arg409Ser	1
by_gender	female	locationaa	PDE9A_p.Lys84Asn	1
by_gender	female	locationaa	PDGFC_p.Ser27Gly	1
by_gender	female	locationaa	PDGFRA_p.Ala1014Thr	1
by_gender	female	locationaa	PDGFRA_p.Arg522His	1
by_gender	female	locationaa	PDGFRB_p.Arg226His	1
by_gender	female	locationaa	PDGFRB_p.Gly837Cys	1
by_gender	female	locationaa	PDHA1_p.Arg226Cys	1
by_gender	female	locationaa	PDHA2_p.Met255Ile	1
by_gender	female	locationaa	PDIA2_p.Arg291Trp	1
by_gender	female	locationaa	PDIA3_p.Ala331Asp	1
by_gender	female	locationaa	PDIA3_p.Ala438Thr	1
by_gender	female	locationaa	PDIA4_p.Ser469Asn	1
by_gender	female	locationaa	PDIA6_p.Leu175Met	1
by_gender	female	locationaa	PDILT_p.Asp256Tyr	1
by_gender	female	locationaa	PDK1_p.Arg363His	1
by_gender	female	locationaa	PDK2_p.Ala259Val	1
by_gender	female	locationaa	PDK2_p.Lys399Asn	1
by_gender	female	locationaa	PDLIM3_p.Gly19Trp	1
by_gender	female	locationaa	PDLIM5_p.Leu286Phe	1
by_gender	female	locationaa	PDP1_p.Ala239Ser	1
by_gender	female	locationaa	PDPN_p.Ser157Leu	1
by_gender	female	locationaa	PDPR_p.Gln757Ter	1
by_gender	female	locationaa	PDS5A_p.Ala1299Val	1
by_gender	female	locationaa	PDS5A_p.Arg377His	1
by_gender	female	locationaa	PDS5B_p.Ala633Ser	1
by_gender	female	locationaa	PDS5B_p.Thr352Ser	1
by_gender	female	locationaa	PDX1_p.Ala141Val	1
by_gender	female	locationaa	PDXDC1_p.Arg366Gln	1
by_gender	female	locationaa	PDXDC1_p.Gly95Glu	1
by_gender	female	locationaa	PDYN_p.Ala164Thr	1
by_gender	female	locationaa	PDYN_p.Arg213Cys	1
by_gender	female	locationaa	PDZD2_p.Pro1721Leu	1
by_gender	female	locationaa	PDZD2_p.Pro2017_Gly2026del	1
by_gender	female	locationaa	PDZD3_p.Arg160Met	1
by_gender	female	locationaa	PDZD4_p.Val389Ile	1
by_gender	female	locationaa	PDZD7_p.Glu142Asp	1
by_gender	female	locationaa	PDZD7_p.Leu467Met	1
by_gender	female	locationaa	PDZK1_p.Gly146Asp	1
by_gender	female	locationaa	PDZRN3_p.Arg463Cys	1
by_gender	female	locationaa	PDZRN3_p.Arg647Cys	1
by_gender	female	locationaa	PDZRN3_p.Arg693His	1
by_gender	female	locationaa	PDZRN3_p.Arg840Trp	1
by_gender	female	locationaa	PDZRN4_p.Arg446Gln	1
by_gender	female	locationaa	PDZRN4_p.Arg708Gln	1
by_gender	female	locationaa	PDZRN4_p.Lys348Asn	1
by_gender	female	locationaa	PEAK1_p.Ser1443Phe	1
by_gender	female	locationaa	PEAK1_p.Ser327Tyr	1
by_gender	female	locationaa	PEAK3_p.Gly244Arg	1
by_gender	female	locationaa	PEG10_p.Leu210Phe	1
by_gender	female	locationaa	PEG3_p.Ala1556Asp	1
by_gender	female	locationaa	PEG3_p.Ala201Val	1
by_gender	female	locationaa	PEG3_p.Ala543Thr	1
by_gender	female	locationaa	PEG3_p.Ala812Val	1
by_gender	female	locationaa	PEG3_p.Arg302Trp	1
by_gender	female	locationaa	PEG3_p.Glu421Gly	1
by_gender	female	locationaa	PEG3_p.Gly374Ser	1
by_gender	female	locationaa	PEG3_p.Lys125Asn	1
by_gender	female	locationaa	PEG3_p.Thr440Ile	1
by_gender	female	locationaa	PELI3_p.Phe442Leu	1
by_gender	female	locationaa	PENK_p.Lys73Asn	1
by_gender	female	locationaa	PER1_p.Arg426His	1
by_gender	female	locationaa	PER2_p.Phe239Leu	1
by_gender	female	locationaa	PER2_p.Pro921Ser	1
by_gender	female	locationaa	PER2_p.Pro959Thr	1
by_gender	female	locationaa	PERP_p.Ala72Val	1
by_gender	female	locationaa	PES1_p.Arg106His	1
by_gender	female	locationaa	PES1_p.Glu501Gly	1
by_gender	female	locationaa	PEX1_p.Asp545Asn	1
by_gender	female	locationaa	PEX1_p.Lys614Glu	1
by_gender	female	locationaa	PEX5L_p.Ala232Val	1
by_gender	female	locationaa	PEX5L_p.Ala269Val	1
by_gender	female	locationaa	PEX5L_p.Arg545Ile	1
by_gender	female	locationaa	PEX5_p.Arg394Ser	1
by_gender	female	locationaa	PEX6_p.Ser818Tyr	1
by_gender	female	locationaa	PEX7_p.Thr320Asn	1
by_gender	female	locationaa	PEX7_p.Val231Ile	1
by_gender	female	locationaa	PFAS_p.Ala743Val	1
by_gender	female	locationaa	PFAS_p.Asn509Ser	1
by_gender	female	locationaa	PFAS_p.Ser432Tyr	1
by_gender	female	locationaa	PFAS_p.Val916Ala	1
by_gender	female	locationaa	PFDN1_p.Glu93Ala	1
by_gender	female	locationaa	PFKFB1_p.Glu461Asp	1
by_gender	female	locationaa	PFKFB2_p.Arg183Ile	1
by_gender	female	locationaa	PFKFB4_p.Arg61Gln	1
by_gender	female	locationaa	PFKL_p.Ala559Val	1
by_gender	female	locationaa	PFKM_p.Ala681Thr	1
by_gender	female	locationaa	PGAM1_p.Arg140His	1
by_gender	female	locationaa	PGAM5_p.Thr156Asn	1
by_gender	female	locationaa	PGAP6_p.Pro245Leu	1
by_gender	female	locationaa	PGBD1_p.Arg471Lys	1
by_gender	female	locationaa	PGBD2_p.Arg436His	1
by_gender	female	locationaa	PGBD4_p.Pro267Ser	1
by_gender	female	locationaa	PGBD5_p.Ser276Ile	1
by_gender	female	locationaa	PGC_p.Ala108Thr	1
by_gender	female	locationaa	PGC_p.Tyr371His	1
by_gender	female	locationaa	PGD_p.Thr279Ala	1
by_gender	female	locationaa	PGK1_p.Asp98Tyr	1
by_gender	female	locationaa	PGK1_p.Gly137Glu	1
by_gender	female	locationaa	PGLS_p.Gln166His	1
by_gender	female	locationaa	PGLYRP2_p.Tyr458His	1
by_gender	female	locationaa	PGLYRP4_p.Arg253His	1
by_gender	female	locationaa	PGLYRP4_p.Ser205Ile	1
by_gender	female	locationaa	PGM1_p.Arg503Ter	1
by_gender	female	locationaa	PGM2L1_p.Leu430Pro	1
by_gender	female	locationaa	PGM3_p.Lys15Asn	1
by_gender	female	locationaa	PGPEP1L_p.Ala181Thr	1
by_gender	female	locationaa	PGR_p.Ala218Val	1
by_gender	female	locationaa	PGR_p.Arg319Cys	1
by_gender	female	locationaa	PGR_p.Gln556His	1
by_gender	female	locationaa	PHACTR1_p.Pro223Ser	1
by_gender	female	locationaa	PHACTR1_p.Pro242Ser	1
by_gender	female	locationaa	PHACTR1_p.Pro254Gln	1
by_gender	female	locationaa	PHACTR2_p.Leu342Ile	1
by_gender	female	locationaa	PHACTR3_p.Glu86Lys	1
by_gender	female	locationaa	PHACTR4_p.Arg578Gln	1
by_gender	female	locationaa	PHB_p.Arg97Trp	1
by_gender	female	locationaa	PHC1_p.Gly219Ter	1
by_gender	female	locationaa	PHC2_p.Pro752His	1
by_gender	female	locationaa	PHC3_p.His87Tyr	1
by_gender	female	locationaa	PHC3_p.Leu452Arg	1
by_gender	female	locationaa	PHEX_p.Arg381His	1
by_gender	female	locationaa	PHF10_p.Lys493Thr	1
by_gender	female	locationaa	PHF11_p.Asn70Lys	1
by_gender	female	locationaa	PHF12_p.Leu979Met	1
by_gender	female	locationaa	PHF1_p.Ala411Val	1
by_gender	female	locationaa	PHF20L1_p.Leu374Ter	1
by_gender	female	locationaa	PHF20L1_p.Phe240Cys	1
by_gender	female	locationaa	PHF21A_p.Ala191Val	1
by_gender	female	locationaa	PHF24_p.Asp84Asn	1
by_gender	female	locationaa	PHF24_p.Gly182Cys	1
by_gender	female	locationaa	PHF3_p.Ala161Ser	1
by_gender	female	locationaa	PHF3_p.Arg1028Gln	1
by_gender	female	locationaa	PHF3_p.Gly1757Ter	1
by_gender	female	locationaa	PHGDH_p.Ala373Thr	1
by_gender	female	locationaa	PHIP_p.Leu565Phe	1
by_gender	female	locationaa	PHKA2_p.Tyr1201LeufsTer2	1
by_gender	female	locationaa	PHKA2_p.Val346Leu	1
by_gender	female	locationaa	PHKB_p.Asn833Ser	1
by_gender	female	locationaa	PHKG1_p.Arg36Ter	1
by_gender	female	locationaa	PHKG1_p.Val75Ala	1
by_gender	female	locationaa	PHLDB1_p.Cys1259Ter	1
by_gender	female	locationaa	PHLDB1_p.Gln777His	1
by_gender	female	locationaa	PHLDB2_p.Gly250Arg	1
by_gender	female	locationaa	PHLDB2_p.Leu725Met	1
by_gender	female	locationaa	PHLDB2_p.Ser212Asn	1
by_gender	female	locationaa	PHLDB2_p.Thr77Ile	1
by_gender	female	locationaa	PHLDB3_p.Gln104Arg	1
by_gender	female	locationaa	PHLPP1_p.Gly1263Asp	1
by_gender	female	locationaa	PHLPP2_p.Glu939Lys	1
by_gender	female	locationaa	PHLPP2_p.Ile341Thr	1
by_gender	female	locationaa	PHLPP2_p.Ser1019Asn	1
by_gender	female	locationaa	PHLPP2_p.Ser704Gly	1
by_gender	female	locationaa	PHPT1_p.Val27Ile	1
by_gender	female	locationaa	PHRF1_p.Ser101Tyr	1
by_gender	female	locationaa	PHTF1_p.Arg260His	1
by_gender	female	locationaa	PHTF2_p.Ala530Ser	1
by_gender	female	locationaa	PHYH_p.Ala283Thr	1
by_gender	female	locationaa	PI15_p.Pro228Gln	1
by_gender	female	locationaa	PI4K2A_p.Arg309Ter	1
by_gender	female	locationaa	PI4K2A_p.Lys435Asn	1
by_gender	female	locationaa	PI4KA_p.Ala1037Thr	1
by_gender	female	locationaa	PI4KA_p.Gly741Glu	1
by_gender	female	locationaa	PI4KA_p.Phe1415Leu	1
by_gender	female	locationaa	PI4KB_p.Glu783del	1
by_gender	female	locationaa	PIAS1_p.Asp573Tyr	1
by_gender	female	locationaa	PIAS2_p.Gln133His	1
by_gender	female	locationaa	PIAS3_p.Ala477Thr	1
by_gender	female	locationaa	PIAS4_p.Met356Thr	1
by_gender	female	locationaa	PICALM_p.Gly151Trp	1
by_gender	female	locationaa	PIEZO2_p.Lys2325Asn	1
by_gender	female	locationaa	PIEZO2_p.Met2568Ile	1
by_gender	female	locationaa	PIF1_p.Gln429His	1
by_gender	female	locationaa	PIGB_p.Leu128Ile	1
by_gender	female	locationaa	PIGG_p.Ile756Ser	1
by_gender	female	locationaa	PIGG_p.Tyr892His	1
by_gender	female	locationaa	PIGL_p.Ser24Phe	1
by_gender	female	locationaa	PIGL_p.Trp16Ter	1
by_gender	female	locationaa	PIGO_p.Val273Ile	1
by_gender	female	locationaa	PIGQ_p.Ala330Val	1
by_gender	female	locationaa	PIGQ_p.Ala559Glu	1
by_gender	female	locationaa	PIGQ_p.Arg627Met	1
by_gender	female	locationaa	PIGQ_p.Val31Met	1
by_gender	female	locationaa	PIGS_p.Ser121Leu	1
by_gender	female	locationaa	PIGW_p.Ala314Thr	1
by_gender	female	locationaa	PIGW_p.Val361Ala	1
by_gender	female	locationaa	PIH1D1_p.Ser61Leu	1
by_gender	female	locationaa	PIH1D2_p.His146Tyr	1
by_gender	female	locationaa	PIK3AP1_p.Ala417Asp	1
by_gender	female	locationaa	PIK3C2A_p.Ala916Thr	1
by_gender	female	locationaa	PIK3C2A_p.Arg342Gln	1
by_gender	female	locationaa	PIK3C2A_p.Gln685Arg	1
by_gender	female	locationaa	PIK3C2A_p.Glu786Asp	1
by_gender	female	locationaa	PIK3C2B_p.Ala545Thr	1
by_gender	female	locationaa	PIK3C2B_p.Arg1253His	1
by_gender	female	locationaa	PIK3C2B_p.Arg1586Gln	1
by_gender	female	locationaa	PIK3C2B_p.Arg451Cys	1
by_gender	female	locationaa	PIK3C2B_p.Gln966Ter	1
by_gender	female	locationaa	PIK3C2B_p.Leu1267Arg	1
by_gender	female	locationaa	PIK3C3_p.Phe684Cys	1
by_gender	female	locationaa	PIK3C3_p.Phe704Leu	1
by_gender	female	locationaa	PIK3CA_p.Met1043Leu	1
by_gender	female	locationaa	PIK3CD_p.Ala545Val	1
by_gender	female	locationaa	PIK3CG_p.Ala314Thr	1
by_gender	female	locationaa	PIK3CG_p.Ala678Thr	1
by_gender	female	locationaa	PIK3R1_p.Pro194Ser	1
by_gender	female	locationaa	PIK3R2_p.Pro303Leu	1
by_gender	female	locationaa	PIK3R3_p.Glu217Lys	1
by_gender	female	locationaa	PIK3R4_p.Ala766Val	1
by_gender	female	locationaa	PIK3R4_p.Glu288Ter	1
by_gender	female	locationaa	PIK3R4_p.Tyr462Phe	1
by_gender	female	locationaa	PIK3R5_p.Pro417Ser	1
by_gender	female	locationaa	PIK3R5_p.Ser372Trp	1
by_gender	female	locationaa	PIK3R6_p.Ala612Val	1
by_gender	female	locationaa	PIK3R6_p.Arg45Ter	1
by_gender	female	locationaa	PIK3R6_p.Leu455Phe	1
by_gender	female	locationaa	PILRA_p.Pro21His	1
by_gender	female	locationaa	PIMREG_p.Ser97Pro	1
by_gender	female	locationaa	PIP4K2C_p.Ser282Ile	1
by_gender	female	locationaa	PIP4P2_p.Ala84Val	1
by_gender	female	locationaa	PIP5K1B_p.Ser456Phe	1
by_gender	female	locationaa	PIP5K1B_p.Thr328Ile	1
by_gender	female	locationaa	PIP5KL1_p.Arg263His	1
by_gender	female	locationaa	PIR_p.Lys275Thr	1
by_gender	female	locationaa	PITPNB_p.Gly171Asp	1
by_gender	female	locationaa	PITPNM1_p.Ala1133Val	1
by_gender	female	locationaa	PITPNM2_p.Arg389Cys	1
by_gender	female	locationaa	PITPNM3_p.Arg825His	1
by_gender	female	locationaa	PITPNM3_p.Pro816Leu	1
by_gender	female	locationaa	PITRM1_p.Gln219His	1
by_gender	female	locationaa	PIWIL1_p.Arg51Trp	1
by_gender	female	locationaa	PIWIL2_p.Ala396Asp	1
by_gender	female	locationaa	PIWIL2_p.Lys169Thr	1
by_gender	female	locationaa	PIWIL2_p.Phe605Leu	1
by_gender	female	locationaa	PIWIL3_p.Ser517Ile	1
by_gender	female	locationaa	PIWIL4_p.Ser101Tyr	1
by_gender	female	locationaa	PJA1_p.Ala114Val	1
by_gender	female	locationaa	PJA1_p.Arg136Ter	1
by_gender	female	locationaa	PJA1_p.Gln206His	1
by_gender	female	locationaa	PKD1L1_p.Ala91Thr	1
by_gender	female	locationaa	PKD1L1_p.Glu2244Gln	1
by_gender	female	locationaa	PKD1L1_p.Ser1355Pro	1
by_gender	female	locationaa	PKD1L1_p.Thr597Met	1
by_gender	female	locationaa	PKD1L2_p.Ala209Val	1
by_gender	female	locationaa	PKD1_p.Ala2883Asp	1
by_gender	female	locationaa	PKD1_p.Ala295Thr	1
by_gender	female	locationaa	PKD1_p.Arg1547Cys	1
by_gender	female	locationaa	PKD1_p.Arg832His	1
by_gender	female	locationaa	PKD1_p.Gly1640Ser	1
by_gender	female	locationaa	PKD1_p.Gly3361Arg	1
by_gender	female	locationaa	PKD1_p.Val3393Ile	1
by_gender	female	locationaa	PKD1_p.Val873Leu	1
by_gender	female	locationaa	PKD2L1_p.Ala443Asp	1
by_gender	female	locationaa	PKD2L1_p.Glu410Lys	1
by_gender	female	locationaa	PKD2_p.Pro360Ser	1
by_gender	female	locationaa	PKDREJ_p.Arg1142Trp	1
by_gender	female	locationaa	PKDREJ_p.Arg1241Cys	1
by_gender	female	locationaa	PKDREJ_p.Gln1796His	1
by_gender	female	locationaa	PKDREJ_p.Ser836Tyr	1
by_gender	female	locationaa	PKDREJ_p.Thr1076Ile	1
by_gender	female	locationaa	PKHD1L1_p.Gln3444Pro	1
by_gender	female	locationaa	PKHD1L1_p.Glu3495Ter	1
by_gender	female	locationaa	PKHD1L1_p.Leu1721Ile	1
by_gender	female	locationaa	PKHD1L1_p.Thr2357Ala	1
by_gender	female	locationaa	PKHD1L1_p.Thr273Ile	1
by_gender	female	locationaa	PKHD1L1_p.Thr3419Ile	1
by_gender	female	locationaa	PKHD1L1_p.Val1807Ala	1
by_gender	female	locationaa	PKHD1_p.Glu2980Ter	1
by_gender	female	locationaa	PKHD1_p.Gly1034Val	1
by_gender	female	locationaa	PKHD1_p.Val2236Met	1
by_gender	female	locationaa	PKLR_p.Tyr126Cys	1
by_gender	female	locationaa	PKMYT1_p.Glu90Ter	1
by_gender	female	locationaa	PKMYT1_p.Thr499Ile	1
by_gender	female	locationaa	PKN1_p.Ala122Val	1
by_gender	female	locationaa	PKN1_p.Ala653Val	1
by_gender	female	locationaa	PKN3_p.Leu827Ile	1
by_gender	female	locationaa	PKNOX1_p.Pro167Leu	1
by_gender	female	locationaa	PKP1_p.Glu13Lys	1
by_gender	female	locationaa	PKP2_p.Arg212His	1
by_gender	female	locationaa	PKP2_p.Leu431Phe	1
by_gender	female	locationaa	PKP3_p.Ala362Val	1
by_gender	female	locationaa	PKP3_p.Arg160Lys	1
by_gender	female	locationaa	PKP4_p.Arg1108Trp	1
by_gender	female	locationaa	PLA2G3_p.Ala446Thr	1
by_gender	female	locationaa	PLA2G4C_p.Gly215Arg	1
by_gender	female	locationaa	PLA2G4D_p.Arg661Trp	1
by_gender	female	locationaa	PLA2G4D_p.Gly509Arg	1
by_gender	female	locationaa	PLA2G4E_p.Leu849Phe	1
by_gender	female	locationaa	PLA2G6_p.Arg620Met	1
by_gender	female	locationaa	PLA2G6_p.Glu562Gly	1
by_gender	female	locationaa	PLA2G6_p.Lys295Asn	1
by_gender	female	locationaa	PLA2G7_p.Asp286Asn	1
by_gender	female	locationaa	PLA2R1_p.Arg913Lys	1
by_gender	female	locationaa	PLAAT1_p.Glu127Lys	1
by_gender	female	locationaa	PLAAT2_p.Arg18His	1
by_gender	female	locationaa	PLAAT4_p.Arg64Cys	1
by_gender	female	locationaa	PLAAT4_p.His35Asn	1
by_gender	female	locationaa	PLAAT5_p.Arg85Lys	1
by_gender	female	locationaa	PLAAT5_p.Pro78Leu	1
by_gender	female	locationaa	PLAT_p.Arg284His	1
by_gender	female	locationaa	PLAU_p.Gly37Arg	1
by_gender	female	locationaa	PLCB1_p.Lys27Asn	1
by_gender	female	locationaa	PLCB2_p.Pro76Leu	1
by_gender	female	locationaa	PLCB2_p.Ser830Tyr	1
by_gender	female	locationaa	PLCB3_p.Pro57His	1
by_gender	female	locationaa	PLCB3_p.Thr105Ala	1
by_gender	female	locationaa	PLCB4_p.Arg797Ter	1
by_gender	female	locationaa	PLCB4_p.Asn641Ser	1
by_gender	female	locationaa	PLCD4_p.Arg530His	1
by_gender	female	locationaa	PLCE1_p.Glu320SerfsTer6	1
by_gender	female	locationaa	PLCE1_p.Phe1218Ser	1
by_gender	female	locationaa	PLCE1_p.Phe1677Ser	1
by_gender	female	locationaa	PLCE1_p.Val1278Gly	1
by_gender	female	locationaa	PLCG1_p.Ala1189Thr	1
by_gender	female	locationaa	PLCG2_p.Glu642Lys	1
by_gender	female	locationaa	PLCG2_p.Leu562Met	1
by_gender	female	locationaa	PLCG2_p.Met483Thr	1
by_gender	female	locationaa	PLCG2_p.Thr1102Met	1
by_gender	female	locationaa	PLCH1_p.Arg546Ter	1
by_gender	female	locationaa	PLCL1_p.Ala890Val	1
by_gender	female	locationaa	PLCL1_p.Arg469Gln	1
by_gender	female	locationaa	PLCL1_p.Glu1025Lys	1
by_gender	female	locationaa	PLCL2_p.Arg497His	1
by_gender	female	locationaa	PLCXD1_p.Asp104Tyr	1
by_gender	female	locationaa	PLD2_p.Ala826Thr	1
by_gender	female	locationaa	PLD2_p.Arg202His	1
by_gender	female	locationaa	PLD5_p.Ala465Asp	1
by_gender	female	locationaa	PLD5_p.Val189Ala	1
by_gender	female	locationaa	PLEC_p.Arg2371Cys	1
by_gender	female	locationaa	PLEC_p.Arg2644Cys	1
by_gender	female	locationaa	PLEC_p.Asn3801Ser	1
by_gender	female	locationaa	PLEC_p.Asp3146Gly	1
by_gender	female	locationaa	PLEC_p.Gln1003His	1
by_gender	female	locationaa	PLEC_p.Gln673Pro	1
by_gender	female	locationaa	PLEC_p.Glu2563Ter	1
by_gender	female	locationaa	PLEC_p.Leu1356TrpfsTer69	1
by_gender	female	locationaa	PLEC_p.Leu2943Met	1
by_gender	female	locationaa	PLEC_p.Leu3435Met	1
by_gender	female	locationaa	PLEC_p.Leu515Met	1
by_gender	female	locationaa	PLEC_p.Thr4232Met	1
by_gender	female	locationaa	PLEKHA1_p.Leu32Met	1
by_gender	female	locationaa	PLEKHA4_p.Arg225Trp	1
by_gender	female	locationaa	PLEKHA4_p.Asp365Tyr	1
by_gender	female	locationaa	PLEKHA5_p.Val887Met	1
by_gender	female	locationaa	PLEKHA7_p.Ala1049Thr	1
by_gender	female	locationaa	PLEKHA7_p.Arg737Ter	1
by_gender	female	locationaa	PLEKHA7_p.Tyr261Ter	1
by_gender	female	locationaa	PLEKHA8_p.Leu361Ile	1
by_gender	female	locationaa	PLEKHB1_p.Ala217Thr	1
by_gender	female	locationaa	PLEKHG1_p.Ala287Thr	1
by_gender	female	locationaa	PLEKHG1_p.Ala485Ser	1
by_gender	female	locationaa	PLEKHG1_p.Gln1370His	1
by_gender	female	locationaa	PLEKHG1_p.His438Tyr	1
by_gender	female	locationaa	PLEKHG2_p.Phe338Leu	1
by_gender	female	locationaa	PLEKHG2_p.Ser1033Ter	1
by_gender	female	locationaa	PLEKHG4B_p.Ala1254Thr	1
by_gender	female	locationaa	PLEKHG6_p.Phe116Leu	1
by_gender	female	locationaa	PLEKHH2_p.Arg1212His	1
by_gender	female	locationaa	PLEKHH2_p.Asp780Gly	1
by_gender	female	locationaa	PLEKHH2_p.Gln1017His	1
by_gender	female	locationaa	PLEKHH2_p.Leu180Ile	1
by_gender	female	locationaa	PLEKHH2_p.Lys165Glu	1
by_gender	female	locationaa	PLEKHH2_p.Thr774Ala	1
by_gender	female	locationaa	PLEKHH2_p.Val888Ile	1
by_gender	female	locationaa	PLEKHO2_p.Pro336Ser	1
by_gender	female	locationaa	PLEKHS1_p.Phe90Leu	1
by_gender	female	locationaa	PLIN3_p.Ala215Thr	1
by_gender	female	locationaa	PLIN3_p.Ala96Thr	1
by_gender	female	locationaa	PLIN3_p.Pro312Leu	1
by_gender	female	locationaa	PLIN3_p.Ser167Phe	1
by_gender	female	locationaa	PLIN4_p.Gly1116Cys	1
by_gender	female	locationaa	PLIN4_p.Gly219Ser	1
by_gender	female	locationaa	PLIN5_p.Glu387Asp	1
by_gender	female	locationaa	PLK2_p.Leu681Ter	1
by_gender	female	locationaa	PLK4_p.Trp898Cys	1
by_gender	female	locationaa	PLPP2_p.Trp5Ter	1
by_gender	female	locationaa	PLPP3_p.Arg153Cys	1
by_gender	female	locationaa	PLPP3_p.Tyr240Cys	1
by_gender	female	locationaa	PLPPR1_p.Cys182Trp	1
by_gender	female	locationaa	PLPPR4_p.Gly154Arg	1
by_gender	female	locationaa	PLPPR4_p.Gly368Glu	1
by_gender	female	locationaa	PLPPR4_p.Pro418Leu	1
by_gender	female	locationaa	PLPPR5_p.Val75Ala	1
by_gender	female	locationaa	PLRG1_p.His191Arg	1
by_gender	female	locationaa	PLS1_p.Ala366Val	1
by_gender	female	locationaa	PLS1_p.Ile628Thr	1
by_gender	female	locationaa	PLSCR2_p.Ile127Thr	1
by_gender	female	locationaa	PLSCR4_p.Ala289Thr	1
by_gender	female	locationaa	PLTP_p.Ser66Cys	1
by_gender	female	locationaa	PLXDC1_p.Ala367Thr	1
by_gender	female	locationaa	PLXDC1_p.Arg42Trp	1
by_gender	female	locationaa	PLXDC1_p.Asp258Asn	1
by_gender	female	locationaa	PLXDC1_p.Ser391Ile	1
by_gender	female	locationaa	PLXDC2_p.Arg191Ter	1
by_gender	female	locationaa	PLXNA1_p.Ala1024Thr	1
by_gender	female	locationaa	PLXNA1_p.Gln1410His	1
by_gender	female	locationaa	PLXNA1_p.Leu1073Met	1
by_gender	female	locationaa	PLXNA1_p.Ser1380Asn	1
by_gender	female	locationaa	PLXNA2_p.Ala1286Thr	1
by_gender	female	locationaa	PLXNA2_p.Arg431His	1
by_gender	female	locationaa	PLXNA2_p.Arg678Cys	1
by_gender	female	locationaa	PLXNA2_p.Arg754Cys	1
by_gender	female	locationaa	PLXNA2_p.Asp179Val	1
by_gender	female	locationaa	PLXNA2_p.Glu1047Lys	1
by_gender	female	locationaa	PLXNA2_p.Trp530Arg	1
by_gender	female	locationaa	PLXNA3_p.Arg1704Cys	1
by_gender	female	locationaa	PLXNA3_p.Asp1530Asn	1
by_gender	female	locationaa	PLXNA3_p.Leu586Met	1
by_gender	female	locationaa	PLXNA3_p.Val1669Met	1
by_gender	female	locationaa	PLXNA4_p.Arg1735His	1
by_gender	female	locationaa	PLXNA4_p.Arg678Trp	1
by_gender	female	locationaa	PLXNA4_p.Gln135Ter	1
by_gender	female	locationaa	PLXNA4_p.Leu1307Met	1
by_gender	female	locationaa	PLXNA4_p.Lys116Asn	1
by_gender	female	locationaa	PLXNB1_p.Asp1863Gly	1
by_gender	female	locationaa	PLXNB1_p.Leu1603Met	1
by_gender	female	locationaa	PLXNB1_p.Leu534Met	1
by_gender	female	locationaa	PLXNB2_p.Asp1094Tyr	1
by_gender	female	locationaa	PLXNB2_p.Glu223Lys	1
by_gender	female	locationaa	PLXNB2_p.Pro1696Arg	1
by_gender	female	locationaa	PLXNB2_p.Thr1522GlyfsTer154	1
by_gender	female	locationaa	PLXNB3_p.Ala852Val	1
by_gender	female	locationaa	PLXNB3_p.Ala85Val	1
by_gender	female	locationaa	PLXNB3_p.Gln111His	1
by_gender	female	locationaa	PLXNB3_p.Val637Met	1
by_gender	female	locationaa	PLXNC1_p.Val1224Ala	1
by_gender	female	locationaa	PLXND1_p.Ala1473Thr	1
by_gender	female	locationaa	PLXND1_p.Asn1550Ser	1
by_gender	female	locationaa	PM20D1_p.Thr21Pro	1
by_gender	female	locationaa	PM20D2_p.Glu329Lys	1
by_gender	female	locationaa	PMEPA1_p.Ser151Leu	1
by_gender	female	locationaa	PMEPA1_p.Tyr219Asn	1
by_gender	female	locationaa	PMEPA1_p.Tyr65Cys	1
by_gender	female	locationaa	PMF1_p.Arg195Ser	1
by_gender	female	locationaa	PMFBP1_p.Lys629Asn	1
by_gender	female	locationaa	PML_p.His544Tyr	1
by_gender	female	locationaa	PMM2_p.Ala108Val	1
by_gender	female	locationaa	PMPCA_p.Thr149Ala	1
by_gender	female	locationaa	PMS1_p.Arg919His	1
by_gender	female	locationaa	PMS1_p.Asn281Ser	1
by_gender	female	locationaa	PMS2_p.Ala38Val	1
by_gender	female	locationaa	PMS2_p.Arg427His	1
by_gender	female	locationaa	PMS2_p.Lys301Thr	1
by_gender	female	locationaa	PMS2_p.Pro794Leu	1
by_gender	female	locationaa	PNCK_p.Gly131Arg	1
by_gender	female	locationaa	PNISR_p.His320Arg	1
by_gender	female	locationaa	PNISR_p.Ile354Met	1
by_gender	female	locationaa	PNISR_p.Lys330Asn	1
by_gender	female	locationaa	PNLDC1_p.Ala366Val	1
by_gender	female	locationaa	PNLIPRP3_p.Val377Ala	1
by_gender	female	locationaa	PNLIP_p.Asp329GlufsTer2	1
by_gender	female	locationaa	PNLIP_p.Leu103Met	1
by_gender	female	locationaa	PNMA2_p.Asn359Thr	1
by_gender	female	locationaa	PNMA5_p.Ala371Thr	1
by_gender	female	locationaa	PNMA8A_p.Gly51Val	1
by_gender	female	locationaa	PNMA8B_p.Ala119Val	1
by_gender	female	locationaa	PNPLA6_p.Ala626Val	1
by_gender	female	locationaa	PNPLA6_p.Arg939Leu	1
by_gender	female	locationaa	PNPLA7_p.Arg586Trp	1
by_gender	female	locationaa	PNPLA7_p.Arg816Cys	1
by_gender	female	locationaa	PNPLA7_p.Leu108Met	1
by_gender	female	locationaa	PNPLA7_p.Leu285Ile	1
by_gender	female	locationaa	PNPLA7_p.Ser421Arg	1
by_gender	female	locationaa	PNPLA8_p.Ala127Val	1
by_gender	female	locationaa	PNPLA8_p.Val569Leu	1
by_gender	female	locationaa	PNPO_p.Asp185Glu	1
by_gender	female	locationaa	PNPT1_p.Arg528Cys	1
by_gender	female	locationaa	PNPT1_p.Phe620Leu	1
by_gender	female	locationaa	POC1A_p.Ala21Ser	1
by_gender	female	locationaa	PODXL_p.Ala57Thr	1
by_gender	female	locationaa	POGK_p.Asp185Gly	1
by_gender	female	locationaa	POGK_p.Tyr414Cys	1
by_gender	female	locationaa	POGLUT1_p.Lys386Asn	1
by_gender	female	locationaa	POGLUT2_p.Ile34Met	1
by_gender	female	locationaa	POGZ_p.Thr1271Ile	1
by_gender	female	locationaa	POLA2_p.Ile502Thr	1
by_gender	female	locationaa	POLD2_p.Pro418His	1
by_gender	female	locationaa	POLE2_p.Ser433Asn	1
by_gender	female	locationaa	POLE_p.Ala2243Thr	1
by_gender	female	locationaa	POLE_p.His1440Arg	1
by_gender	female	locationaa	POLE_p.Leu1327Met	1
by_gender	female	locationaa	POLE_p.Pro286Arg	1
by_gender	female	locationaa	POLG_p.Ala341Val	1
by_gender	female	locationaa	POLG_p.Ala839Val	1
by_gender	female	locationaa	POLG_p.Asp346Asn	1
by_gender	female	locationaa	POLH_p.Thr191Ala	1
by_gender	female	locationaa	POLI_p.Arg209Trp	1
by_gender	female	locationaa	POLK_p.Glu437Gln	1
by_gender	female	locationaa	POLK_p.Met847Thr	1
by_gender	female	locationaa	POLL_p.Arg364His	1
by_gender	female	locationaa	POLL_p.Glu36Ter	1
by_gender	female	locationaa	POLM_p.Gln235His	1
by_gender	female	locationaa	POLN_p.Leu603Phe	1
by_gender	female	locationaa	POLQ_p.Arg200His	1
by_gender	female	locationaa	POLQ_p.Val213Met	1
by_gender	female	locationaa	POLR1A_p.Arg262His	1
by_gender	female	locationaa	POLR1A_p.Cys1289Ter	1
by_gender	female	locationaa	POLR1B_p.Arg440His	1
by_gender	female	locationaa	POLR1B_p.Tyr318His	1
by_gender	female	locationaa	POLR1F_p.Glu30Ter	1
by_gender	female	locationaa	POLR2A_p.Glu961Asp	1
by_gender	female	locationaa	POLR2B_p.Arg798His	1
by_gender	female	locationaa	POLR2E_p.Pro53Leu	1
by_gender	female	locationaa	POLR2J_p.Asp93Asn	1
by_gender	female	locationaa	POLR3B_p.Asp863Tyr	1
by_gender	female	locationaa	POLR3E_p.Ser138Asn	1
by_gender	female	locationaa	POLR3E_p.Ser253Ile	1
by_gender	female	locationaa	POLRMT_p.Pro423Ser	1
by_gender	female	locationaa	POM121C_p.Thr901Ile	1
by_gender	female	locationaa	POM121L12_p.Ser203Asn	1
by_gender	female	locationaa	POM121_p.Ala752Thr	1
by_gender	female	locationaa	POM121_p.Ala975Thr	1
by_gender	female	locationaa	POM121_p.Phe1047Val	1
by_gender	female	locationaa	POMGNT1_p.His546Arg	1
by_gender	female	locationaa	POMGNT1_p.Lys471Asn	1
by_gender	female	locationaa	POMGNT2_p.Arg429Cys	1
by_gender	female	locationaa	POMK_p.Gln109His	1
by_gender	female	locationaa	POMT2_p.Pro2Leu	1
by_gender	female	locationaa	PON1_p.Lys145Asn	1
by_gender	female	locationaa	PON2_p.Arg305His	1
by_gender	female	locationaa	POP1_p.Arg195Lys	1
by_gender	female	locationaa	POSTN_p.Ala262Thr	1
by_gender	female	locationaa	POSTN_p.Ile714Asn	1
by_gender	female	locationaa	POT1_p.Pro569Ser	1
by_gender	female	locationaa	POTEE_p.Gln283His	1
by_gender	female	locationaa	POTEF_p.Ala119Val	1
by_gender	female	locationaa	POTEH_p.His123Asn	1
by_gender	female	locationaa	POTEH_p.Val196Ile	1
by_gender	female	locationaa	POTEM_p.Lys391Ile	1
by_gender	female	locationaa	POU2F1_p.Ala532Thr	1
by_gender	female	locationaa	POU3F2_p.Glu409Asp	1
by_gender	female	locationaa	POU4F2_p.Met225Ile	1
by_gender	female	locationaa	POU4F2_p.Ser27Leu	1
by_gender	female	locationaa	POU6F1_p.Val339Met	1
by_gender	female	locationaa	PPARA_p.Tyr155His	1
by_gender	female	locationaa	PPARD_p.Arg379His	1
by_gender	female	locationaa	PPARGC1A_p.Ser530Thr	1
by_gender	female	locationaa	PPARGC1B_p.Ala178Thr	1
by_gender	female	locationaa	PPARGC1B_p.Arg683His	1
by_gender	female	locationaa	PPAT_p.Arg137Cys	1
by_gender	female	locationaa	PPAT_p.Ser327Phe	1
by_gender	female	locationaa	PPEF1_p.Ala424Val	1
by_gender	female	locationaa	PPEF2_p.Arg501His	1
by_gender	female	locationaa	PPFIA1_p.Arg869Trp	1
by_gender	female	locationaa	PPFIA1_p.Met1170Ile	1
by_gender	female	locationaa	PPFIA2_p.Arg1164Ser	1
by_gender	female	locationaa	PPFIA2_p.Arg845Ter	1
by_gender	female	locationaa	PPFIA2_p.Glu334Gln	1
by_gender	female	locationaa	PPFIA2_p.Val5Leu	1
by_gender	female	locationaa	PPFIA3_p.Arg138His	1
by_gender	female	locationaa	PPFIBP2_p.Ile766Thr	1
by_gender	female	locationaa	PPIG_p.Lys650Arg	1
by_gender	female	locationaa	PPIP5K1_p.Leu1103Val	1
by_gender	female	locationaa	PPL_p.Ala797Ser	1
by_gender	female	locationaa	PPM1E_p.Glu50Lys	1
by_gender	female	locationaa	PPM1G_p.Ile438Asn	1
by_gender	female	locationaa	PPM1H_p.Arg228His	1
by_gender	female	locationaa	PPM1K_p.Thr8Asn	1
by_gender	female	locationaa	PPOX_p.Gly362Asp	1
by_gender	female	locationaa	PPP1CA_p.Ala299Thr	1
by_gender	female	locationaa	PPP1R12C_p.Arg364Trp	1
by_gender	female	locationaa	PPP1R12C_p.Lys406Glu	1
by_gender	female	locationaa	PPP1R13B_p.Glu112Gly	1
by_gender	female	locationaa	PPP1R15A_p.Arg614Lys	1
by_gender	female	locationaa	PPP1R15A_p.Pro514Ser	1
by_gender	female	locationaa	PPP1R15B_p.Glu540Asp	1
by_gender	female	locationaa	PPP1R16A_p.Arg88Cys	1
by_gender	female	locationaa	PPP1R16A_p.Asn171Thr	1
by_gender	female	locationaa	PPP1R16B_p.Ala551Gly	1
by_gender	female	locationaa	PPP1R16B_p.Glu114Asp	1
by_gender	female	locationaa	PPP1R18_p.Glu584Asp	1
by_gender	female	locationaa	PPP1R21_p.Ala610Val	1
by_gender	female	locationaa	PPP1R21_p.Ala685Thr	1
by_gender	female	locationaa	PPP1R26_p.Ser163Phe	1
by_gender	female	locationaa	PPP1R26_p.Ser910Ile	1
by_gender	female	locationaa	PPP1R27_p.Arg4Ile	1
by_gender	female	locationaa	PPP1R3A_p.Asp488Tyr	1
by_gender	female	locationaa	PPP1R3D_p.Phe159Val	1
by_gender	female	locationaa	PPP1R42_p.Leu90Phe	1
by_gender	female	locationaa	PPP1R9A_p.Thr741Lys	1
by_gender	female	locationaa	PPP1R9B_p.Ala644Thr	1
by_gender	female	locationaa	PPP1R9B_p.Thr555Pro	1
by_gender	female	locationaa	PPP2R1A_p.Gln569His	1
by_gender	female	locationaa	PPP2R1B_p.Glu488Asp	1
by_gender	female	locationaa	PPP2R2A_p.Lys402Asn	1
by_gender	female	locationaa	PPP2R2A_p.Trp12Arg	1
by_gender	female	locationaa	PPP2R3A_p.Ala1071Val	1
by_gender	female	locationaa	PPP2R3A_p.Leu637Val	1
by_gender	female	locationaa	PPP2R3A_p.Ser505Arg	1
by_gender	female	locationaa	PPP2R5A_p.Arg213Gln	1
by_gender	female	locationaa	PPP2R5C_p.Glu301Ter	1
by_gender	female	locationaa	PPP2R5C_p.Phe208IlefsTer3	1
by_gender	female	locationaa	PPP3CA_p.Asp511Gly	1
by_gender	female	locationaa	PPP4R1_p.Lys431Asn	1
by_gender	female	locationaa	PPP4R1_p.Ser648Asn	1
by_gender	female	locationaa	PPP4R3A_p.Arg538Trp	1
by_gender	female	locationaa	PPP4R3A_p.Glu568Lys	1
by_gender	female	locationaa	PPP4R3B_p.Ile198Val	1
by_gender	female	locationaa	PPP4R4_p.Gln697His	1
by_gender	female	locationaa	PPP6C_p.Asn260Thr	1
by_gender	female	locationaa	PPRC1_p.Arg1556Gln	1
by_gender	female	locationaa	PPRC1_p.Glu784Ala	1
by_gender	female	locationaa	PPT2_p.Leu258Pro	1
by_gender	female	locationaa	PPWD1_p.Val92Gly	1
by_gender	female	locationaa	PRAG1_p.Ala1391Val	1
by_gender	female	locationaa	PRAG1_p.Arg1121His	1
by_gender	female	locationaa	PRAM1_p.Asp653Asn	1
by_gender	female	locationaa	PRAM1_p.Glu662Asp	1
by_gender	female	locationaa	PRAM1_p.Pro60Leu	1
by_gender	female	locationaa	PRAMEF10_p.Glu324Asp	1
by_gender	female	locationaa	PRAMEF12_p.Ala119Ser	1
by_gender	female	locationaa	PRAMEF19_p.Arg336Cys	1
by_gender	female	locationaa	PRAMEF1_p.Arg165Ile	1
by_gender	female	locationaa	PRAMEF1_p.Arg399His	1
by_gender	female	locationaa	PRAMEF7_p.Glu431Ala	1
by_gender	female	locationaa	PRB2_p.Lys56Asn	1
by_gender	female	locationaa	PRC1_p.Pro586Ser	1
by_gender	female	locationaa	PRCC_p.Gln380ProfsTer12	1
by_gender	female	locationaa	PRCP_p.Glu148Ter	1
by_gender	female	locationaa	PRDM10_p.Gln680Ter	1
by_gender	female	locationaa	PRDM10_p.Ser385Asn	1
by_gender	female	locationaa	PRDM11_p.Ala375Thr	1
by_gender	female	locationaa	PRDM13_p.Gly555Cys	1
by_gender	female	locationaa	PRDM14_p.Gly145Glu	1
by_gender	female	locationaa	PRDM14_p.Gly367Glu	1
by_gender	female	locationaa	PRDM15_p.Cys842Tyr	1
by_gender	female	locationaa	PRDM1_p.Asn555Ser	1
by_gender	female	locationaa	PRDM1_p.Pro665Leu	1
by_gender	female	locationaa	PRDM2_p.Arg311Trp	1
by_gender	female	locationaa	PRDM2_p.Asn141Thr	1
by_gender	female	locationaa	PRDM2_p.Ser1604Ala	1
by_gender	female	locationaa	PRDM4_p.Ala789Val	1
by_gender	female	locationaa	PRDM4_p.Gln358Ter	1
by_gender	female	locationaa	PRDM5_p.Arg77Gln	1
by_gender	female	locationaa	PRDM5_p.Gly205Glu	1
by_gender	female	locationaa	PRDM8_p.Ser253Ile	1
by_gender	female	locationaa	PRDM9_p.Ala229Thr	1
by_gender	female	locationaa	PRDM9_p.Arg184Ter	1
by_gender	female	locationaa	PRDM9_p.Glu386Gly	1
by_gender	female	locationaa	PRDX1_p.Lys185Asn	1
by_gender	female	locationaa	PRELP_p.Leu8Ile	1
by_gender	female	locationaa	PREPL_p.Arg68Gln	1
by_gender	female	locationaa	PREX1_p.Arg330Ter	1
by_gender	female	locationaa	PREX1_p.Arg777Trp	1
by_gender	female	locationaa	PREX1_p.Asn236Asp	1
by_gender	female	locationaa	PREX1_p.Asn238Ser	1
by_gender	female	locationaa	PREX1_p.Gln126His	1
by_gender	female	locationaa	PREX1_p.Lys459Thr	1
by_gender	female	locationaa	PREX2_p.Asn326Ser	1
by_gender	female	locationaa	PRF1_p.Pro546Leu	1
by_gender	female	locationaa	PRG2_p.Arg144Gln	1
by_gender	female	locationaa	PRG4_p.Asp923Asn	1
by_gender	female	locationaa	PRG4_p.Lys143Gln	1
by_gender	female	locationaa	PRICKLE1_p.Phe156Ser	1
by_gender	female	locationaa	PRICKLE2_p.Arg747Ter	1
by_gender	female	locationaa	PRICKLE2_p.Arg784Cys	1
by_gender	female	locationaa	PRICKLE2_p.Arg786Trp	1
by_gender	female	locationaa	PRICKLE4_p.Ala189Val	1
by_gender	female	locationaa	PRIM1_p.Ile80Thr	1
by_gender	female	locationaa	PRIMPOL_p.Arg417Trp	1
by_gender	female	locationaa	PRIMPOL_p.Leu553LysfsTer7	1
by_gender	female	locationaa	PRIMPOL_p.Pro314SerfsTer9	1
by_gender	female	locationaa	PRKAB2_p.Ala18Val	1
by_gender	female	locationaa	PRKACG_p.Gln178His	1
by_gender	female	locationaa	PRKACG_p.Val155Ile	1
by_gender	female	locationaa	PRKAG3_p.Thr271Ile	1
by_gender	female	locationaa	PRKAR1A_p.Ala160Thr	1
by_gender	female	locationaa	PRKAR1B_p.Glu247Lys	1
by_gender	female	locationaa	PRKAR1B_p.Val111Met	1
by_gender	female	locationaa	PRKAR2B_p.Ala117Val	1
by_gender	female	locationaa	PRKCA_p.Ala523Thr	1
by_gender	female	locationaa	PRKCB_p.Arg19Cys	1
by_gender	female	locationaa	PRKCB_p.Lys481Asn	1
by_gender	female	locationaa	PRKCD_p.His600Asn	1
by_gender	female	locationaa	PRKCD_p.Met266Ile	1
by_gender	female	locationaa	PRKCE_p.Ser381Phe	1
by_gender	female	locationaa	PRKCG_p.Arg98Gln	1
by_gender	female	locationaa	PRKCH_p.Glu605Lys	1
by_gender	female	locationaa	PRKCI_p.Asp378Asn	1
by_gender	female	locationaa	PRKCI_p.Cys414Arg	1
by_gender	female	locationaa	PRKCI_p.Gly163Glu	1
by_gender	female	locationaa	PRKCQ_p.Pro596Leu	1
by_gender	female	locationaa	PRKCSH_p.Arg482Cys	1
by_gender	female	locationaa	PRKCZ_p.Lys59Asn	1
by_gender	female	locationaa	PRKD2_p.Ala503Thr	1
by_gender	female	locationaa	PRKD2_p.Arg192His	1
by_gender	female	locationaa	PRKD2_p.Lys794Thr	1
by_gender	female	locationaa	PRKD3_p.Leu111Ile	1
by_gender	female	locationaa	PRKDC_p.Ala3862Val	1
by_gender	female	locationaa	PRKDC_p.Leu1761Val	1
by_gender	female	locationaa	PRKDC_p.Phe3897Cys	1
by_gender	female	locationaa	PRKDC_p.Tyr2772Cys	1
by_gender	female	locationaa	PRKG1_p.Arg209Gln	1
by_gender	female	locationaa	PRKN_p.Phe7Leu	1
by_gender	female	locationaa	PRLR_p.Ala547Asp	1
by_gender	female	locationaa	PRL_p.Arg117Gln	1
by_gender	female	locationaa	PRMT3_p.Ala169Thr	1
by_gender	female	locationaa	PRMT6_p.Leu96Met	1
by_gender	female	locationaa	PRMT7_p.Ala173Val	1
by_gender	female	locationaa	PRMT9_p.His534Pro	1
by_gender	female	locationaa	PROC_p.His448Tyr	1
by_gender	female	locationaa	PROKR1_p.Ile63Thr	1
by_gender	female	locationaa	PROKR2_p.Ala156Val	1
by_gender	female	locationaa	PROM2_p.Ala110Thr	1
by_gender	female	locationaa	PROP1_p.Gly204Asp	1
by_gender	female	locationaa	PRORP_p.Arg445Trp	1
by_gender	female	locationaa	PROS1_p.Lys280Asn	1
by_gender	female	locationaa	PROS1_p.Tyr340Ter	1
by_gender	female	locationaa	PROSER1_p.Ser677Tyr	1
by_gender	female	locationaa	PROSER3_p.Ser137Tyr	1
by_gender	female	locationaa	PROX1_p.Asp285Gly	1
by_gender	female	locationaa	PROX1_p.Phe424Val	1
by_gender	female	locationaa	PROX1_p.Pro88Ser	1
by_gender	female	locationaa	PROX1_p.Ser197Tyr	1
by_gender	female	locationaa	PRPF39_p.Ser241Ile	1
by_gender	female	locationaa	PRPF3_p.Ala69Val	1
by_gender	female	locationaa	PRPF3_p.Glu409Asp	1
by_gender	female	locationaa	PRPF6_p.Gly229Glu	1
by_gender	female	locationaa	PRPF6_p.Ser575Cys	1
by_gender	female	locationaa	PRPF8_p.Arg1617Ter	1
by_gender	female	locationaa	PRPF8_p.Arg165His	1
by_gender	female	locationaa	PRPH_p.Asp390Tyr	1
by_gender	female	locationaa	PRPS1L1_p.Gly251Val	1
by_gender	female	locationaa	PRPS1_p.Gly251Glu	1
by_gender	female	locationaa	PRPSAP1_p.Arg324His	1
by_gender	female	locationaa	PRPSAP1_p.Gly229Trp	1
by_gender	female	locationaa	PRR14_p.Arg360Gln	1
by_gender	female	locationaa	PRR14_p.Arg530Gln	1
by_gender	female	locationaa	PRR14_p.Asp108Asn	1
by_gender	female	locationaa	PRR16_p.Glu35Lys	1
by_gender	female	locationaa	PRR16_p.Tyr213Ter	1
by_gender	female	locationaa	PRR22_p.Ala69Val	1
by_gender	female	locationaa	PRR27_p.Ala123Thr	1
by_gender	female	locationaa	PRR27_p.Glu147Asp	1
by_gender	female	locationaa	PRR27_p.Pro49His	1
by_gender	female	locationaa	PRR5L_p.Ser48Asn	1
by_gender	female	locationaa	PRRC1_p.Trp389Ter	1
by_gender	female	locationaa	PRRC2A_p.Arg482Cys	1
by_gender	female	locationaa	PRRC2A_p.Gly992Arg	1
by_gender	female	locationaa	PRRC2A_p.Pro1448ArgfsTer43	1
by_gender	female	locationaa	PRRC2B_p.Gln2029His	1
by_gender	female	locationaa	PRRC2C_p.Pro2432Ser	1
by_gender	female	locationaa	PRRT2_p.Asp143Tyr	1
by_gender	female	locationaa	PRRT3_p.Ala897Val	1
by_gender	female	locationaa	PRRT3_p.Pro250Ser	1
by_gender	female	locationaa	PRSS12_p.Ala785Ser	1
by_gender	female	locationaa	PRSS12_p.Arg281His	1
by_gender	female	locationaa	PRSS12_p.Val481Ala	1
by_gender	female	locationaa	PRSS16_p.Gly276Cys	1
by_gender	female	locationaa	PRSS16_p.Gly313Glu	1
by_gender	female	locationaa	PRSS16_p.Phe198Leu	1
by_gender	female	locationaa	PRSS16_p.Pro434Leu	1
by_gender	female	locationaa	PRSS16_p.Tyr384Cys	1
by_gender	female	locationaa	PRSS1_p.Ala245Val	1
by_gender	female	locationaa	PRSS1_p.Ile108del	1
by_gender	female	locationaa	PRSS23_p.Arg36His	1
by_gender	female	locationaa	PRSS23_p.Asp208Asn	1
by_gender	female	locationaa	PRSS35_p.Ile133Thr	1
by_gender	female	locationaa	PRSS35_p.Val387Ile	1
by_gender	female	locationaa	PRSS36_p.Leu227Met	1
by_gender	female	locationaa	PRSS45P_p.Arg221His	1
by_gender	female	locationaa	PRSS45P_p.Gln139His	1
by_gender	female	locationaa	PRSS45P_p.Leu46Ile	1
by_gender	female	locationaa	PRSS54_p.Ala138Val	1
by_gender	female	locationaa	PRSS54_p.Glu204Lys	1
by_gender	female	locationaa	PRSS55_p.Gly19Ser	1
by_gender	female	locationaa	PRTFDC1_p.Val214Phe	1
by_gender	female	locationaa	PRTG_p.Arg553His	1
by_gender	female	locationaa	PRTG_p.Gly650Asp	1
by_gender	female	locationaa	PRTG_p.Ser1100Asn	1
by_gender	female	locationaa	PRUNE2_p.Ala1191Val	1
by_gender	female	locationaa	PRUNE2_p.Ala1781Val	1
by_gender	female	locationaa	PRUNE2_p.Leu2121Ile	1
by_gender	female	locationaa	PRUNE2_p.Leu2134Phe	1
by_gender	female	locationaa	PRUNE2_p.Leu235Met	1
by_gender	female	locationaa	PRUNE2_p.Pro691Thr	1
by_gender	female	locationaa	PRUNE2_p.Ser2507Asn	1
by_gender	female	locationaa	PRXL2C_p.Leu209Arg	1
by_gender	female	locationaa	PRX_p.Ala87Thr	1
by_gender	female	locationaa	PRX_p.Glu467Ter	1
by_gender	female	locationaa	PSAP_p.Glu130Ala	1
by_gender	female	locationaa	PSD3_p.Met481Ile	1
by_gender	female	locationaa	PSD4_p.Cys256Tyr	1
by_gender	female	locationaa	PSEN1_p.Ser313Phe	1
by_gender	female	locationaa	PSEN2_p.Ala281Val	1
by_gender	female	locationaa	PSG11_p.Asp258Asn	1
by_gender	female	locationaa	PSG3_p.Leu329Phe	1
by_gender	female	locationaa	PSG3_p.Lys287Asn	1
by_gender	female	locationaa	PSG4_p.Pro237Ser	1
by_gender	female	locationaa	PSG4_p.Ser336Ile	1
by_gender	female	locationaa	PSG5_p.Lys314Thr	1
by_gender	female	locationaa	PSG6_p.Thr300Met	1
by_gender	female	locationaa	PSG7_p.Ile246Met	1
by_gender	female	locationaa	PSG8_p.Leu280Phe	1
by_gender	female	locationaa	PSMA1_p.Arg89His	1
by_gender	female	locationaa	PSMA1_p.Met140Val	1
by_gender	female	locationaa	PSMA2_p.Arg220Met	1
by_gender	female	locationaa	PSMA5_p.Trp100Ter	1
by_gender	female	locationaa	PSMB1_p.Asp142His	1
by_gender	female	locationaa	PSMB5_p.Ala108Thr	1
by_gender	female	locationaa	PSMC1_p.Ala330Thr	1
by_gender	female	locationaa	PSMC4_p.Asp276Asn	1
by_gender	female	locationaa	PSMC4_p.Lys192Arg	1
by_gender	female	locationaa	PSMD11_p.Ala164Asp	1
by_gender	female	locationaa	PSMD12_p.Ile412Thr	1
by_gender	female	locationaa	PSMD1_p.Ala64Thr	1
by_gender	female	locationaa	PSMD1_p.Glu239Lys	1
by_gender	female	locationaa	PSMD1_p.Ile701Leu	1
by_gender	female	locationaa	PSMD3_p.Arg180His	1
by_gender	female	locationaa	PSMD9_p.Ala151Thr	1
by_gender	female	locationaa	PSME4_p.Ser336Asn	1
by_gender	female	locationaa	PSMF1_p.Arg204Trp	1
by_gender	female	locationaa	PSTK_p.Gly173Ser	1
by_gender	female	locationaa	PSTPIP1_p.Val282Met	1
by_gender	female	locationaa	PTAR1_p.Asn194Ile	1
by_gender	female	locationaa	PTBP1_p.Gln352His	1
by_gender	female	locationaa	PTBP2_p.Val270Leu	1
by_gender	female	locationaa	PTCD3_p.Val324Ile	1
by_gender	female	locationaa	PTCH1_p.Ala507Asp	1
by_gender	female	locationaa	PTCH1_p.Pro1182His	1
by_gender	female	locationaa	PTCH2_p.Ala32Val	1
by_gender	female	locationaa	PTCH2_p.His605Gln	1
by_gender	female	locationaa	PTCHD1_p.Ser243Tyr	1
by_gender	female	locationaa	PTCHD3_p.Phe405Cys	1
by_gender	female	locationaa	PTCHD4_p.Val843Ile	1
by_gender	female	locationaa	PTDSS1_p.Arg95Ter	1
by_gender	female	locationaa	PTF1A_p.Glu7Val	1
by_gender	female	locationaa	PTGDR_p.Leu210Met	1
by_gender	female	locationaa	PTGDR_p.Leu267Met	1
by_gender	female	locationaa	PTGDS_p.Ala129Thr	1
by_gender	female	locationaa	PTGDS_p.Ala60Val	1
by_gender	female	locationaa	PTGES3L-AARSD1_p.Thr179Ile	1
by_gender	female	locationaa	PTGR2_p.Phe177Leu	1
by_gender	female	locationaa	PTGS1_p.Arg375His	1
by_gender	female	locationaa	PTK2_p.Arg177Gln	1
by_gender	female	locationaa	PTK7_p.Pro128His	1
by_gender	female	locationaa	PTP4A1_p.Val113Leu	1
by_gender	female	locationaa	PTPDC1_p.Asp298Glu	1
by_gender	female	locationaa	PTPDC1_p.Glu402Lys	1
by_gender	female	locationaa	PTPN13_p.Lys1020Gln	1
by_gender	female	locationaa	PTPN13_p.Ser245Phe	1
by_gender	female	locationaa	PTPN13_p.Tyr407His	1
by_gender	female	locationaa	PTPN14_p.Val1008Ala	1
by_gender	female	locationaa	PTPN21_p.Ser109Tyr	1
by_gender	female	locationaa	PTPN21_p.Ser513Asn	1
by_gender	female	locationaa	PTPN21_p.Val105Ala	1
by_gender	female	locationaa	PTPN22_p.Ala25Thr	1
by_gender	female	locationaa	PTPN23_p.Pro1585Thr	1
by_gender	female	locationaa	PTPN4_p.Pro428Ser	1
by_gender	female	locationaa	PTPN4_p.Thr733Asn	1
by_gender	female	locationaa	PTPN6_p.Arg226Gln	1
by_gender	female	locationaa	PTPN6_p.Gln396His	1
by_gender	female	locationaa	PTPN6_p.Tyr98Cys	1
by_gender	female	locationaa	PTPRA_p.Ile712Met	1
by_gender	female	locationaa	PTPRB_p.Glu519Lys	1
by_gender	female	locationaa	PTPRB_p.Gly115Asp	1
by_gender	female	locationaa	PTPRB_p.Gly77Val	1
by_gender	female	locationaa	PTPRB_p.Lys1333Thr	1
by_gender	female	locationaa	PTPRB_p.Ser1580Asn	1
by_gender	female	locationaa	PTPRB_p.Ser359Ile	1
by_gender	female	locationaa	PTPRB_p.Val642Phe	1
by_gender	female	locationaa	PTPRC_p.Asp549Asn	1
by_gender	female	locationaa	PTPRC_p.Lys1016Thr	1
by_gender	female	locationaa	PTPRD_p.Ala1716Thr	1
by_gender	female	locationaa	PTPRD_p.Arg1496Gln	1
by_gender	female	locationaa	PTPRD_p.Pro24Ser	1
by_gender	female	locationaa	PTPRE_p.Gln373Arg	1
by_gender	female	locationaa	PTPRF_p.Glu1642Lys	1
by_gender	female	locationaa	PTPRG_p.Arg1016Ser	1
by_gender	female	locationaa	PTPRG_p.Pro1142Ser	1
by_gender	female	locationaa	PTPRG_p.Pro337Ser	1
by_gender	female	locationaa	PTPRH_p.Ala314Thr	1
by_gender	female	locationaa	PTPRH_p.Arg1004Gln	1
by_gender	female	locationaa	PTPRH_p.Asp570Asn	1
by_gender	female	locationaa	PTPRJ_p.Asn761Ser	1
by_gender	female	locationaa	PTPRK_p.Glu358Lys	1
by_gender	female	locationaa	PTPRM_p.Arg211Met	1
by_gender	female	locationaa	PTPRM_p.His1262Tyr	1
by_gender	female	locationaa	PTPRM_p.Leu14Ile	1
by_gender	female	locationaa	PTPRM_p.Phe154Leu	1
by_gender	female	locationaa	PTPRM_p.Ser470Arg	1
by_gender	female	locationaa	PTPRM_p.Thr636Met	1
by_gender	female	locationaa	PTPRN2_p.Val447Ile	1
by_gender	female	locationaa	PTPRN_p.Gln81Ter	1
by_gender	female	locationaa	PTPRN_p.Gly616Arg	1
by_gender	female	locationaa	PTPRN_p.Pro267Leu	1
by_gender	female	locationaa	PTPRO_p.Asp1158Glu	1
by_gender	female	locationaa	PTPRO_p.Glu1088Lys	1
by_gender	female	locationaa	PTPRS_p.Ala994Val	1
by_gender	female	locationaa	PTPRS_p.Asp353Asn	1
by_gender	female	locationaa	PTPRS_p.Glu1643Lys	1
by_gender	female	locationaa	PTPRS_p.Phe1859Ser	1
by_gender	female	locationaa	PTPRT_p.Ala813Val	1
by_gender	female	locationaa	PTPRT_p.Ala959Val	1
by_gender	female	locationaa	PTPRT_p.Asn547Ser	1
by_gender	female	locationaa	PTPRT_p.Asp104Asn	1
by_gender	female	locationaa	PTPRT_p.Lys218Glu	1
by_gender	female	locationaa	PTPRT_p.Thr560Ile	1
by_gender	female	locationaa	PTPRU_p.Arg722His	1
by_gender	female	locationaa	PTPRU_p.Glu640Asp	1
by_gender	female	locationaa	PTPRU_p.Gly1010Arg	1
by_gender	female	locationaa	PTPRZ1_p.Asp2123Asn	1
by_gender	female	locationaa	PTPRZ1_p.Glu34Asp	1
by_gender	female	locationaa	PTPRZ1_p.Leu1631Val	1
by_gender	female	locationaa	PTX4_p.Pro236Leu	1
by_gender	female	locationaa	PUM2_p.Asp171Ala	1
by_gender	female	locationaa	PURA_p.Asp158Glu	1
by_gender	female	locationaa	PUS1_p.Ser288Asn	1
by_gender	female	locationaa	PUS3_p.Glu297Asp	1
by_gender	female	locationaa	PUS7L_p.Ile195Val	1
by_gender	female	locationaa	PWP1_p.Glu82Lys	1
by_gender	female	locationaa	PWP1_p.Gly49Asp	1
by_gender	female	locationaa	PWWP2B_p.Ser381Pro	1
by_gender	female	locationaa	PXDNL_p.Ala748Thr	1
by_gender	female	locationaa	PXDNL_p.Arg235Gln	1
by_gender	female	locationaa	PXDNL_p.Ser1324Ile	1
by_gender	female	locationaa	PXDN_p.Ala1155Val	1
by_gender	female	locationaa	PXDN_p.Ala323Val	1
by_gender	female	locationaa	PXDN_p.Ala365Thr	1
by_gender	female	locationaa	PXDN_p.Ala839Val	1
by_gender	female	locationaa	PXDN_p.Gln145His	1
by_gender	female	locationaa	PXDN_p.Glu1196Ala	1
by_gender	female	locationaa	PXDN_p.Gly176Trp	1
by_gender	female	locationaa	PXDN_p.Gly509Cys	1
by_gender	female	locationaa	PXDN_p.Thr1351Ser	1
by_gender	female	locationaa	PXK_p.Arg464Ter	1
by_gender	female	locationaa	PXN_p.Ala154Thr	1
by_gender	female	locationaa	PYCR1_p.Cys159Phe	1
by_gender	female	locationaa	PYGL_p.Arg243Cys	1
by_gender	female	locationaa	PYGM_p.Ala626Ser	1
by_gender	female	locationaa	PYGM_p.Asp662Tyr	1
by_gender	female	locationaa	PYGO2_p.Pro98His	1
by_gender	female	locationaa	PYHIN1_p.Asn256Asp	1
by_gender	female	locationaa	PYHIN1_p.Gln397His	1
by_gender	female	locationaa	PYHIN1_p.Pro161Ser	1
by_gender	female	locationaa	PYROXD1_p.Ser92Ile	1
by_gender	female	locationaa	PZP_p.Arg157Gln	1
by_gender	female	locationaa	QDPR_p.Asp58Asn	1
by_gender	female	locationaa	QKI_p.Arg324Cys	1
by_gender	female	locationaa	QPCT_p.Glu105Lys	1
by_gender	female	locationaa	QRICH1_p.Arg507His	1
by_gender	female	locationaa	QRICH2_p.Asp295Asn	1
by_gender	female	locationaa	QRICH2_p.Leu351Phe	1
by_gender	female	locationaa	QRICH2_p.Pro150Leu	1
by_gender	female	locationaa	QSER1_p.Thr1542Ile	1
by_gender	female	locationaa	QSOX1_p.Arg313Trp	1
by_gender	female	locationaa	QSOX2_p.Ala573Thr	1
by_gender	female	locationaa	R3HDM1_p.Pro564Leu	1
by_gender	female	locationaa	R3HDM4_p.Arg72His	1
by_gender	female	locationaa	RAB11A_p.Arg140Ser	1
by_gender	female	locationaa	RAB11FIP1_p.Ser435Tyr	1
by_gender	female	locationaa	RAB11FIP2_p.Arg221Ter	1
by_gender	female	locationaa	RAB11FIP4_p.Arg486His	1
by_gender	female	locationaa	RAB13_p.Ala65Thr	1
by_gender	female	locationaa	RAB19_p.Arg80His	1
by_gender	female	locationaa	RAB24_p.Arg79Trp	1
by_gender	female	locationaa	RAB27A_p.Ala152Thr	1
by_gender	female	locationaa	RAB28_p.Arg214Ser	1
by_gender	female	locationaa	RAB29_p.Asn176His	1
by_gender	female	locationaa	RAB2A_p.Ser67Phe	1
by_gender	female	locationaa	RAB2B_p.His141Tyr	1
by_gender	female	locationaa	RAB32_p.Ala16Thr	1
by_gender	female	locationaa	RAB33A_p.Gln158His	1
by_gender	female	locationaa	RAB38_p.Ala40Val	1
by_gender	female	locationaa	RAB39A_p.Asp148Val	1
by_gender	female	locationaa	RAB3A_p.Ala90Thr	1
by_gender	female	locationaa	RAB3D_p.Ala209Asp	1
by_gender	female	locationaa	RAB3GAP1_p.Ile807Thr	1
by_gender	female	locationaa	RAB3GAP2_p.Arg145Met	1
by_gender	female	locationaa	RAB3IP_p.Asp412Gly	1
by_gender	female	locationaa	RAB3IP_p.Asp451Asn	1
by_gender	female	locationaa	RAB3IP_p.Ser77Pro	1
by_gender	female	locationaa	RAB40C_p.Ser220Asn	1
by_gender	female	locationaa	RAB43_p.Glu179Ter	1
by_gender	female	locationaa	RAB4B_p.Arg79Gln	1
by_gender	female	locationaa	RAB6B_p.Asp190Asn	1
by_gender	female	locationaa	RAB6C_p.Tyr161Cys	1
by_gender	female	locationaa	RAB8A_p.Tyr77Ter	1
by_gender	female	locationaa	RAB9A_p.Ala109Val	1
by_gender	female	locationaa	RABEP1_p.Arg678Trp	1
by_gender	female	locationaa	RABEP2_p.Arg379Trp	1
by_gender	female	locationaa	RABEPK_p.Ile223Thr	1
by_gender	female	locationaa	RABGAP1L_p.Glu60Lys	1
by_gender	female	locationaa	RABGAP1L_p.His222Arg	1
by_gender	female	locationaa	RABGAP1_p.Leu1007Met	1
by_gender	female	locationaa	RABGEF1_p.Pro499Ser	1
by_gender	female	locationaa	RABGGTB_p.Ile27Val	1
by_gender	female	locationaa	RABL2A_p.Ala63Ser	1
by_gender	female	locationaa	RABL2B_p.Thr117Ala	1
by_gender	female	locationaa	RAC2_p.Gly30Arg	1
by_gender	female	locationaa	RACGAP1_p.Arg523Cys	1
by_gender	female	locationaa	RACGAP1_p.Glu119Lys	1
by_gender	female	locationaa	RAD21_p.His208Tyr	1
by_gender	female	locationaa	RAD21_p.Pro509Leu	1
by_gender	female	locationaa	RAD21_p.Thr390Ala	1
by_gender	female	locationaa	RAD21_p.Val41Met	1
by_gender	female	locationaa	RAD23A_p.Ala183Thr	1
by_gender	female	locationaa	RAD23B_p.Ala237Val	1
by_gender	female	locationaa	RAD51AP1_p.Glu42Ter	1
by_gender	female	locationaa	RAD51AP2_p.Val399Ile	1
by_gender	female	locationaa	RAD51AP2_p.Val718Met	1
by_gender	female	locationaa	RAD51C_p.Glu92Lys	1
by_gender	female	locationaa	RAD54L_p.Ser19Ala	1
by_gender	female	locationaa	RAD54L_p.Ser304Tyr	1
by_gender	female	locationaa	RAD9B_p.Ser354Gly	1
by_gender	female	locationaa	RADIL_p.Arg278Gln	1
by_gender	female	locationaa	RADIL_p.Gly911Asp	1
by_gender	female	locationaa	RAET1L_p.Phe61Leu	1
by_gender	female	locationaa	RAG1_p.Glu384Ter	1
by_gender	female	locationaa	RAI14_p.Arg103Ser	1
by_gender	female	locationaa	RAI14_p.Glu848Ter	1
by_gender	female	locationaa	RAI1_p.Arg1600Trp	1
by_gender	female	locationaa	RAI1_p.Gly1388Arg	1
by_gender	female	locationaa	RAI1_p.Trp914Ter	1
by_gender	female	locationaa	RALBP1_p.Arg43His	1
by_gender	female	locationaa	RALBP1_p.Pro635Ser	1
by_gender	female	locationaa	RALB_p.Arg135Trp	1
by_gender	female	locationaa	RALGAPA1_p.Gly1927Asp	1
by_gender	female	locationaa	RALGAPA1_p.Ser913Tyr	1
by_gender	female	locationaa	RALGAPA1_p.Thr1052Asn	1
by_gender	female	locationaa	RALGAPA2_p.Glu1129Ala	1
by_gender	female	locationaa	RALGAPA2_p.Ile1564Met	1
by_gender	female	locationaa	RALGAPA2_p.Ile186Thr	1
by_gender	female	locationaa	RALGAPB_p.Phe571Leu	1
by_gender	female	locationaa	RALGDS_p.Phe738Leu	1
by_gender	female	locationaa	RALGPS1_p.Glu505Lys	1
by_gender	female	locationaa	RALGPS1_p.Met178Leu	1
by_gender	female	locationaa	RALGPS2_p.Ala527Asp	1
by_gender	female	locationaa	RALGPS2_p.Ser403Tyr	1
by_gender	female	locationaa	RANBP17_p.Arg252Ile	1
by_gender	female	locationaa	RANBP17_p.Arg715Cys	1
by_gender	female	locationaa	RANBP17_p.Gly324Cys	1
by_gender	female	locationaa	RANBP17_p.Tyr845His	1
by_gender	female	locationaa	RANBP1_p.Ala139Val	1
by_gender	female	locationaa	RANBP2_p.Ala196Ser	1
by_gender	female	locationaa	RANBP2_p.Arg454Ter	1
by_gender	female	locationaa	RANBP2_p.Glu2078Ter	1
by_gender	female	locationaa	RANBP2_p.Gly1136Asp	1
by_gender	female	locationaa	RANBP2_p.Lys2725Gln	1
by_gender	female	locationaa	RANBP2_p.Trp444Ter	1
by_gender	female	locationaa	RANBP2_p.Tyr2309His	1
by_gender	female	locationaa	RANBP3L_p.Ser331Ile	1
by_gender	female	locationaa	RANBP3_p.Ala259Val	1
by_gender	female	locationaa	RANBP3_p.Glu339Lys	1
by_gender	female	locationaa	RANGAP1_p.Val518Met	1
by_gender	female	locationaa	RAP1B_p.Arg163Trp	1
by_gender	female	locationaa	RAP1B_p.Val29CysfsTer13	1
by_gender	female	locationaa	RAP1GAP2_p.Ala346Thr	1
by_gender	female	locationaa	RAP1GDS1_p.Ala33Ser	1
by_gender	female	locationaa	RAP2B_p.Asn149_Ile160del	1
by_gender	female	locationaa	RAP2B_p.Trp138Leu	1
by_gender	female	locationaa	RAP2C_p.Thr179Asn	1
by_gender	female	locationaa	RAPGEF2_p.Arg1477His	1
by_gender	female	locationaa	RAPGEF2_p.Glu704Lys	1
by_gender	female	locationaa	RAPGEF2_p.Ser959Cys	1
by_gender	female	locationaa	RAPGEF3_p.Arg516Ter	1
by_gender	female	locationaa	RAPGEF4_p.Ile354Ser	1
by_gender	female	locationaa	RAPGEF4_p.Trp785Arg	1
by_gender	female	locationaa	RAPGEF5_p.Ala322Val	1
by_gender	female	locationaa	RAPGEF6_p.Ala1061Ser	1
by_gender	female	locationaa	RAPGEF6_p.Ser81Phe	1
by_gender	female	locationaa	RAPGEF6_p.Thr387Ile	1
by_gender	female	locationaa	RAPH1_p.Arg501His	1
by_gender	female	locationaa	RARB_p.Ser67Arg	1
by_gender	female	locationaa	RARG_p.Gln221Ter	1
by_gender	female	locationaa	RARG_p.Gly291Arg	1
by_gender	female	locationaa	RARS1_p.Val232Met	1
by_gender	female	locationaa	RARS2_p.Gly382Ter	1
by_gender	female	locationaa	RARS2_p.Phe244Leu	1
by_gender	female	locationaa	RASA1_p.Ser705Pro	1
by_gender	female	locationaa	RASA2_p.Ile441Val	1
by_gender	female	locationaa	RASA2_p.Lys423Thr	1
by_gender	female	locationaa	RASA3_p.Arg132Trp	1
by_gender	female	locationaa	RASAL1_p.Arg487Gln	1
by_gender	female	locationaa	RASAL1_p.Ser350Leu	1
by_gender	female	locationaa	RASAL2_p.Arg1109Trp	1
by_gender	female	locationaa	RASAL2_p.Leu1126Arg	1
by_gender	female	locationaa	RASAL2_p.Pro110His	1
by_gender	female	locationaa	RASD2_p.Ala131Val	1
by_gender	female	locationaa	RASGEF1A_p.Ala454Thr	1
by_gender	female	locationaa	RASGEF1C_p.Ser357Asn	1
by_gender	female	locationaa	RASGRF1_p.His145Gln	1
by_gender	female	locationaa	RASGRF2_p.Ile590Val	1
by_gender	female	locationaa	RASGRP1_p.Gly618Ter	1
by_gender	female	locationaa	RASGRP1_p.Ser304Asn	1
by_gender	female	locationaa	RASGRP2_p.Ala282Thr	1
by_gender	female	locationaa	RASL11B_p.Ala237Ser	1
by_gender	female	locationaa	RASL11B_p.Val190Ala	1
by_gender	female	locationaa	RASSF2_p.Ser181LeufsTer13	1
by_gender	female	locationaa	RASSF6_p.Asp305Tyr	1
by_gender	female	locationaa	RASSF6_p.Gln261His	1
by_gender	female	locationaa	RASSF8_p.Arg87Ter	1
by_gender	female	locationaa	RAVER1_p.Ala312Thr	1
by_gender	female	locationaa	RAVER2_p.Ser376Ile	1
by_gender	female	locationaa	RB1CC1_p.Arg83Cys	1
by_gender	female	locationaa	RB1CC1_p.Asn1171LysfsTer8	1
by_gender	female	locationaa	RB1CC1_p.Leu430Met	1
by_gender	female	locationaa	RB1CC1_p.Pro493His	1
by_gender	female	locationaa	RB1_p.Lys913Arg	1
by_gender	female	locationaa	RB1_p.Pro515Thr	1
by_gender	female	locationaa	RBBP6_p.Ala1204Val	1
by_gender	female	locationaa	RBBP7_p.Glu125Lys	1
by_gender	female	locationaa	RBBP8_p.Arg536Cys	1
by_gender	female	locationaa	RBBP8_p.Ser13Cys	1
by_gender	female	locationaa	RBBP9_p.Arg109Cys	1
by_gender	female	locationaa	RBCK1_p.Arg210Trp	1
by_gender	female	locationaa	RBCK1_p.Glu9Ter	1
by_gender	female	locationaa	RBFA_p.Arg137Ter	1
by_gender	female	locationaa	RBFA_p.Gly64Cys	1
by_gender	female	locationaa	RBFOX1_p.Asp132Gly	1
by_gender	female	locationaa	RBIS_p.Ala53Ser	1
by_gender	female	locationaa	RBKS_p.Ala238Val	1
by_gender	female	locationaa	RBL1_p.Asn149His	1
by_gender	female	locationaa	RBL2_p.Gly1043Ser	1
by_gender	female	locationaa	RBL2_p.Pro987His	1
by_gender	female	locationaa	RBM10_p.Arg230Ter	1
by_gender	female	locationaa	RBM10_p.Arg396His	1
by_gender	female	locationaa	RBM10_p.Gln274HisfsTer34	1
by_gender	female	locationaa	RBM10_p.Leu304PhefsTer4	1
by_gender	female	locationaa	RBM11_p.Gly72Val	1
by_gender	female	locationaa	RBM15_p.Ala185Val	1
by_gender	female	locationaa	RBM15_p.Arg717Ter	1
by_gender	female	locationaa	RBM17_p.Ala368Val	1
by_gender	female	locationaa	RBM19_p.Thr587Ile	1
by_gender	female	locationaa	RBM24_p.Val83Met	1
by_gender	female	locationaa	RBM25_p.Arg383Gln	1
by_gender	female	locationaa	RBM26_p.Lys47Glu	1
by_gender	female	locationaa	RBM27_p.Arg974His	1
by_gender	female	locationaa	RBM28_p.Arg365Cys	1
by_gender	female	locationaa	RBM28_p.Gly155Ser	1
by_gender	female	locationaa	RBM28_p.Ser308Asn	1
by_gender	female	locationaa	RBM33_p.Thr373Ile	1
by_gender	female	locationaa	RBM38_p.Ser49Ter	1
by_gender	female	locationaa	RBM39_p.Arg80Gln	1
by_gender	female	locationaa	RBM42_p.Leu464Met	1
by_gender	female	locationaa	RBM45_p.Cys90Tyr	1
by_gender	female	locationaa	RBM46_p.Lys153Asn	1
by_gender	female	locationaa	RBM46_p.Ser509Pro	1
by_gender	female	locationaa	RBM47_p.Arg129Cys	1
by_gender	female	locationaa	RBM48_p.Gly310Ter	1
by_gender	female	locationaa	RBM4B_p.Arg307His	1
by_gender	female	locationaa	RBM6_p.Thr683Ala	1
by_gender	female	locationaa	RBM7_p.Gln217His	1
by_gender	female	locationaa	RBM7_p.Ser178Asn	1
by_gender	female	locationaa	RBM8A_p.Lys92Asn	1
by_gender	female	locationaa	RBMS1_p.Lys162Arg	1
by_gender	female	locationaa	RBMS1_p.Thr73Ala	1
by_gender	female	locationaa	RBMS3_p.Met151Arg	1
by_gender	female	locationaa	RBMX2_p.Arg191His	1
by_gender	female	locationaa	RBMXL2_p.Ser337Leu	1
by_gender	female	locationaa	RBP2_p.Ala23Thr	1
by_gender	female	locationaa	RBPJ_p.Gly106Ter	1
by_gender	female	locationaa	RBPJ_p.Ser281Ala	1
by_gender	female	locationaa	RBSN_p.Gln367Lys	1
by_gender	female	locationaa	RBSN_p.Val118Ala	1
by_gender	female	locationaa	RC3H2_p.Arg150Ile	1
by_gender	female	locationaa	RC3H2_p.Asp22Asn	1
by_gender	female	locationaa	RC3H2_p.Pro491Ser	1
by_gender	female	locationaa	RCBTB1_p.Asp3Asn	1
by_gender	female	locationaa	RCC1_p.Arg325Trp	1
by_gender	female	locationaa	RCC2_p.His213Pro	1
by_gender	female	locationaa	RCC2_p.Ser245Ile	1
by_gender	female	locationaa	RCE1_p.Ala46Thr	1
by_gender	female	locationaa	RCOR1_p.Trp236Ter	1
by_gender	female	locationaa	RCSD1_p.Ala305Ser	1
by_gender	female	locationaa	RDH10_p.Pro262His	1
by_gender	female	locationaa	RDH10_p.Pro285Leu	1
by_gender	female	locationaa	RDH11_p.Ile85Leu	1
by_gender	female	locationaa	RDH16_p.Arg52Gln	1
by_gender	female	locationaa	RDH8_p.Leu146Arg	1
by_gender	female	locationaa	RDX_p.Arg379Ter	1
by_gender	female	locationaa	RDX_p.Arg381Ter	1
by_gender	female	locationaa	RDX_p.Glu301Gly	1
by_gender	female	locationaa	RDX_p.Leu216Val	1
by_gender	female	locationaa	RECK_p.Lys469Asn	1
by_gender	female	locationaa	RECQL_p.Leu42Met	1
by_gender	female	locationaa	REEP1_p.Arg147Ile	1
by_gender	female	locationaa	REG3A_p.Ser152Asn	1
by_gender	female	locationaa	REG3G_p.Ser39Arg	1
by_gender	female	locationaa	RELA_p.Ala332Asp	1
by_gender	female	locationaa	RELCH_p.Gln1176Ter	1
by_gender	female	locationaa	RELCH_p.Met520Val	1
by_gender	female	locationaa	RELN_p.Arg754Trp	1
by_gender	female	locationaa	RELN_p.Pro2444Ser	1
by_gender	female	locationaa	RELN_p.Ser2067Tyr	1
by_gender	female	locationaa	RELN_p.Tyr2928Cys	1
by_gender	female	locationaa	RELN_p.Val3139Ala	1
by_gender	female	locationaa	REL_p.Val257Ile	1
by_gender	female	locationaa	REM1_p.Pro30Thr	1
by_gender	female	locationaa	REM2_p.Arg53Trp	1
by_gender	female	locationaa	RENBP_p.Val165Ile	1
by_gender	female	locationaa	REN_p.Val223Ile	1
by_gender	female	locationaa	REPIN1_p.Ala542Thr	1
by_gender	female	locationaa	REPIN1_p.Leu204Met	1
by_gender	female	locationaa	REPS1_p.Ala449Asp	1
by_gender	female	locationaa	REPS1_p.Arg269Cys	1
by_gender	female	locationaa	REPS1_p.Val571Phe	1
by_gender	female	locationaa	RERE_p.Arg1405Cys	1
by_gender	female	locationaa	RERE_p.Gln672Ter	1
by_gender	female	locationaa	RERE_p.Pro553Leu	1
by_gender	female	locationaa	RERGL_p.Glu137Ala	1
by_gender	female	locationaa	RERG_p.Val116Ile	1
by_gender	female	locationaa	REST_p.Asp210Tyr	1
by_gender	female	locationaa	REST_p.Gln405His	1
by_gender	female	locationaa	REST_p.Gly604Arg	1
by_gender	female	locationaa	REST_p.Met6Thr	1
by_gender	female	locationaa	REST_p.Ser113Arg	1
by_gender	female	locationaa	RETSAT_p.Ala605Thr	1
by_gender	female	locationaa	RETSAT_p.Glu115Lys	1
by_gender	female	locationaa	RETSAT_p.Tyr409Cys	1
by_gender	female	locationaa	RET_p.Ala756Asp	1
by_gender	female	locationaa	RET_p.Arg57Trp	1
by_gender	female	locationaa	RET_p.Arg770Ter	1
by_gender	female	locationaa	RET_p.Arg844Trp	1
by_gender	female	locationaa	RET_p.Phe329Leu	1
by_gender	female	locationaa	RET_p.Pro1070Ser	1
by_gender	female	locationaa	REV1_p.Pro702Ser	1
by_gender	female	locationaa	REV3L_p.Ala1875Asp	1
by_gender	female	locationaa	REV3L_p.Arg1494Trp	1
by_gender	female	locationaa	REV3L_p.Gln1905His	1
by_gender	female	locationaa	REV3L_p.Lys299Gln	1
by_gender	female	locationaa	REXO1_p.Val896Met	1
by_gender	female	locationaa	REXO2_p.His18Arg	1
by_gender	female	locationaa	REXO5_p.Gly669Asp	1
by_gender	female	locationaa	REXO5_p.Ser527Arg	1
by_gender	female	locationaa	RFC1_p.Arg616Gln	1
by_gender	female	locationaa	RFC1_p.Asp1092Tyr	1
by_gender	female	locationaa	RFC1_p.Pro267Leu	1
by_gender	female	locationaa	RFFL_p.Ala184Val	1
by_gender	female	locationaa	RFFL_p.Arg145Lys	1
by_gender	female	locationaa	RFK_p.Arg104Lys	1
by_gender	female	locationaa	RFLNA_p.Arg160His	1
by_gender	female	locationaa	RFLNA_p.Glu81Gly	1
by_gender	female	locationaa	RFLNA_p.His184Tyr	1
by_gender	female	locationaa	RFPL4B_p.Ser159Phe	1
by_gender	female	locationaa	RFTN2_p.Lys392Glu	1
by_gender	female	locationaa	RFWD3_p.Val341Ile	1
by_gender	female	locationaa	RFX1_p.Leu491Met	1
by_gender	female	locationaa	RFX5_p.Glu187Ter	1
by_gender	female	locationaa	RFX6_p.Arg171Cys	1
by_gender	female	locationaa	RFX6_p.Gly659Ter	1
by_gender	female	locationaa	RFX6_p.Leu177Ile	1
by_gender	female	locationaa	RFX6_p.Thr124Met	1
by_gender	female	locationaa	RFX6_p.Val405Ala	1
by_gender	female	locationaa	RFX7_p.Ala432Val	1
by_gender	female	locationaa	RFX7_p.Thr1252Ile	1
by_gender	female	locationaa	RGL1_p.Tyr468Ter	1
by_gender	female	locationaa	RGMB_p.Arg294Cys	1
by_gender	female	locationaa	RGR_p.Ser171Tyr	1
by_gender	female	locationaa	RGS10_p.Ser13Ile	1
by_gender	female	locationaa	RGS12_p.Ala1408Asp	1
by_gender	female	locationaa	RGS12_p.Arg261His	1
by_gender	female	locationaa	RGS12_p.Glu248Lys	1
by_gender	female	locationaa	RGS12_p.Gly145Arg	1
by_gender	female	locationaa	RGS17_p.Cys31Trp	1
by_gender	female	locationaa	RGS1_p.Met65Val	1
by_gender	female	locationaa	RGS22_p.Leu264Met	1
by_gender	female	locationaa	RGS7_p.Ala195Ser	1
by_gender	female	locationaa	RGS7_p.Ser403Arg	1
by_gender	female	locationaa	RGS8_p.Ala54Val	1
by_gender	female	locationaa	RGS9_p.Glu425Asp	1
by_gender	female	locationaa	RHBDF1_p.Ala219Thr	1
by_gender	female	locationaa	RHBDF1_p.Ala728Thr	1
by_gender	female	locationaa	RHBDL3_p.Ala309Asp	1
by_gender	female	locationaa	RHBG_p.Gln65His	1
by_gender	female	locationaa	RHCE_p.Gly360Asp	1
by_gender	female	locationaa	RHCE_p.His260Tyr	1
by_gender	female	locationaa	RHD_p.Ala46Thr	1
by_gender	female	locationaa	RHOA_p.Tyr66Asn	1
by_gender	female	locationaa	RHOBTB1_p.Arg323Trp	1
by_gender	female	locationaa	RHOBTB1_p.Arg94His	1
by_gender	female	locationaa	RHOBTB2_p.Leu297Ile	1
by_gender	female	locationaa	RHOBTB3_p.Ala132Val	1
by_gender	female	locationaa	RHOBTB3_p.His279Pro	1
by_gender	female	locationaa	RHOC_p.Arg176Trp	1
by_gender	female	locationaa	RHOD_p.Arg80His	1
by_gender	female	locationaa	RHOH_p.Ala133Ser	1
by_gender	female	locationaa	RHOT2_p.Glu39Asp	1
by_gender	female	locationaa	RHOT2_p.Pro340Ser	1
by_gender	female	locationaa	RHOV_p.Cys234Gly	1
by_gender	female	locationaa	RIBC1_p.Ala191Thr	1
by_gender	female	locationaa	RIC1_p.Asp1419Glu	1
by_gender	female	locationaa	RIC1_p.Gln191Arg	1
by_gender	female	locationaa	RIC1_p.Gly542Cys	1
by_gender	female	locationaa	RIC8B_p.Thr61Ile	1
by_gender	female	locationaa	RICTOR_p.Arg1670Gln	1
by_gender	female	locationaa	RICTOR_p.Asp1316Asn	1
by_gender	female	locationaa	RICTOR_p.Lys1382Gln	1
by_gender	female	locationaa	RICTOR_p.Pro950Ser	1
by_gender	female	locationaa	RICTOR_p.Thr1222Ile	1
by_gender	female	locationaa	RIF1_p.Ser849Tyr	1
by_gender	female	locationaa	RIF1_p.Val1399Ala	1
by_gender	female	locationaa	RILPL1_p.Arg211Gln	1
by_gender	female	locationaa	RILPL1_p.Pro266Ser	1
by_gender	female	locationaa	RIMBP2_p.Leu862Phe	1
by_gender	female	locationaa	RIMBP3_p.Gly980Cys	1
by_gender	female	locationaa	RIMKLA_p.Ala163Asp	1
by_gender	female	locationaa	RIMKLB_p.Ser347Arg	1
by_gender	female	locationaa	RIMS1_p.Arg776Cys	1
by_gender	female	locationaa	RIMS1_p.Gly145Arg	1
by_gender	female	locationaa	RIMS2_p.Arg294Lys	1
by_gender	female	locationaa	RIMS2_p.Phe1001Tyr	1
by_gender	female	locationaa	RIMS4_p.Arg138Gln	1
by_gender	female	locationaa	RIMS4_p.Arg36Trp	1
by_gender	female	locationaa	RIMS4_p.Glu131Lys	1
by_gender	female	locationaa	RIN1_p.Leu287Ile	1
by_gender	female	locationaa	RIN3_p.Leu559Met	1
by_gender	female	locationaa	RING1_p.Pro319Ser	1
by_gender	female	locationaa	RINL_p.Leu474Met	1
by_gender	female	locationaa	RINT1_p.Arg104Gln	1
by_gender	female	locationaa	RINT1_p.Arg609Cys	1
by_gender	female	locationaa	RINT1_p.Asp48Tyr	1
by_gender	female	locationaa	RINT1_p.Glu292Ter	1
by_gender	female	locationaa	RINT1_p.Glu353Ala	1
by_gender	female	locationaa	RIOK1_p.Arg301Trp	1
by_gender	female	locationaa	RIOK3_p.Arg326His	1
by_gender	female	locationaa	RIPK3_p.Glu428Asp	1
by_gender	female	locationaa	RIPK3_p.Ser58Tyr	1
by_gender	female	locationaa	RIPK4_p.Ala186Thr	1
by_gender	female	locationaa	RIPK4_p.Arg607Ter	1
by_gender	female	locationaa	RIPK4_p.Arg707Gln	1
by_gender	female	locationaa	RIPOR1_p.Arg912His	1
by_gender	female	locationaa	RIPOR1_p.Arg939Ter	1
by_gender	female	locationaa	RIPOR1_p.Ser1125Leu	1
by_gender	female	locationaa	RLBP1_p.Leu148Ile	1
by_gender	female	locationaa	RLF_p.Leu840Ile	1
by_gender	female	locationaa	RLN2_p.Ala168Val	1
by_gender	female	locationaa	RMC1_p.His230del	1
by_gender	female	locationaa	RMC1_p.Val23Ala	1
by_gender	female	locationaa	RMDN1_p.Phe258Leu	1
by_gender	female	locationaa	RMDN2_p.Arg222His	1
by_gender	female	locationaa	RMDN3_p.Ser155Asn	1
by_gender	female	locationaa	RMND1_p.Leu28Ile	1
by_gender	female	locationaa	RNASE11_p.Ser173Ile	1
by_gender	female	locationaa	RNASE13_p.Gln104His	1
by_gender	female	locationaa	RNASEH2A_p.Ser298Ile	1
by_gender	female	locationaa	RNASEH2B_p.Ile209Thr	1
by_gender	female	locationaa	RNASEL_p.Glu262Asp	1
by_gender	female	locationaa	RNASET2_p.Gln189His	1
by_gender	female	locationaa	RND3_p.Ala172Thr	1
by_gender	female	locationaa	RND3_p.Met244Thr	1
by_gender	female	locationaa	RNF103_p.Ala403Asp	1
by_gender	female	locationaa	RNF103_p.Ser586Ile	1
by_gender	female	locationaa	RNF10_p.Arg65His	1
by_gender	female	locationaa	RNF111_p.Gln632His	1
by_gender	female	locationaa	RNF114_p.Gln114Glu	1
by_gender	female	locationaa	RNF115_p.Arg125Gln	1
by_gender	female	locationaa	RNF123_p.Arg1131Cys	1
by_gender	female	locationaa	RNF123_p.Arg125His	1
by_gender	female	locationaa	RNF123_p.Arg566Cys	1
by_gender	female	locationaa	RNF123_p.Glu850Lys	1
by_gender	female	locationaa	RNF123_p.Leu1176Met	1
by_gender	female	locationaa	RNF123_p.Ser1028Ile	1
by_gender	female	locationaa	RNF123_p.Ser723Ile	1
by_gender	female	locationaa	RNF128_p.Ile166Ser	1
by_gender	female	locationaa	RNF128_p.Ile218Ser	1
by_gender	female	locationaa	RNF13_p.Gly91Asp	1
by_gender	female	locationaa	RNF146_p.Arg333Gln	1
by_gender	female	locationaa	RNF148_p.Asn33His	1
by_gender	female	locationaa	RNF152_p.Ala80Thr	1
by_gender	female	locationaa	RNF152_p.Val178Ile	1
by_gender	female	locationaa	RNF157_p.Val443Met	1
by_gender	female	locationaa	RNF168_p.Arg131Ter	1
by_gender	female	locationaa	RNF169_p.Gln298His	1
by_gender	female	locationaa	RNF17_p.Glu917Ala	1
by_gender	female	locationaa	RNF17_p.Thr1073Pro	1
by_gender	female	locationaa	RNF19A_p.Ala641Thr	1
by_gender	female	locationaa	RNF19B_p.Ala365Asp	1
by_gender	female	locationaa	RNF208_p.Ala32Val	1
by_gender	female	locationaa	RNF20_p.Glu179Lys	1
by_gender	female	locationaa	RNF213_p.Gly3031Asp	1
by_gender	female	locationaa	RNF213_p.Ile835Phe	1
by_gender	female	locationaa	RNF213_p.Lys3737Asn	1
by_gender	female	locationaa	RNF213_p.Phe4204Val	1
by_gender	female	locationaa	RNF213_p.Thr5031Ile	1
by_gender	female	locationaa	RNF214_p.Val6Ala	1
by_gender	female	locationaa	RNF215_p.Gln123Arg	1
by_gender	female	locationaa	RNF220_p.Arg154His	1
by_gender	female	locationaa	RNF220_p.Cys227Ter	1
by_gender	female	locationaa	RNF24_p.Cys104Tyr	1
by_gender	female	locationaa	RNF31_p.Val149Ile	1
by_gender	female	locationaa	RNF40_p.Arg463His	1
by_gender	female	locationaa	RNF43_p.Ser486Ile	1
by_gender	female	locationaa	RNF43_p.Ser720Leu	1
by_gender	female	locationaa	RNF43_p.Ser94Ile	1
by_gender	female	locationaa	RNF43_p.Val205TrpfsTer7	1
by_gender	female	locationaa	RNF43_p.Val287GlyfsTer7	1
by_gender	female	locationaa	RNF44_p.Ser365Leu	1
by_gender	female	locationaa	RNF6_p.Asp501Glu	1
by_gender	female	locationaa	RNF8_p.Ile427Val	1
by_gender	female	locationaa	RNF8_p.Thr152Ile	1
by_gender	female	locationaa	RNPEP_p.Glu515Lys	1
by_gender	female	locationaa	ROBO1_p.Arg1170Ile	1
by_gender	female	locationaa	ROBO1_p.Arg513Ter	1
by_gender	female	locationaa	ROBO1_p.Gln1288His	1
by_gender	female	locationaa	ROBO1_p.Ile890Met	1
by_gender	female	locationaa	ROBO1_p.Lys440Asn	1
by_gender	female	locationaa	ROBO2_p.Met22Thr	1
by_gender	female	locationaa	ROBO2_p.Pro922Ser	1
by_gender	female	locationaa	ROBO3_p.Asp137Asn	1
by_gender	female	locationaa	ROBO3_p.Val1308Met	1
by_gender	female	locationaa	ROBO4_p.Arg606Cys	1
by_gender	female	locationaa	ROBO4_p.Pro252Ser	1
by_gender	female	locationaa	ROCK1_p.Arg494Ile	1
by_gender	female	locationaa	ROCK2_p.Asp1131Gly	1
by_gender	female	locationaa	ROMO1_p.Gly57Val	1
by_gender	female	locationaa	ROR1_p.Ser49Ala	1
by_gender	female	locationaa	RORA_p.Asn202Asp	1
by_gender	female	locationaa	ROS1_p.Gln617His	1
by_gender	female	locationaa	ROS1_p.Lys2307Asn	1
by_gender	female	locationaa	ROS1_p.Trp21Ter	1
by_gender	female	locationaa	ROS1_p.Val785Met	1
by_gender	female	locationaa	RP1L1_p.Ala2303Ser	1
by_gender	female	locationaa	RP1L1_p.Gln1994His	1
by_gender	female	locationaa	RP1_p.Arg338Ter	1
by_gender	female	locationaa	RP1_p.Asn1461Thr	1
by_gender	female	locationaa	RP1_p.Asn950Thr	1
by_gender	female	locationaa	RPA1_p.Thr211Ile	1
by_gender	female	locationaa	RPA2_p.Ser29Leu	1
by_gender	female	locationaa	RPA3_p.Pro24Leu	1
by_gender	female	locationaa	RPAP1_p.Ala967Val	1
by_gender	female	locationaa	RPAP2_p.Asp597Gly	1
by_gender	female	locationaa	RPAP3_p.Ala342Thr	1
by_gender	female	locationaa	RPE_p.Arg109Gln	1
by_gender	female	locationaa	RPE_p.Trp162Leu	1
by_gender	female	locationaa	RPGRIP1L_p.Arg649Ter	1
by_gender	female	locationaa	RPGRIP1_p.Ile465Met	1
by_gender	female	locationaa	RPH3A_p.Arg97His	1
by_gender	female	locationaa	RPL10L_p.Arg153His	1
by_gender	female	locationaa	RPL18A_p.Cys109Ter	1
by_gender	female	locationaa	RPL28_p.Arg112His	1
by_gender	female	locationaa	RPL34_p.Ala94Thr	1
by_gender	female	locationaa	RPL35_p.Arg112Trp	1
by_gender	female	locationaa	RPL3L_p.Arg348Ile	1
by_gender	female	locationaa	RPL4_p.Ala360Thr	1
by_gender	female	locationaa	RPL4_p.Lys162Asn	1
by_gender	female	locationaa	RPL7A_p.Leu261Phe	1
by_gender	female	locationaa	RPP14_p.Tyr66Ser	1
by_gender	female	locationaa	RPP30_p.Pro200Ser	1
by_gender	female	locationaa	RPRD2_p.Ala1083Gly	1
by_gender	female	locationaa	RPRD2_p.Ser785LeufsTer29	1
by_gender	female	locationaa	RPS11_p.Arg105Cys	1
by_gender	female	locationaa	RPS11_p.Arg71Trp	1
by_gender	female	locationaa	RPS28_p.Ser41Tyr	1
by_gender	female	locationaa	RPS6KA2_p.Val688Met	1
by_gender	female	locationaa	RPS6KA4_p.Asp305Asn	1
by_gender	female	locationaa	RPS6KA4_p.Glu630Lys	1
by_gender	female	locationaa	RPS6KA4_p.Val756Ile	1
by_gender	female	locationaa	RPS6KA5_p.Arg543Met	1
by_gender	female	locationaa	RPS6KA6_p.Arg734Ter	1
by_gender	female	locationaa	RPS6KA6_p.Gln383Glu	1
by_gender	female	locationaa	RPS6KB2_p.Gly206Asp	1
by_gender	female	locationaa	RPS6KC1_p.Ala896Ser	1
by_gender	female	locationaa	RPSA_p.Arg80Met	1
by_gender	female	locationaa	RPTN_p.Ala227Thr	1
by_gender	female	locationaa	RPTOR_p.Ala1111Val	1
by_gender	female	locationaa	RPTOR_p.Arg139His	1
by_gender	female	locationaa	RPTOR_p.Pro896Ser	1
by_gender	female	locationaa	RRAD_p.Glu272Asp	1
by_gender	female	locationaa	RRAGA_p.Ala120Val	1
by_gender	female	locationaa	RRAGB_p.Arg71His	1
by_gender	female	locationaa	RRAGD_p.Glu284Gln	1
by_gender	female	locationaa	RRAGD_p.Gly120Ter	1
by_gender	female	locationaa	RRBP1_p.Arg883Cys	1
by_gender	female	locationaa	RREB1_p.Arg167Ter	1
by_gender	female	locationaa	RREB1_p.Gln313Ter	1
by_gender	female	locationaa	RREB1_p.Glu312Asp	1
by_gender	female	locationaa	RREB1_p.Thr692Met	1
by_gender	female	locationaa	RRH_p.Arg123Ter	1
by_gender	female	locationaa	RRM1_p.Ala126Thr	1
by_gender	female	locationaa	RRM2B_p.Ala189Val	1
by_gender	female	locationaa	RRP8_p.Arg245Gln	1
by_gender	female	locationaa	RRP8_p.Arg396His	1
by_gender	female	locationaa	RS1_p.Glu159Ter	1
by_gender	female	locationaa	RS1_p.Glu30Lys	1
by_gender	female	locationaa	RSBN1_p.Leu422Val	1
by_gender	female	locationaa	RSC1A1_p.Asp226Asn	1
by_gender	female	locationaa	RSL1D1_p.Val126Ile	1
by_gender	female	locationaa	RSL24D1_p.Asn87Ile	1
by_gender	female	locationaa	RSPH10B_p.Pro477Ser	1
by_gender	female	locationaa	RSPH4A_p.Arg439Lys	1
by_gender	female	locationaa	RSPH4A_p.Gln212Ter	1
by_gender	female	locationaa	RSPO1_p.Asp85Asn	1
by_gender	female	locationaa	RSPO3_p.Gln181His	1
by_gender	female	locationaa	RSPO4_p.Ser159Leu	1
by_gender	female	locationaa	RTEL1_p.Gly805Arg	1
by_gender	female	locationaa	RTL10_p.Leu303Met	1
by_gender	female	locationaa	RTL10_p.Trp112Ter	1
by_gender	female	locationaa	RTL3_p.Ala220Thr	1
by_gender	female	locationaa	RTL5_p.Arg367Met	1
by_gender	female	locationaa	RTL5_p.Pro128Leu	1
by_gender	female	locationaa	RTL6_p.Glu135Asp	1
by_gender	female	locationaa	RTL9_p.Ala662Ser	1
by_gender	female	locationaa	RTL9_p.Gln745Ter	1
by_gender	female	locationaa	RTN1_p.Arg273Lys	1
by_gender	female	locationaa	RTN2_p.Arg496Trp	1
by_gender	female	locationaa	RTN2_p.Arg78His	1
by_gender	female	locationaa	RTN2_p.Ser334Ile	1
by_gender	female	locationaa	RTN3_p.Gln904His	1
by_gender	female	locationaa	RTN3_p.Pro603Ser	1
by_gender	female	locationaa	RTN3_p.Ser424Tyr	1
by_gender	female	locationaa	RTN3_p.Ser957Thr	1
by_gender	female	locationaa	RTN4R_p.Gly432Asp	1
by_gender	female	locationaa	RTN4_p.Ser966Asn	1
by_gender	female	locationaa	RTP5_p.Arg535Met	1
by_gender	female	locationaa	RTP5_p.Asp267Tyr	1
by_gender	female	locationaa	RTTN_p.Met435Thr	1
by_gender	female	locationaa	RUBCNL_p.Ala115Thr	1
by_gender	female	locationaa	RUBCNL_p.Ala51Thr	1
by_gender	female	locationaa	RUBCN_p.Arg720Cys	1
by_gender	female	locationaa	RUBCN_p.Leu969Met	1
by_gender	female	locationaa	RUBCN_p.Ser111Ile	1
by_gender	female	locationaa	RUFY1_p.Gly135Cys	1
by_gender	female	locationaa	RUFY3_p.Arg315Ter	1
by_gender	female	locationaa	RUFY3_p.Glu352Asp	1
by_gender	female	locationaa	RUNX1T1_p.Arg473Gln	1
by_gender	female	locationaa	RUNX2_p.Thr476Ile	1
by_gender	female	locationaa	RUNX3_p.Pro11Leu	1
by_gender	female	locationaa	RUSC1_p.Gly888Val	1
by_gender	female	locationaa	RUSC2_p.Ala532Val	1
by_gender	female	locationaa	RUSC2_p.Asp568Asn	1
by_gender	female	locationaa	RUSC2_p.His849Gln	1
by_gender	female	locationaa	RUVBL2_p.Gly219Cys	1
by_gender	female	locationaa	RUVBL2_p.Gly66Val	1
by_gender	female	locationaa	RXFP1_p.Pro431Leu	1
by_gender	female	locationaa	RYBP_p.Glu129Ter	1
by_gender	female	locationaa	RYR1_p.Ala2598Val	1
by_gender	female	locationaa	RYR1_p.Arg1043His	1
by_gender	female	locationaa	RYR1_p.Arg1707Cys	1
by_gender	female	locationaa	RYR1_p.Asp2861Asn	1
by_gender	female	locationaa	RYR1_p.Glu49Asp	1
by_gender	female	locationaa	RYR1_p.Leu3890Ile	1
by_gender	female	locationaa	RYR1_p.Phe4672Cys	1
by_gender	female	locationaa	RYR1_p.Pro4531His	1
by_gender	female	locationaa	RYR2_p.Ala1325Asp	1
by_gender	female	locationaa	RYR2_p.Ala1950Val	1
by_gender	female	locationaa	RYR2_p.Arg3550Ile	1
by_gender	female	locationaa	RYR2_p.Asn2195Lys	1
by_gender	female	locationaa	RYR2_p.Gln4911His	1
by_gender	female	locationaa	RYR2_p.Ser1638Phe	1
by_gender	female	locationaa	RYR3_p.Ala1081Val	1
by_gender	female	locationaa	RYR3_p.Arg127Lys	1
by_gender	female	locationaa	RYR3_p.Arg2704Leu	1
by_gender	female	locationaa	RYR3_p.Arg2704Ter	1
by_gender	female	locationaa	RYR3_p.Arg3355Trp	1
by_gender	female	locationaa	RYR3_p.Asp667Asn	1
by_gender	female	locationaa	RYR3_p.Gly3148Val	1
by_gender	female	locationaa	RYR3_p.Leu1598Phe	1
by_gender	female	locationaa	RYR3_p.Leu524Met	1
by_gender	female	locationaa	RYR3_p.Phe1866Leu	1
by_gender	female	locationaa	RYR3_p.Phe4462Leu	1
by_gender	female	locationaa	RYR3_p.Pro1713His	1
by_gender	female	locationaa	RYR3_p.Pro677Leu	1
by_gender	female	locationaa	RYR3_p.Ser3939Tyr	1
by_gender	female	locationaa	RYR3_p.Thr428Ala	1
by_gender	female	locationaa	S100A11_p.Lys55Glu	1
by_gender	female	locationaa	S1PR1_p.Pro196Leu	1
by_gender	female	locationaa	S1PR5_p.Ala87Thr	1
by_gender	female	locationaa	SACS_p.Ala2242Thr	1
by_gender	female	locationaa	SACS_p.Arg2426Ter	1
by_gender	female	locationaa	SACS_p.Arg4331Gln	1
by_gender	female	locationaa	SACS_p.Arg4448His	1
by_gender	female	locationaa	SACS_p.Arg976His	1
by_gender	female	locationaa	SACS_p.Gln388His	1
by_gender	female	locationaa	SACS_p.Gln3941Ter	1
by_gender	female	locationaa	SACS_p.Glu2405Ter	1
by_gender	female	locationaa	SACS_p.Gly2623Val	1
by_gender	female	locationaa	SACS_p.Gly264Asp	1
by_gender	female	locationaa	SACS_p.Lys1973Asn	1
by_gender	female	locationaa	SACS_p.Ser4068Ile	1
by_gender	female	locationaa	SAFB_p.Ala153Asp	1
by_gender	female	locationaa	SALL1_p.Gly967Val	1
by_gender	female	locationaa	SALL4_p.Ala867Thr	1
by_gender	female	locationaa	SALL4_p.Glu796Lys	1
by_gender	female	locationaa	SALL4_p.Gly737Asp	1
by_gender	female	locationaa	SALL4_p.Thr71Met	1
by_gender	female	locationaa	SAMD11_p.Lys661Asn	1
by_gender	female	locationaa	SAMD14_p.Arg189His	1
by_gender	female	locationaa	SAMD15_p.Leu612Val	1
by_gender	female	locationaa	SAMD3_p.Arg223Gln	1
by_gender	female	locationaa	SAMD7_p.Leu150Pro	1
by_gender	female	locationaa	SAMD8_p.Arg230Ter	1
by_gender	female	locationaa	SAMD9L_p.Asn1140Lys	1
by_gender	female	locationaa	SAMD9L_p.Glu824Ter	1
by_gender	female	locationaa	SAMD9L_p.Ser1469Phe	1
by_gender	female	locationaa	SAMD9L_p.Ser706Tyr	1
by_gender	female	locationaa	SAMD9_p.Arg1533Ter	1
by_gender	female	locationaa	SAMD9_p.Asp81Asn	1
by_gender	female	locationaa	SAMD9_p.Ile851Thr	1
by_gender	female	locationaa	SAMD9_p.Pro183Ser	1
by_gender	female	locationaa	SAMD9_p.Tyr271Cys	1
by_gender	female	locationaa	SAMD9_p.Tyr978Cys	1
by_gender	female	locationaa	SAMHD1_p.Arg145Ter	1
by_gender	female	locationaa	SAMHD1_p.Arg164Gln	1
by_gender	female	locationaa	SAMHD1_p.Ser247Tyr	1
by_gender	female	locationaa	SAMM50_p.Asp100Asn	1
by_gender	female	locationaa	SAP130_p.Arg1044Ter	1
by_gender	female	locationaa	SAP18_p.Val73Ile	1
by_gender	female	locationaa	SAR1B_p.Leu153Ser	1
by_gender	female	locationaa	SARAF_p.Trp303Cys	1
by_gender	female	locationaa	SASH1_p.Leu1101Met	1
by_gender	female	locationaa	SASH1_p.Pro869Ser	1
by_gender	female	locationaa	SAT2_p.Leu20Met	1
by_gender	female	locationaa	SATB1_p.Asn36Ser	1
by_gender	female	locationaa	SATB1_p.Glu482Ter	1
by_gender	female	locationaa	SATB1_p.Val140Phe	1
by_gender	female	locationaa	SATB2_p.Ala650Val	1
by_gender	female	locationaa	SBF1_p.Glu158Ter	1
by_gender	female	locationaa	SBF1_p.Glu449Lys	1
by_gender	female	locationaa	SBF2_p.Pro866Leu	1
by_gender	female	locationaa	SBK1_p.Gly145Glu	1
by_gender	female	locationaa	SBNO2_p.Leu481Ile	1
by_gender	female	locationaa	SBNO2_p.Phe1039Leu	1
by_gender	female	locationaa	SBSPON_p.Pro71Thr	1
by_gender	female	locationaa	SCAF11_p.Arg790Gln	1
by_gender	female	locationaa	SCAF11_p.Pro1262Ser	1
by_gender	female	locationaa	SCAF4_p.Ser1098Asn	1
by_gender	female	locationaa	SCAI_p.Trp102Ter	1
by_gender	female	locationaa	SCAMP5_p.Val87Ile	1
by_gender	female	locationaa	SCAPER_p.Thr367Pro	1
by_gender	female	locationaa	SCAP_p.Arg304Gln	1
by_gender	female	locationaa	SCAP_p.Glu1265Lys	1
by_gender	female	locationaa	SCARA3_p.Thr90Ala	1
by_gender	female	locationaa	SCARB1_p.Gln85His	1
by_gender	female	locationaa	SCARB2_p.Ser463Phe	1
by_gender	female	locationaa	SCARF1_p.Arg584Trp	1
by_gender	female	locationaa	SCD5_p.Arg186Gln	1
by_gender	female	locationaa	SCD_p.Arg174Ter	1
by_gender	female	locationaa	SCFD1_p.Asp226Gly	1
by_gender	female	locationaa	SCFD2_p.Gly231Glu	1
by_gender	female	locationaa	SCFD2_p.Ser559Phe	1
by_gender	female	locationaa	SCFD2_p.Val17Ala	1
by_gender	female	locationaa	SCG2_p.Arg216Cys	1
by_gender	female	locationaa	SCG2_p.Glu199Asp	1
by_gender	female	locationaa	SCG3_p.Arg114Ter	1
by_gender	female	locationaa	SCGN_p.Lys142Ile	1
by_gender	female	locationaa	SCIN_p.Phe655Cys	1
by_gender	female	locationaa	SCLY_p.Arg193Cys	1
by_gender	female	locationaa	SCLY_p.Pro234His	1
by_gender	female	locationaa	SCN10A_p.Ala1636Val	1
by_gender	female	locationaa	SCN10A_p.Arg759His	1
by_gender	female	locationaa	SCN10A_p.Asp583Asn	1
by_gender	female	locationaa	SCN10A_p.Gly1028Ter	1
by_gender	female	locationaa	SCN10A_p.Met712Ile	1
by_gender	female	locationaa	SCN10A_p.Ser1340Asn	1
by_gender	female	locationaa	SCN10A_p.Trp1135Ter	1
by_gender	female	locationaa	SCN10A_p.Val763Ala	1
by_gender	female	locationaa	SCN11A_p.Glu295Lys	1
by_gender	female	locationaa	SCN11A_p.Val1595Ala	1
by_gender	female	locationaa	SCN1A_p.Asp366His	1
by_gender	female	locationaa	SCN1A_p.Glu293Ter	1
by_gender	female	locationaa	SCN1A_p.Ile1400Thr	1
by_gender	female	locationaa	SCN2A_p.Gly1409Val	1
by_gender	female	locationaa	SCN2A_p.Phe858Ser	1
by_gender	female	locationaa	SCN2A_p.Val1546Ile	1
by_gender	female	locationaa	SCN3A_p.Gln1505Glu	1
by_gender	female	locationaa	SCN4A_p.Arg277Met	1
by_gender	female	locationaa	SCN4A_p.Asp646Asn	1
by_gender	female	locationaa	SCN4A_p.Thr1313Met	1
by_gender	female	locationaa	SCN4B_p.Leu25Phe	1
by_gender	female	locationaa	SCN5A_p.Ala949Val	1
by_gender	female	locationaa	SCN5A_p.Arg1027Trp	1
by_gender	female	locationaa	SCN5A_p.Asp1790Asn	1
by_gender	female	locationaa	SCN5A_p.Leu1222Met	1
by_gender	female	locationaa	SCN7A_p.Gly841Glu	1
by_gender	female	locationaa	SCN8A_p.Ala584Val	1
by_gender	female	locationaa	SCN9A_p.Arg1381Ter	1
by_gender	female	locationaa	SCN9A_p.Phe1603Ser	1
by_gender	female	locationaa	SCN9A_p.Val195Ile	1
by_gender	female	locationaa	SCNN1A_p.Thr543Met	1
by_gender	female	locationaa	SCNN1D_p.Pro413Ser	1
by_gender	female	locationaa	SCNN1D_p.Ser142Gly	1
by_gender	female	locationaa	SCNN1D_p.Thr481Met	1
by_gender	female	locationaa	SCNN1G_p.Arg563Cys	1
by_gender	female	locationaa	SCO1_p.Thr192Ala	1
by_gender	female	locationaa	SCP2_p.Gly246Asp	1
by_gender	female	locationaa	SCRIB_p.Ala697Val	1
by_gender	female	locationaa	SCRIB_p.Ser338Ile	1
by_gender	female	locationaa	SCRN1_p.Ala126Asp	1
by_gender	female	locationaa	SCRN1_p.Ala396Val	1
by_gender	female	locationaa	SCRN1_p.Glu374Ter	1
by_gender	female	locationaa	SCRN1_p.Gly172Glu	1
by_gender	female	locationaa	SCUBE1_p.Glu140Ala	1
by_gender	female	locationaa	SCYL1_p.Val385Phe	1
by_gender	female	locationaa	SCYL3_p.Arg61His	1
by_gender	female	locationaa	SDC3_p.Val249Ile	1
by_gender	female	locationaa	SDC4_p.Glu142Asp	1
by_gender	female	locationaa	SDC4_p.Ser95Tyr	1
by_gender	female	locationaa	SDCBP_p.Val138Phe	1
by_gender	female	locationaa	SDCCAG8_p.Lys87Thr	1
by_gender	female	locationaa	SDE2_p.Gly376Glu	1
by_gender	female	locationaa	SDF4_p.Ala308Val	1
by_gender	female	locationaa	SDHA_p.Ala591Val	1
by_gender	female	locationaa	SDHA_p.Val364Ile	1
by_gender	female	locationaa	SDK1_p.Arg444His	1
by_gender	female	locationaa	SDK1_p.Glu1749Lys	1
by_gender	female	locationaa	SDK1_p.Leu964Met	1
by_gender	female	locationaa	SDK2_p.Thr841Ile	1
by_gender	female	locationaa	SDR16C5_p.Ala188Thr	1
by_gender	female	locationaa	SDR16C5_p.Tyr106Asp	1
by_gender	female	locationaa	SDR42E1_p.Gly174Asp	1
by_gender	female	locationaa	SEC13_p.Glu321Lys	1
by_gender	female	locationaa	SEC13_p.Pro59His	1
by_gender	female	locationaa	SEC14L3_p.Pro338Ser	1
by_gender	female	locationaa	SEC14L4_p.Ala149Val	1
by_gender	female	locationaa	SEC14L5_p.Arg391Trp	1
by_gender	female	locationaa	SEC14L5_p.Gly532Ter	1
by_gender	female	locationaa	SEC16A_p.Ala353Asp	1
by_gender	female	locationaa	SEC16A_p.Gln1059His	1
by_gender	female	locationaa	SEC16B_p.Pro168Ala	1
by_gender	female	locationaa	SEC16B_p.Ser229Phe	1
by_gender	female	locationaa	SEC23A_p.Arg668Gln	1
by_gender	female	locationaa	SEC23IP_p.Ala966Thr	1
by_gender	female	locationaa	SEC23IP_p.Arg354Gln	1
by_gender	female	locationaa	SEC23IP_p.Ser969Asn	1
by_gender	female	locationaa	SEC24A_p.Asn150Tyr	1
by_gender	female	locationaa	SEC24A_p.Tyr696Ter	1
by_gender	female	locationaa	SEC24B_p.Arg1094Trp	1
by_gender	female	locationaa	SEC24C_p.Ala76Asp	1
by_gender	female	locationaa	SEC24C_p.Gly287Arg	1
by_gender	female	locationaa	SEC24C_p.Ser815Arg	1
by_gender	female	locationaa	SEC24C_p.Thr790Asn	1
by_gender	female	locationaa	SEC31A_p.Gly494Ter	1
by_gender	female	locationaa	SEC31B_p.Pro365Ser	1
by_gender	female	locationaa	SEC61A1_p.Ala110Thr	1
by_gender	female	locationaa	SEC61A2_p.Ala184Thr	1
by_gender	female	locationaa	SEC61A2_p.Asp406Asn	1
by_gender	female	locationaa	SEC61G_p.Lys27Gln	1
by_gender	female	locationaa	SECISBP2L_p.Met495Val	1
by_gender	female	locationaa	SECISBP2L_p.Met821Ile	1
by_gender	female	locationaa	SEH1L_p.Trp65Ter	1
by_gender	female	locationaa	SEL1L2_p.Ala211Asp	1
by_gender	female	locationaa	SEL1L2_p.Ala632Val	1
by_gender	female	locationaa	SEL1L2_p.Met195Val	1
by_gender	female	locationaa	SEL1L2_p.Ser227Leu	1
by_gender	female	locationaa	SEL1L3_p.Ser379Asn	1
by_gender	female	locationaa	SEL1L3_p.Val578Phe	1
by_gender	female	locationaa	SEL1L_p.Ala657Val	1
by_gender	female	locationaa	SELENOF_p.Val130Gly	1
by_gender	female	locationaa	SELENOO_p.Thr315Met	1
by_gender	female	locationaa	SELENOP_p.Glu337del	1
by_gender	female	locationaa	SELENOP_p.Gly6Glu	1
by_gender	female	locationaa	SELENOS_p.Ala173Ser	1
by_gender	female	locationaa	SELE_p.Ala591Val	1
by_gender	female	locationaa	SELP_p.Ala28Val	1
by_gender	female	locationaa	SELP_p.Arg415Cys	1
by_gender	female	locationaa	SELP_p.Trp53Ter	1
by_gender	female	locationaa	SEMA3A_p.Arg203Gln	1
by_gender	female	locationaa	SEMA3B_p.Val557Ile	1
by_gender	female	locationaa	SEMA3C_p.Ala668Val	1
by_gender	female	locationaa	SEMA3D_p.Arg760Gln	1
by_gender	female	locationaa	SEMA3D_p.Pro372Thr	1
by_gender	female	locationaa	SEMA3D_p.Tyr537His	1
by_gender	female	locationaa	SEMA3E_p.Ala383Thr	1
by_gender	female	locationaa	SEMA3F_p.Glu510Lys	1
by_gender	female	locationaa	SEMA3G_p.Leu405Met	1
by_gender	female	locationaa	SEMA4B_p.Asp834Glu	1
by_gender	female	locationaa	SEMA4C_p.Arg410Cys	1
by_gender	female	locationaa	SEMA4C_p.Leu609Ile	1
by_gender	female	locationaa	SEMA4G_p.Asn803Ser	1
by_gender	female	locationaa	SEMA4G_p.Leu684Ile	1
by_gender	female	locationaa	SEMA5A_p.Ser593Phe	1
by_gender	female	locationaa	SEMA5A_p.Trp9Ter	1
by_gender	female	locationaa	SEMA5B_p.Arg635Gln	1
by_gender	female	locationaa	SEMA5B_p.Arg708Gln	1
by_gender	female	locationaa	SEMA5B_p.His1079Arg	1
by_gender	female	locationaa	SEMA6A_p.Gly489Asp	1
by_gender	female	locationaa	SEMA6A_p.Lys94Glu	1
by_gender	female	locationaa	SEMA6C_p.Ala25Thr	1
by_gender	female	locationaa	SEMA6C_p.Arg647Cys	1
by_gender	female	locationaa	SEMA7A_p.Cys266Tyr	1
by_gender	female	locationaa	SEMG2_p.Glu440Asp	1
by_gender	female	locationaa	SENP2_p.Arg3Lys	1
by_gender	female	locationaa	SENP6_p.His866Gln	1
by_gender	female	locationaa	SENP6_p.Val988Ala	1
by_gender	female	locationaa	SENP7_p.Arg954Ter	1
by_gender	female	locationaa	SENP7_p.Asp253Ala	1
by_gender	female	locationaa	SENP7_p.Cys125Trp	1
by_gender	female	locationaa	SENP8_p.Leu205Ile	1
by_gender	female	locationaa	SENP8_p.Ser120Phe	1
by_gender	female	locationaa	SEPTIN10_p.Gly255Ter	1
by_gender	female	locationaa	SEPTIN1_p.Asp199Tyr	1
by_gender	female	locationaa	SEPTIN2_p.Pro214His	1
by_gender	female	locationaa	SEPTIN5_p.Arg168Trp	1
by_gender	female	locationaa	SEPTIN5_p.Arg284Cys	1
by_gender	female	locationaa	SEPTIN8_p.Arg289His	1
by_gender	female	locationaa	SEPTIN9_p.Ala259Val	1
by_gender	female	locationaa	SERAC1_p.Ala5Thr	1
by_gender	female	locationaa	SERAC1_p.Arg114Gln	1
by_gender	female	locationaa	SERAC1_p.Gln228His	1
by_gender	female	locationaa	SERPINA10_p.Pro119Leu	1
by_gender	female	locationaa	SERPINA12_p.Asp290Gly	1
by_gender	female	locationaa	SERPINA1_p.Tyr268Cys	1
by_gender	female	locationaa	SERPINA5_p.Leu152Met	1
by_gender	female	locationaa	SERPINA7_p.Gly183Trp	1
by_gender	female	locationaa	SERPINA7_p.Ser262Asn	1
by_gender	female	locationaa	SERPINA9_p.Arg289Lys	1
by_gender	female	locationaa	SERPINB10_p.Glu275Ala	1
by_gender	female	locationaa	SERPINB10_p.Gly238Cys	1
by_gender	female	locationaa	SERPINB11_p.Val42Ala	1
by_gender	female	locationaa	SERPINB12_p.Lys176Asn	1
by_gender	female	locationaa	SERPINB13_p.Ala347Thr	1
by_gender	female	locationaa	SERPINB13_p.Lys192Asn	1
by_gender	female	locationaa	SERPINB4_p.Val351Ile	1
by_gender	female	locationaa	SERPINB5_p.Ile136Thr	1
by_gender	female	locationaa	SERPINB7_p.Ala206Thr	1
by_gender	female	locationaa	SERPINB9_p.Ala89Val	1
by_gender	female	locationaa	SERPINC1_p.Ala325Thr	1
by_gender	female	locationaa	SERPINC1_p.Arg161Gln	1
by_gender	female	locationaa	SERPINE2_p.Asp172Tyr	1
by_gender	female	locationaa	SERPINE2_p.Pro16His	1
by_gender	female	locationaa	SERPING1_p.Ser246Ile	1
by_gender	female	locationaa	SERPINI2_p.Asp401Tyr	1
by_gender	female	locationaa	SERTAD1_p.Val90Met	1
by_gender	female	locationaa	SERTAD2_p.Ser214Ile	1
by_gender	female	locationaa	SERTAD3_p.Phe175Leu	1
by_gender	female	locationaa	SESN2_p.Ala471Val	1
by_gender	female	locationaa	SESN3_p.Arg98His	1
by_gender	female	locationaa	SESN3_p.Thr448Ala	1
by_gender	female	locationaa	SETBP1_p.Gly367Glu	1
by_gender	female	locationaa	SETBP1_p.Thr852Met	1
by_gender	female	locationaa	SETD1A_p.Gly789HisfsTer35	1
by_gender	female	locationaa	SETD2_p.His586Gln	1
by_gender	female	locationaa	SETD5_p.Ala1083Asp	1
by_gender	female	locationaa	SETD5_p.Ala898Val	1
by_gender	female	locationaa	SETD5_p.Pro470Ser	1
by_gender	female	locationaa	SETDB1_p.Ser483Ter	1
by_gender	female	locationaa	SETX_p.Arg1164Gln	1
by_gender	female	locationaa	SETX_p.Lys2673Thr	1
by_gender	female	locationaa	SET_p.Ile137Leu	1
by_gender	female	locationaa	SEZ6L2_p.Asp682Asn	1
by_gender	female	locationaa	SEZ6L2_p.Glu507Lys	1
by_gender	female	locationaa	SEZ6_p.Tyr967Cys	1
by_gender	female	locationaa	SF1_p.Ala552Thr	1
by_gender	female	locationaa	SF1_p.Arg97Gln	1
by_gender	female	locationaa	SF3A2_p.Pro233His	1
by_gender	female	locationaa	SF3B3_p.Ala557Thr	1
by_gender	female	locationaa	SF3B3_p.Gly1113Cys	1
by_gender	female	locationaa	SF3B5_p.Thr27Ala	1
by_gender	female	locationaa	SFI1_p.Ala727Asp	1
by_gender	female	locationaa	SFI1_p.Glu127Ala	1
by_gender	female	locationaa	SFMBT1_p.Thr405Ile	1
by_gender	female	locationaa	SFMBT2_p.Arg178Ter	1
by_gender	female	locationaa	SFMBT2_p.Leu348Met	1
by_gender	female	locationaa	SFRP1_p.Thr282Met	1
by_gender	female	locationaa	SFRP4_p.Arg74Cys	1
by_gender	female	locationaa	SFT2D2_p.Ala156Thr	1
by_gender	female	locationaa	SFT2D2_p.Asn121Ser	1
by_gender	female	locationaa	SFTPC_p.Pro30Ser	1
by_gender	female	locationaa	SFTPC_p.Val185Met	1
by_gender	female	locationaa	SFTPD_p.Ala141Asp	1
by_gender	female	locationaa	SFXN1_p.Ser232Phe	1
by_gender	female	locationaa	SGCA_p.Arg370Trp	1
by_gender	female	locationaa	SGCD_p.Arg32Gln	1
by_gender	female	locationaa	SGCE_p.Thr452Met	1
by_gender	female	locationaa	SGCE_p.Trp136Ter	1
by_gender	female	locationaa	SGCZ_p.Trp311Ter	1
by_gender	female	locationaa	SGIP1_p.Ser491Tyr	1
by_gender	female	locationaa	SGK3_p.Leu476Val	1
by_gender	female	locationaa	SGMS1_p.Ser154Leu	1
by_gender	female	locationaa	SGPP1_p.Ile434Thr	1
by_gender	female	locationaa	SGSH_p.Phe384Val	1
by_gender	female	locationaa	SGSM1_p.Ser300Phe	1
by_gender	female	locationaa	SGSM1_p.Val263Ile	1
by_gender	female	locationaa	SGSM2_p.Gln901His	1
by_gender	female	locationaa	SGSM3_p.Ser463Ile	1
by_gender	female	locationaa	SGSM3_p.Thr16Ser	1
by_gender	female	locationaa	SH2B1_p.Arg163Gln	1
by_gender	female	locationaa	SH2B1_p.Arg173Trp	1
by_gender	female	locationaa	SH2B1_p.Leu621Arg	1
by_gender	female	locationaa	SH2D2A_p.Ala251Thr	1
by_gender	female	locationaa	SH2D3A_p.Asp127Tyr	1
by_gender	female	locationaa	SH2D3C_p.Ala510Val	1
by_gender	female	locationaa	SH2D3C_p.Arg373Cys	1
by_gender	female	locationaa	SH2D3C_p.Arg424Cys	1
by_gender	female	locationaa	SH2D3C_p.Leu851Met	1
by_gender	female	locationaa	SH2D4A_p.Ala402Thr	1
by_gender	female	locationaa	SH2D5_p.Arg246His	1
by_gender	female	locationaa	SH3BGRL3_p.Leu28Met	1
by_gender	female	locationaa	SH3BP4_p.Glu138Lys	1
by_gender	female	locationaa	SH3D19_p.Lys33Asn	1
by_gender	female	locationaa	SH3D19_p.Thr332Asn	1
by_gender	female	locationaa	SH3GL3_p.Arg253Ter	1
by_gender	female	locationaa	SH3GL3_p.Thr83Ile	1
by_gender	female	locationaa	SH3PXD2A_p.Ala499Thr	1
by_gender	female	locationaa	SH3PXD2A_p.Arg779Trp	1
by_gender	female	locationaa	SH3PXD2A_p.Leu792Ile	1
by_gender	female	locationaa	SH3RF1_p.Ala595Val	1
by_gender	female	locationaa	SH3TC1_p.Ala815Ser	1
by_gender	female	locationaa	SH3TC1_p.Arg107Trp	1
by_gender	female	locationaa	SH3TC1_p.Asp330Asn	1
by_gender	female	locationaa	SH3TC1_p.Leu932Gln	1
by_gender	female	locationaa	SH3TC1_p.Pro217Arg	1
by_gender	female	locationaa	SH3TC1_p.Ser760Ile	1
by_gender	female	locationaa	SH3TC1_p.Trp525Ter	1
by_gender	female	locationaa	SH3TC2_p.Glu155Lys	1
by_gender	female	locationaa	SH3TC2_p.Leu994Arg	1
by_gender	female	locationaa	SHANK1_p.Gly2026Glu	1
by_gender	female	locationaa	SHANK1_p.Val1816Ala	1
by_gender	female	locationaa	SHANK2_p.Pro1710Leu	1
by_gender	female	locationaa	SHANK2_p.Pro1710Thr	1
by_gender	female	locationaa	SHANK2_p.Ser1230Ala	1
by_gender	female	locationaa	SHB_p.Ser317Asn	1
by_gender	female	locationaa	SHC2_p.Tyr263Cys	1
by_gender	female	locationaa	SHCBP1L_p.Ala574Ser	1
by_gender	female	locationaa	SHD_p.Arg176Trp	1
by_gender	female	locationaa	SHD_p.Gly140Trp	1
by_gender	female	locationaa	SHISA3_p.Ala117Val	1
by_gender	female	locationaa	SHISAL1_p.Pro176Ser	1
by_gender	female	locationaa	SHLD1_p.Leu205Met	1
by_gender	female	locationaa	SHLD2_p.Val612Ala	1
by_gender	female	locationaa	SHMT1_p.Ala407Ser	1
by_gender	female	locationaa	SHMT2_p.Ala149Thr	1
by_gender	female	locationaa	SHMT2_p.Arg214Gln	1
by_gender	female	locationaa	SHMT2_p.Glu239Asp	1
by_gender	female	locationaa	SHOC1_p.Ile346Arg	1
by_gender	female	locationaa	SHOC1_p.Ser1324Tyr	1
by_gender	female	locationaa	SHOC2_p.Arg579His	1
by_gender	female	locationaa	SHOC2_p.Glu208Lys	1
by_gender	female	locationaa	SHOX2_p.Lys10Asn	1
by_gender	female	locationaa	SHPK_p.Asp380Asn	1
by_gender	female	locationaa	SHPRH_p.Ala1614Thr	1
by_gender	female	locationaa	SHPRH_p.Gly190Trp	1
by_gender	female	locationaa	SHPRH_p.Lys586Gln	1
by_gender	female	locationaa	SHQ1_p.Val56Ile	1
by_gender	female	locationaa	SHROOM2_p.Arg645Trp	1
by_gender	female	locationaa	SHROOM2_p.Pro1283Ser	1
by_gender	female	locationaa	SHROOM3_p.Ala613Val	1
by_gender	female	locationaa	SHROOM3_p.Arg292Ter	1
by_gender	female	locationaa	SHROOM3_p.Pro745Leu	1
by_gender	female	locationaa	SHROOM4_p.Ala761Asp	1
by_gender	female	locationaa	SHROOM4_p.Gly1237Asp	1
by_gender	female	locationaa	SHROOM4_p.Val303Leu	1
by_gender	female	locationaa	SHTN1_p.Gly22Cys	1
by_gender	female	locationaa	SIAH2_p.Arg272Trp	1
by_gender	female	locationaa	SIAH2_p.Glu182Gly	1
by_gender	female	locationaa	SIAH3_p.Thr217Met	1
by_gender	female	locationaa	SIDT2_p.Arg342Pro	1
by_gender	female	locationaa	SIGIRR_p.Pro55Leu	1
by_gender	female	locationaa	SIGLEC10_p.Val370Ile	1
by_gender	female	locationaa	SIGLEC15_p.Thr34Ile	1
by_gender	female	locationaa	SIGLEC1_p.Ala1201Thr	1
by_gender	female	locationaa	SIGLEC1_p.Ala1319Val	1
by_gender	female	locationaa	SIGLEC1_p.Arg1234Met	1
by_gender	female	locationaa	SIGLEC1_p.Arg1669His	1
by_gender	female	locationaa	SIGLEC1_p.Leu560Ile	1
by_gender	female	locationaa	SIGLEC5_p.Tyr332Cys	1
by_gender	female	locationaa	SIGLEC6_p.Val217Gly	1
by_gender	female	locationaa	SIGLEC7_p.Thr203Ala	1
by_gender	female	locationaa	SIGLEC8_p.Ala259Val	1
by_gender	female	locationaa	SIGLEC8_p.Gly193Arg	1
by_gender	female	locationaa	SIGLEC8_p.Ser391Leu	1
by_gender	female	locationaa	SIK2_p.Leu272Ile	1
by_gender	female	locationaa	SIL1_p.Gly251Ser	1
by_gender	female	locationaa	SIM1_p.Ala169Thr	1
by_gender	female	locationaa	SIMC1_p.Arg795Gln	1
by_gender	female	locationaa	SIN3A_p.Ala994Asp	1
by_gender	female	locationaa	SIN3A_p.Arg928Trp	1
by_gender	female	locationaa	SIN3A_p.Ser940Ile	1
by_gender	female	locationaa	SIPA1L1_p.Ala589Thr	1
by_gender	female	locationaa	SIPA1L1_p.Arg1063Ter	1
by_gender	female	locationaa	SIPA1L1_p.Asp1732Tyr	1
by_gender	female	locationaa	SIPA1L1_p.Glu1173Lys	1
by_gender	female	locationaa	SIPA1L1_p.Ser531Phe	1
by_gender	female	locationaa	SIPA1L2_p.Ala1703Val	1
by_gender	female	locationaa	SIPA1L2_p.Arg296Gln	1
by_gender	female	locationaa	SIPA1L2_p.Arg321His	1
by_gender	female	locationaa	SIPA1L3_p.Gly1105Ser	1
by_gender	female	locationaa	SIPA1L3_p.His717Arg	1
by_gender	female	locationaa	SIPA1L3_p.Leu828Met	1
by_gender	female	locationaa	SIPA1L3_p.Thr857Ile	1
by_gender	female	locationaa	SIPA1_p.Ala181Val	1
by_gender	female	locationaa	SIPA1_p.Ser817Ile	1
by_gender	female	locationaa	SIPA1_p.Thr829Asn	1
by_gender	female	locationaa	SIRPA_p.Ala340Thr	1
by_gender	female	locationaa	SIRPB1_p.Ala248Val	1
by_gender	female	locationaa	SIRPG_p.Asn129Ser	1
by_gender	female	locationaa	SIRT1_p.Phe273Ser	1
by_gender	female	locationaa	SIX1_p.Pro151Leu	1
by_gender	female	locationaa	SIX4_p.Val440Ile	1
by_gender	female	locationaa	SIX4_p.Val653Ala	1
by_gender	female	locationaa	SI_p.Arg1655Trp	1
by_gender	female	locationaa	SI_p.Pro945Ser	1
by_gender	female	locationaa	SI_p.Val1247Leu	1
by_gender	female	locationaa	SKA3_p.Ser329Leu	1
by_gender	female	locationaa	SKIV2L_p.Gln989Glu	1
by_gender	female	locationaa	SKIV2L_p.Glu392Asp	1
by_gender	female	locationaa	SKIV2L_p.His730Tyr	1
by_gender	female	locationaa	SKIV2L_p.Leu365Met	1
by_gender	female	locationaa	SKI_p.Glu235Asp	1
by_gender	female	locationaa	SKP1_p.Pro71Leu	1
by_gender	female	locationaa	SLA_p.Asp102Asn	1
by_gender	female	locationaa	SLC10A1_p.Arg185Cys	1
by_gender	female	locationaa	SLC10A1_p.Pro169His	1
by_gender	female	locationaa	SLC10A3_p.Pro157His	1
by_gender	female	locationaa	SLC10A4_p.Val190Ile	1
by_gender	female	locationaa	SLC10A5_p.Val123Ala	1
by_gender	female	locationaa	SLC10A6_p.Ile193Ser	1
by_gender	female	locationaa	SLC12A1_p.Arg471Ter	1
by_gender	female	locationaa	SLC12A3_p.Asp808Tyr	1
by_gender	female	locationaa	SLC12A3_p.Lys365Asn	1
by_gender	female	locationaa	SLC12A4_p.Lys707Thr	1
by_gender	female	locationaa	SLC12A5_p.Arg315His	1
by_gender	female	locationaa	SLC12A6_p.Arg319His	1
by_gender	female	locationaa	SLC12A6_p.Arg942Trp	1
by_gender	female	locationaa	SLC12A6_p.Asp768Gly	1
by_gender	female	locationaa	SLC12A6_p.Lys834Asn	1
by_gender	female	locationaa	SLC12A7_p.Arg318Cys	1
by_gender	female	locationaa	SLC12A7_p.Val831Ile	1
by_gender	female	locationaa	SLC13A1_p.Trp433Ter	1
by_gender	female	locationaa	SLC13A4_p.Arg111His	1
by_gender	female	locationaa	SLC13A4_p.Cys433Tyr	1
by_gender	female	locationaa	SLC13A5_p.Lys374Asn	1
by_gender	female	locationaa	SLC15A4_p.Val233Ile	1
by_gender	female	locationaa	SLC16A12_p.Phe383Leu	1
by_gender	female	locationaa	SLC16A13_p.Ala123Thr	1
by_gender	female	locationaa	SLC16A13_p.Phe155Cys	1
by_gender	female	locationaa	SLC16A5_p.Ala347Thr	1
by_gender	female	locationaa	SLC17A1_p.Gly344Ter	1
by_gender	female	locationaa	SLC17A2_p.Arg348Ter	1
by_gender	female	locationaa	SLC17A3_p.Glu190Asp	1
by_gender	female	locationaa	SLC17A5_p.Ser345Tyr	1
by_gender	female	locationaa	SLC17A7_p.Ala225Gly	1
by_gender	female	locationaa	SLC17A8_p.Gln372Ter	1
by_gender	female	locationaa	SLC17A8_p.Gly425Ter	1
by_gender	female	locationaa	SLC17A9_p.Ala240Thr	1
by_gender	female	locationaa	SLC17A9_p.Arg426Met	1
by_gender	female	locationaa	SLC18A2_p.Gly150Glu	1
by_gender	female	locationaa	SLC18A3_p.Ala406Thr	1
by_gender	female	locationaa	SLC19A1_p.Ala347Val	1
by_gender	female	locationaa	SLC1A1_p.Asp388Tyr	1
by_gender	female	locationaa	SLC1A2_p.Thr50Met	1
by_gender	female	locationaa	SLC1A3_p.Ala470Thr	1
by_gender	female	locationaa	SLC1A6_p.Pro469Leu	1
by_gender	female	locationaa	SLC1A6_p.Thr397Ile	1
by_gender	female	locationaa	SLC20A1_p.Leu391Ile	1
by_gender	female	locationaa	SLC22A11_p.Phe193Leu	1
by_gender	female	locationaa	SLC22A12_p.Arg89His	1
by_gender	female	locationaa	SLC22A13_p.Arg389His	1
by_gender	female	locationaa	SLC22A15_p.Phe316Cys	1
by_gender	female	locationaa	SLC22A23_p.Gly443Arg	1
by_gender	female	locationaa	SLC22A23_p.Leu427Met	1
by_gender	female	locationaa	SLC22A2_p.Val38Met	1
by_gender	female	locationaa	SLC22A3_p.Ala411Val	1
by_gender	female	locationaa	SLC22A4_p.Ile329Met	1
by_gender	female	locationaa	SLC22A5_p.Ala390Asp	1
by_gender	female	locationaa	SLC22A5_p.Asp320del	1
by_gender	female	locationaa	SLC22A6_p.Ser129Phe	1
by_gender	female	locationaa	SLC22A7_p.Gly116Asp	1
by_gender	female	locationaa	SLC22A7_p.Ser360del	1
by_gender	female	locationaa	SLC24A1_p.Ala497Thr	1
by_gender	female	locationaa	SLC24A1_p.Leu628Ile	1
by_gender	female	locationaa	SLC24A4_p.Arg197His	1
by_gender	female	locationaa	SLC24A4_p.Ser42Arg	1
by_gender	female	locationaa	SLC24A5_p.Gly129Ser	1
by_gender	female	locationaa	SLC25A12_p.Ala486Val	1
by_gender	female	locationaa	SLC25A17_p.Leu275Met	1
by_gender	female	locationaa	SLC25A1_p.Val301Met	1
by_gender	female	locationaa	SLC25A21_p.Gly118Arg	1
by_gender	female	locationaa	SLC25A24_p.Ile53Val	1
by_gender	female	locationaa	SLC25A26_p.Gly139Arg	1
by_gender	female	locationaa	SLC25A29_p.Leu93Pro	1
by_gender	female	locationaa	SLC25A2_p.Pro126Leu	1
by_gender	female	locationaa	SLC25A2_p.Ser149Asn	1
by_gender	female	locationaa	SLC25A30_p.Gln154His	1
by_gender	female	locationaa	SLC25A36_p.Glu189Asp	1
by_gender	female	locationaa	SLC25A41_p.Arg329Trp	1
by_gender	female	locationaa	SLC25A42_p.Ala268Thr	1
by_gender	female	locationaa	SLC25A44_p.Leu113Arg	1
by_gender	female	locationaa	SLC25A46_p.Pro156His	1
by_gender	female	locationaa	SLC25A47_p.Cys283Ter	1
by_gender	female	locationaa	SLC25A48_p.Gly93Arg	1
by_gender	female	locationaa	SLC26A11_p.Ile165Leu	1
by_gender	female	locationaa	SLC26A3_p.Ala559Asp	1
by_gender	female	locationaa	SLC26A3_p.Glu533Ter	1
by_gender	female	locationaa	SLC26A4_p.Pro553His	1
by_gender	female	locationaa	SLC26A4_p.Tyr247His	1
by_gender	female	locationaa	SLC26A5_p.Ala345Asp	1
by_gender	female	locationaa	SLC26A5_p.Thr738Ile	1
by_gender	female	locationaa	SLC26A6_p.Asp490Asn	1
by_gender	female	locationaa	SLC26A6_p.Cys62Ter	1
by_gender	female	locationaa	SLC26A6_p.Gln107His	1
by_gender	female	locationaa	SLC26A7_p.Ile267Ser	1
by_gender	female	locationaa	SLC26A8_p.Asn842LysfsTer44	1
by_gender	female	locationaa	SLC26A8_p.Gln145Ter	1
by_gender	female	locationaa	SLC26A9_p.Arg38His	1
by_gender	female	locationaa	SLC27A1_p.Arg617Gln	1
by_gender	female	locationaa	SLC27A1_p.Pro4Ser	1
by_gender	female	locationaa	SLC27A4_p.Ser193Asn	1
by_gender	female	locationaa	SLC27A5_p.Gly488Trp	1
by_gender	female	locationaa	SLC27A5_p.Val376Met	1
by_gender	female	locationaa	SLC28A1_p.Ala515Val	1
by_gender	female	locationaa	SLC28A3_p.Ser15Ile	1
by_gender	female	locationaa	SLC29A2_p.Arg98Cys	1
by_gender	female	locationaa	SLC29A3_p.Val315Ile	1
by_gender	female	locationaa	SLC2A10_p.Asp382Asn	1
by_gender	female	locationaa	SLC2A10_p.Leu55Phe	1
by_gender	female	locationaa	SLC2A13_p.Ala478Ser	1
by_gender	female	locationaa	SLC2A14_p.Tyr165His	1
by_gender	female	locationaa	SLC2A1_p.Arg249Gln	1
by_gender	female	locationaa	SLC2A1_p.Gly111Cys	1
by_gender	female	locationaa	SLC2A1_p.Gly340Ser	1
by_gender	female	locationaa	SLC2A2_p.Phe393Leu	1
by_gender	female	locationaa	SLC2A4RG_p.Ser129Asn	1
by_gender	female	locationaa	SLC2A6_p.Phe459Val	1
by_gender	female	locationaa	SLC2A6_p.Ser496Phe	1
by_gender	female	locationaa	SLC2A9_p.Ala118Thr	1
by_gender	female	locationaa	SLC2A9_p.Thr113Ala	1
by_gender	female	locationaa	SLC30A10_p.Ala304Thr	1
by_gender	female	locationaa	SLC30A3_p.Ser206Asn	1
by_gender	female	locationaa	SLC30A3_p.Ser269Ile	1
by_gender	female	locationaa	SLC30A8_p.Leu274Phe	1
by_gender	female	locationaa	SLC34A1_p.Ala76Val	1
by_gender	female	locationaa	SLC34A1_p.Ser318Pro	1
by_gender	female	locationaa	SLC34A1_p.Thr157Ile	1
by_gender	female	locationaa	SLC34A2_p.Ala488Thr	1
by_gender	female	locationaa	SLC34A2_p.Leu274Phe	1
by_gender	female	locationaa	SLC34A2_p.Val607Ile	1
by_gender	female	locationaa	SLC34A3_p.Leu460Met	1
by_gender	female	locationaa	SLC34A3_p.Ser269Ile	1
by_gender	female	locationaa	SLC35A2_p.Ala88Thr	1
by_gender	female	locationaa	SLC35A2_p.Trp169Cys	1
by_gender	female	locationaa	SLC35A4_p.Arg137His	1
by_gender	female	locationaa	SLC35A4_p.Leu191Pro	1
by_gender	female	locationaa	SLC35A5_p.Arg178Cys	1
by_gender	female	locationaa	SLC35B4_p.Ala67Thr	1
by_gender	female	locationaa	SLC35C1_p.Ala238Thr	1
by_gender	female	locationaa	SLC35E4_p.Ala175Thr	1
by_gender	female	locationaa	SLC35F4_p.Pro37Thr	1
by_gender	female	locationaa	SLC35F5_p.Arg486Ile	1
by_gender	female	locationaa	SLC35F5_p.Ser180Ile	1
by_gender	female	locationaa	SLC35F6_p.Gln187His	1
by_gender	female	locationaa	SLC35F6_p.Val221Gly	1
by_gender	female	locationaa	SLC35G3_p.Ala312Val	1
by_gender	female	locationaa	SLC35G3_p.Gly55Cys	1
by_gender	female	locationaa	SLC35G5_p.Val336Glu	1
by_gender	female	locationaa	SLC36A1_p.Asp245Tyr	1
by_gender	female	locationaa	SLC36A3_p.Glu363Gln	1
by_gender	female	locationaa	SLC36A4_p.Ser206Asn	1
by_gender	female	locationaa	SLC38A10_p.Gln119His	1
by_gender	female	locationaa	SLC38A8_p.Arg243Cys	1
by_gender	female	locationaa	SLC38A8_p.Ser373Asn	1
by_gender	female	locationaa	SLC39A12_p.Asp516Asn	1
by_gender	female	locationaa	SLC39A13_p.Ala190Thr	1
by_gender	female	locationaa	SLC39A4_p.Ala532Thr	1
by_gender	female	locationaa	SLC39A4_p.Ser311Tyr	1
by_gender	female	locationaa	SLC39A7_p.Glu280Ter	1
by_gender	female	locationaa	SLC39A9_p.Met223Ile	1
by_gender	female	locationaa	SLC3A1_p.Arg671Gln	1
by_gender	female	locationaa	SLC3A1_p.Asp210Asn	1
by_gender	female	locationaa	SLC3A1_p.Gly23Val	1
by_gender	female	locationaa	SLC40A1_p.Leu469Pro	1
by_gender	female	locationaa	SLC41A1_p.Leu100Met	1
by_gender	female	locationaa	SLC41A1_p.Pro7Leu	1
by_gender	female	locationaa	SLC41A3_p.Ala464Asp	1
by_gender	female	locationaa	SLC41A3_p.Ala465Asp	1
by_gender	female	locationaa	SLC41A3_p.Pro288Gln	1
by_gender	female	locationaa	SLC43A2_p.Ser249Asn	1
by_gender	female	locationaa	SLC44A1_p.Leu139Ile	1
by_gender	female	locationaa	SLC44A5_p.Ala517Thr	1
by_gender	female	locationaa	SLC44A5_p.Lys358Asn	1
by_gender	female	locationaa	SLC44A5_p.Thr208Ile	1
by_gender	female	locationaa	SLC45A2_p.Ala523Thr	1
by_gender	female	locationaa	SLC45A2_p.Thr412Met	1
by_gender	female	locationaa	SLC45A3_p.Gly434Asp	1
by_gender	female	locationaa	SLC45A4_p.Ala338Thr	1
by_gender	female	locationaa	SLC45A4_p.Gln462Pro	1
by_gender	female	locationaa	SLC47A1_p.Asn220Asp	1
by_gender	female	locationaa	SLC47A2_p.Ser69Leu	1
by_gender	female	locationaa	SLC49A3_p.Ala428Thr	1
by_gender	female	locationaa	SLC4A1_p.Gly699AlafsTer11	1
by_gender	female	locationaa	SLC4A3_p.Arg414Lys	1
by_gender	female	locationaa	SLC4A3_p.Ile1010Ser	1
by_gender	female	locationaa	SLC4A5_p.Arg201Gln	1
by_gender	female	locationaa	SLC4A5_p.Arg226His	1
by_gender	female	locationaa	SLC4A5_p.Val323Met	1
by_gender	female	locationaa	SLC50A1_p.Ile187Ser	1
by_gender	female	locationaa	SLC52A1_p.Leu342Met	1
by_gender	female	locationaa	SLC52A1_p.Ser137Arg	1
by_gender	female	locationaa	SLC52A2_p.Ala320Thr	1
by_gender	female	locationaa	SLC52A2_p.Leu383Ile	1
by_gender	female	locationaa	SLC52A2_p.Ser343Pro	1
by_gender	female	locationaa	SLC5A10_p.Ala375Val	1
by_gender	female	locationaa	SLC5A11_p.Ala113Thr	1
by_gender	female	locationaa	SLC5A12_p.Arg76His	1
by_gender	female	locationaa	SLC5A2_p.Gly507Arg	1
by_gender	female	locationaa	SLC5A3_p.Ala637Ser	1
by_gender	female	locationaa	SLC5A7_p.Ala293Asp	1
by_gender	female	locationaa	SLC5A7_p.Pro117Leu	1
by_gender	female	locationaa	SLC5A7_p.Pro133Leu	1
by_gender	female	locationaa	SLC5A8_p.Ala442Ser	1
by_gender	female	locationaa	SLC5A8_p.Thr352Ala	1
by_gender	female	locationaa	SLC5A8_p.Trp253Ter	1
by_gender	female	locationaa	SLC5A9_p.Ala542Thr	1
by_gender	female	locationaa	SLC66A2_p.Arg195His	1
by_gender	female	locationaa	SLC6A11_p.Arg436Trp	1
by_gender	female	locationaa	SLC6A11_p.Leu314Met	1
by_gender	female	locationaa	SLC6A11_p.Phe531Cys	1
by_gender	female	locationaa	SLC6A15_p.Glu665Ter	1
by_gender	female	locationaa	SLC6A16_p.Pro365Thr	1
by_gender	female	locationaa	SLC6A17_p.Gly716Asp	1
by_gender	female	locationaa	SLC6A18_p.Ala120Val	1
by_gender	female	locationaa	SLC6A18_p.Ser329Ile	1
by_gender	female	locationaa	SLC6A19_p.Pro73Leu	1
by_gender	female	locationaa	SLC6A1_p.Cys329Tyr	1
by_gender	female	locationaa	SLC6A20_p.Leu254Met	1
by_gender	female	locationaa	SLC6A20_p.Ser426Ile	1
by_gender	female	locationaa	SLC6A2_p.Trp517Cys	1
by_gender	female	locationaa	SLC6A2_p.Tyr205His	1
by_gender	female	locationaa	SLC6A3_p.Ala576Val	1
by_gender	female	locationaa	SLC6A3_p.Val363Ile	1
by_gender	female	locationaa	SLC6A5_p.Val519Ile	1
by_gender	female	locationaa	SLC6A6_p.Met172Ile	1
by_gender	female	locationaa	SLC7A10_p.Ala367Ser	1
by_gender	female	locationaa	SLC7A11_p.Gly61Val	1
by_gender	female	locationaa	SLC7A1_p.Ser213Leu	1
by_gender	female	locationaa	SLC7A2_p.Val625Gly	1
by_gender	female	locationaa	SLC7A3_p.Arg90Gln	1
by_gender	female	locationaa	SLC7A3_p.Glu454Asp	1
by_gender	female	locationaa	SLC7A4_p.Leu194Ile	1
by_gender	female	locationaa	SLC7A5_p.Leu251Ile	1
by_gender	female	locationaa	SLC7A5_p.Phe439Cys	1
by_gender	female	locationaa	SLC7A8_p.Lys220Thr	1
by_gender	female	locationaa	SLC7A9_p.Val62Met	1
by_gender	female	locationaa	SLC8A2_p.Arg190Cys	1
by_gender	female	locationaa	SLC8A3_p.Asp445Asn	1
by_gender	female	locationaa	SLC9A3R1_p.Thr293Ile	1
by_gender	female	locationaa	SLC9A3R2_p.Ala322Val	1
by_gender	female	locationaa	SLC9A4_p.Leu615Ile	1
by_gender	female	locationaa	SLC9A5_p.Arg514Ter	1
by_gender	female	locationaa	SLC9A5_p.Arg643Gln	1
by_gender	female	locationaa	SLC9A6_p.Leu31Ile	1
by_gender	female	locationaa	SLC9A6_p.Val353Ile	1
by_gender	female	locationaa	SLC9A7_p.Leu600Met	1
by_gender	female	locationaa	SLC9B2_p.Lys201Asn	1
by_gender	female	locationaa	SLC9B2_p.Trp172Arg	1
by_gender	female	locationaa	SLC9C1_p.Arg34Gln	1
by_gender	female	locationaa	SLC9C1_p.Leu1025Ile	1
by_gender	female	locationaa	SLC9C2_p.Asp935Tyr	1
by_gender	female	locationaa	SLC9C2_p.Ile305Met	1
by_gender	female	locationaa	SLCO1A2_p.Val121Ile	1
by_gender	female	locationaa	SLCO1B1_p.Lys28Asn	1
by_gender	female	locationaa	SLCO1B1_p.Ser418Pro	1
by_gender	female	locationaa	SLCO1B3_p.Asp161Asn	1
by_gender	female	locationaa	SLCO1B3_p.Asp596Tyr	1
by_gender	female	locationaa	SLCO1B3_p.Gly88Ala	1
by_gender	female	locationaa	SLCO1B3_p.Met179Ile	1
by_gender	female	locationaa	SLCO1C1_p.Arg73Ser	1
by_gender	female	locationaa	SLCO2A1_p.Ala593Val	1
by_gender	female	locationaa	SLCO2A1_p.Arg137Cys	1
by_gender	female	locationaa	SLCO2B1_p.Arg636Gln	1
by_gender	female	locationaa	SLCO3A1_p.Arg168His	1
by_gender	female	locationaa	SLCO4C1_p.Arg21His	1
by_gender	female	locationaa	SLCO4C1_p.Glu549Lys	1
by_gender	female	locationaa	SLCO5A1_p.Ala90Val	1
by_gender	female	locationaa	SLCO5A1_p.Leu498Arg	1
by_gender	female	locationaa	SLCO6A1_p.Asn104Ser	1
by_gender	female	locationaa	SLCO6A1_p.Cys506Tyr	1
by_gender	female	locationaa	SLF2_p.Ala771Asp	1
by_gender	female	locationaa	SLFN5_p.Arg812Met	1
by_gender	female	locationaa	SLIT1_p.Arg1502Gln	1
by_gender	female	locationaa	SLIT1_p.Gly1416Arg	1
by_gender	female	locationaa	SLIT1_p.Lys484Thr	1
by_gender	female	locationaa	SLIT1_p.Ser411Pro	1
by_gender	female	locationaa	SLIT2_p.Pro910His	1
by_gender	female	locationaa	SLIT2_p.Val737Phe	1
by_gender	female	locationaa	SLIT3_p.Arg234Trp	1
by_gender	female	locationaa	SLIT3_p.Phe153Leu	1
by_gender	female	locationaa	SLITRK1_p.Asn212Thr	1
by_gender	female	locationaa	SLITRK1_p.Val640Met	1
by_gender	female	locationaa	SLITRK2_p.Arg782Lys	1
by_gender	female	locationaa	SLITRK3_p.Arg603His	1
by_gender	female	locationaa	SLITRK4_p.His653Arg	1
by_gender	female	locationaa	SLITRK4_p.Lys417Glu	1
by_gender	female	locationaa	SLITRK5_p.Leu543Val	1
by_gender	female	locationaa	SLITRK5_p.Ser279Tyr	1
by_gender	female	locationaa	SLK_p.Ala346Thr	1
by_gender	female	locationaa	SLK_p.Arg1082Gln	1
by_gender	female	locationaa	SLU7_p.Ala334Val	1
by_gender	female	locationaa	SLU7_p.Arg268Gln	1
by_gender	female	locationaa	SLX4_p.Arg1103His	1
by_gender	female	locationaa	SLX4_p.Glu806Asp	1
by_gender	female	locationaa	SMAD4_p.Ala309SerfsTer25	1
by_gender	female	locationaa	SMAD4_p.Ala96Asp	1
by_gender	female	locationaa	SMAD4_p.Arg361Cys	1
by_gender	female	locationaa	SMAD4_p.Arg496His	1
by_gender	female	locationaa	SMAD4_p.Asp537His	1
by_gender	female	locationaa	SMAD4_p.Glu520Ter	2
by_gender	female	locationaa	SMAD4_p.Gly270GlufsTer66	1
by_gender	female	locationaa	SMAD4_p.Gly352Ter	1
by_gender	female	locationaa	SMAD4_p.Gly358_Asp360del	1
by_gender	female	locationaa	SMAD4_p.Gly384Asp	1
by_gender	female	locationaa	SMAD4_p.His382Leu	1
by_gender	female	locationaa	SMAD4_p.Leu109Gln	1
by_gender	female	locationaa	SMAD4_p.Leu536Pro	1
by_gender	female	locationaa	SMAD4_p.Lys507ArgfsTer19	1
by_gender	female	locationaa	SMAD4_p.Ser144Ter	1
by_gender	female	locationaa	SMAD7_p.Arg314Trp	1
by_gender	female	locationaa	SMAD9_p.His147Tyr	1
by_gender	female	locationaa	SMARCA1_p.Glu1037Ter	1
by_gender	female	locationaa	SMARCA2_p.Ala1064Val	1
by_gender	female	locationaa	SMARCA4_p.Arg1192His	1
by_gender	female	locationaa	SMARCA4_p.Arg521Trp	1
by_gender	female	locationaa	SMARCA4_p.Arg978Ter	1
by_gender	female	locationaa	SMARCAD1_p.Cys963Ter	1
by_gender	female	locationaa	SMARCAD1_p.Leu418Phe	1
by_gender	female	locationaa	SMARCAL1_p.Ala305Val	1
by_gender	female	locationaa	SMARCAL1_p.Arg659Cys	1
by_gender	female	locationaa	SMARCAL1_p.Arg754His	1
by_gender	female	locationaa	SMARCAL1_p.Thr157Ile	1
by_gender	female	locationaa	SMARCB1_p.Arg328Trp	1
by_gender	female	locationaa	SMARCC1_p.Val377Ala	1
by_gender	female	locationaa	SMARCC2_p.Glu713Asp	1
by_gender	female	locationaa	SMARCC2_p.Ser1138Phe	1
by_gender	female	locationaa	SMARCC2_p.Val1174Ala	1
by_gender	female	locationaa	SMARCD2_p.Asp463Asn	1
by_gender	female	locationaa	SMARCD2_p.Ser446Phe	1
by_gender	female	locationaa	SMARCD3_p.Arg470Cys	1
by_gender	female	locationaa	SMC1A_p.Arg275Trp	1
by_gender	female	locationaa	SMC1B_p.Ser746Phe	1
by_gender	female	locationaa	SMC2_p.Glu449Ter	1
by_gender	female	locationaa	SMC2_p.Leu240PhefsTer4	1
by_gender	female	locationaa	SMC3_p.Arg15Ile	1
by_gender	female	locationaa	SMC3_p.Arg57His	1
by_gender	female	locationaa	SMC4_p.Pro1051His	1
by_gender	female	locationaa	SMC5_p.Leu509Val	1
by_gender	female	locationaa	SMC5_p.Val998Gly	1
by_gender	female	locationaa	SMCHD1_p.Ala717Val	1
by_gender	female	locationaa	SMG1_p.Lys2063Glu	1
by_gender	female	locationaa	SMG1_p.Ser2364Arg	1
by_gender	female	locationaa	SMG5_p.Asp941Gly	1
by_gender	female	locationaa	SMG5_p.Glu246Asp	1
by_gender	female	locationaa	SMG5_p.Ser105Ile	1
by_gender	female	locationaa	SMG6_p.Leu1091Pro	1
by_gender	female	locationaa	SMG6_p.Ser1337Phe	1
by_gender	female	locationaa	SMG6_p.Ser443Tyr	1
by_gender	female	locationaa	SMG7_p.Thr635Ile	1
by_gender	female	locationaa	SMG8_p.Leu230Met	1
by_gender	female	locationaa	SMIM21_p.Ala100Thr	1
by_gender	female	locationaa	SMIM8_p.Arg35Cys	1
by_gender	female	locationaa	SMOC1_p.Ala7Thr	1
by_gender	female	locationaa	SMOX_p.Arg542His	1
by_gender	female	locationaa	SMO_p.Glu508Asp	1
by_gender	female	locationaa	SMO_p.Pro739Ser	1
by_gender	female	locationaa	SMPD3_p.Phe439Leu	1
by_gender	female	locationaa	SMPD4_p.Lys277Gln	1
by_gender	female	locationaa	SMPDL3A_p.Ala316Thr	1
by_gender	female	locationaa	SMPX_p.Val46Ala	1
by_gender	female	locationaa	SMTN_p.Ala73Asp	1
by_gender	female	locationaa	SMTN_p.Arg108Cys	1
by_gender	female	locationaa	SMTN_p.Arg29His	1
by_gender	female	locationaa	SMTN_p.Arg764Cys	1
by_gender	female	locationaa	SMUG1_p.Arg243Cys	1
by_gender	female	locationaa	SMYD1_p.Arg76His	1
by_gender	female	locationaa	SMYD1_p.Trp158Ter	1
by_gender	female	locationaa	SMYD2_p.Asn212Thr	1
by_gender	female	locationaa	SMYD5_p.Arg221Trp	1
by_gender	female	locationaa	SMYD5_p.Phe308Leu	1
by_gender	female	locationaa	SMYD5_p.Thr251Ala	1
by_gender	female	locationaa	SNAI3_p.Arg249His	1
by_gender	female	locationaa	SNAI3_p.Ser243LysfsTer41	1
by_gender	female	locationaa	SNAP23_p.Arg186Ter	1
by_gender	female	locationaa	SNAP29_p.Ala82Thr	1
by_gender	female	locationaa	SNAP29_p.Arg236Trp	1
by_gender	female	locationaa	SNAP29_p.Gln84Ter	1
by_gender	female	locationaa	SNAP47_p.Gly380Ser	1
by_gender	female	locationaa	SNAP91_p.Ser2Leu	1
by_gender	female	locationaa	SNAPC1_p.Ala122Val	1
by_gender	female	locationaa	SNAPC2_p.Lys150Arg	1
by_gender	female	locationaa	SNAPC3_p.Arg40His	1
by_gender	female	locationaa	SNAPC4_p.Ala330Thr	1
by_gender	female	locationaa	SNAPC4_p.Gly313Ser	1
by_gender	female	locationaa	SNCAIP_p.Gln779His	1
by_gender	female	locationaa	SNCAIP_p.Phe733Cys	1
by_gender	female	locationaa	SNCAIP_p.Pro688Ser	1
by_gender	female	locationaa	SNCAIP_p.Pro748Thr	1
by_gender	female	locationaa	SNCB_p.Ala69Val	1
by_gender	female	locationaa	SND1_p.Leu780Ile	1
by_gender	female	locationaa	SNED1_p.Arg475His	1
by_gender	female	locationaa	SNIP1_p.Gln161His	1
by_gender	female	locationaa	SNPH_p.Arg387Trp	1
by_gender	female	locationaa	SNRK_p.Gly3Ter	1
by_gender	female	locationaa	SNRK_p.Phe443Cys	1
by_gender	female	locationaa	SNRNP200_p.Gly1816Cys	1
by_gender	female	locationaa	SNRNP27_p.Arg86Trp	1
by_gender	female	locationaa	SNRNP35_p.Arg154Ile	1
by_gender	female	locationaa	SNRNP48_p.Arg274Ter	1
by_gender	female	locationaa	SNRPN_p.Ala164Ser	1
by_gender	female	locationaa	SNRPN_p.Arg61Cys	1
by_gender	female	locationaa	SNTA1_p.Lys177Asn	1
by_gender	female	locationaa	SNTB1_p.Arg195Gln	1
by_gender	female	locationaa	SNTG2_p.Asp295Asn	1
by_gender	female	locationaa	SNW1_p.Ala20Asp	1
by_gender	female	locationaa	SNX10_p.Arg16Ter	1
by_gender	female	locationaa	SNX10_p.Lys79Asn	1
by_gender	female	locationaa	SNX13_p.Arg758Ter	1
by_gender	female	locationaa	SNX13_p.Leu464Ser	1
by_gender	female	locationaa	SNX13_p.Leu801Ile	1
by_gender	female	locationaa	SNX13_p.Phe165Val	1
by_gender	female	locationaa	SNX14_p.Arg349Cys	1
by_gender	female	locationaa	SNX14_p.His242Tyr	1
by_gender	female	locationaa	SNX14_p.Leu831Ile	1
by_gender	female	locationaa	SNX17_p.Ser295Asn	1
by_gender	female	locationaa	SNX18_p.Tyr320Cys	1
by_gender	female	locationaa	SNX18_p.Val587Phe	1
by_gender	female	locationaa	SNX1_p.Gln86His	1
by_gender	female	locationaa	SNX21_p.Arg113Trp	1
by_gender	female	locationaa	SNX25_p.Val710Ile	1
by_gender	female	locationaa	SNX29_p.Glu597Asp	1
by_gender	female	locationaa	SNX31_p.Leu189Ile	1
by_gender	female	locationaa	SNX31_p.Val312Ile	1
by_gender	female	locationaa	SNX32_p.Arg366Gln	1
by_gender	female	locationaa	SNX33_p.Arg377Cys	1
by_gender	female	locationaa	SNX5_p.Leu128Met	1
by_gender	female	locationaa	SNX5_p.Ser380Ala	1
by_gender	female	locationaa	SNX7_p.Asn255Thr	1
by_gender	female	locationaa	SNX9_p.Pro430Ser	1
by_gender	female	locationaa	SOBP_p.Ser172Ile	1
by_gender	female	locationaa	SOCS4_p.Cys440Ter	1
by_gender	female	locationaa	SOCS6_p.Asn319Thr	1
by_gender	female	locationaa	SOGA1_p.Arg335His	1
by_gender	female	locationaa	SOGA1_p.Asp668Asn	1
by_gender	female	locationaa	SOGA3_p.Ala757Thr	1
by_gender	female	locationaa	SOGA3_p.Ala843Val	1
by_gender	female	locationaa	SOGA3_p.Arg873His	1
by_gender	female	locationaa	SOGA3_p.Glu468Asp	1
by_gender	female	locationaa	SOHLH1_p.Gly321Arg	1
by_gender	female	locationaa	SON_p.Val2005Ile	1
by_gender	female	locationaa	SORBS2_p.Pro349Leu	1
by_gender	female	locationaa	SORCS2_p.Thr996Ala	1
by_gender	female	locationaa	SORCS3_p.Arg418Gln	1
by_gender	female	locationaa	SORCS3_p.Cys696Tyr	1
by_gender	female	locationaa	SORCS3_p.Ser650Leu	1
by_gender	female	locationaa	SORL1_p.Ala859Thr	1
by_gender	female	locationaa	SORL1_p.Arg343Ile	1
by_gender	female	locationaa	SORL1_p.Asp1318Tyr	1
by_gender	female	locationaa	SORT1_p.Pro747Ser	1
by_gender	female	locationaa	SOS1_p.Ile110Asn	1
by_gender	female	locationaa	SOS1_p.Leu554Phe	1
by_gender	female	locationaa	SOWAHB_p.Ala439Asp	1
by_gender	female	locationaa	SOWAHB_p.Ala559Thr	1
by_gender	female	locationaa	SOX11_p.Ala10Val	1
by_gender	female	locationaa	SOX11_p.Ala134Thr	1
by_gender	female	locationaa	SOX13_p.Pro270Ser	1
by_gender	female	locationaa	SOX2_p.Ser261Phe	1
by_gender	female	locationaa	SOX30_p.Tyr447His	1
by_gender	female	locationaa	SOX5_p.Ala455Asp	1
by_gender	female	locationaa	SOX6_p.Thr495Ala	1
by_gender	female	locationaa	SOX6_p.Tyr670His	1
by_gender	female	locationaa	SOX7_p.Glu331Gly	1
by_gender	female	locationaa	SOX8_p.Trp316Cys	1
by_gender	female	locationaa	SOX8_p.Val273Ile	1
by_gender	female	locationaa	SP100_p.Ala740Val	1
by_gender	female	locationaa	SP100_p.Pro812Ser	1
by_gender	female	locationaa	SP100_p.Val102Ala	1
by_gender	female	locationaa	SP140L_p.Gly413Arg	1
by_gender	female	locationaa	SP140L_p.Ser436Gly	1
by_gender	female	locationaa	SP140_p.Pro720Ser	1
by_gender	female	locationaa	SP1_p.Ala227Asp	1
by_gender	female	locationaa	SP2_p.Ala260Asp	1
by_gender	female	locationaa	SP2_p.Arg547Cys	1
by_gender	female	locationaa	SP4_p.Gly655Asp	1
by_gender	female	locationaa	SP4_p.Thr255AsnfsTer6	1
by_gender	female	locationaa	SP7_p.Pro123His	1
by_gender	female	locationaa	SPACA1_p.Ala137Thr	1
by_gender	female	locationaa	SPACA1_p.Val86Ile	1
by_gender	female	locationaa	SPACA3_p.Gly106Arg	1
by_gender	female	locationaa	SPACA3_p.Ser15Leu	1
by_gender	female	locationaa	SPAG11B_p.Ser31Pro	1
by_gender	female	locationaa	SPAG16_p.Glu352Ala	1
by_gender	female	locationaa	SPAG17_p.Ala2Val	1
by_gender	female	locationaa	SPAG1_p.Ser136Asn	1
by_gender	female	locationaa	SPAG1_p.Ser189Pro	1
by_gender	female	locationaa	SPAG5_p.Pro464Ser	1
by_gender	female	locationaa	SPAG6_p.Arg448Gln	1
by_gender	female	locationaa	SPAG8_p.Gly160Asp	1
by_gender	female	locationaa	SPAG9_p.Thr971Ile	1
by_gender	female	locationaa	SPARCL1_p.Arg617Ter	1
by_gender	female	locationaa	SPARCL1_p.Leu134ThrfsTer6	1
by_gender	female	locationaa	SPARCL1_p.Ser365Asn	1
by_gender	female	locationaa	SPART_p.Ile402Thr	1
by_gender	female	locationaa	SPART_p.Ile609Val	1
by_gender	female	locationaa	SPATA13_p.Arg204Ter	1
by_gender	female	locationaa	SPATA17_p.Leu55Ile	1
by_gender	female	locationaa	SPATA17_p.Lys349Thr	1
by_gender	female	locationaa	SPATA18_p.Lys404Asn	1
by_gender	female	locationaa	SPATA21_p.Leu249Phe	1
by_gender	female	locationaa	SPATA22_p.Ala334Val	1
by_gender	female	locationaa	SPATA22_p.Gly277Asp	1
by_gender	female	locationaa	SPATA22_p.Leu37Ile	1
by_gender	female	locationaa	SPATA2L_p.Arg186Trp	1
by_gender	female	locationaa	SPATA31A1_p.Ala656Thr	1
by_gender	female	locationaa	SPATA31A1_p.Pro88Ser	1
by_gender	female	locationaa	SPATA31A1_p.Thr355Ala	1
by_gender	female	locationaa	SPATA31A3_p.Ala202Val	1
by_gender	female	locationaa	SPATA31A3_p.Ala948GlyfsTer28	1
by_gender	female	locationaa	SPATA31D1_p.Gln1498Ter	1
by_gender	female	locationaa	SPATA31D1_p.Glu1303Lys	1
by_gender	female	locationaa	SPATA31E1_p.Leu127del	1
by_gender	female	locationaa	SPATA33_p.Gln76Ter	1
by_gender	female	locationaa	SPATA33_p.Pro115Leu	1
by_gender	female	locationaa	SPATA46_p.Ser200Arg	1
by_gender	female	locationaa	SPATA5_p.Glu343Asp	1
by_gender	female	locationaa	SPATA5_p.Pro785Ser	1
by_gender	female	locationaa	SPATA5_p.Tyr831Ter	1
by_gender	female	locationaa	SPATA6L_p.Lys269ArgfsTer12	1
by_gender	female	locationaa	SPATA9_p.Ala73Thr	1
by_gender	female	locationaa	SPATS2_p.Ala253Thr	1
by_gender	female	locationaa	SPATS2_p.Val66Leu	1
by_gender	female	locationaa	SPC25_p.Leu154Val	1
by_gender	female	locationaa	SPDYE3_p.Glu284Ter	1
by_gender	female	locationaa	SPECC1L_p.Ala83Thr	1
by_gender	female	locationaa	SPECC1_p.Gly774Val	1
by_gender	female	locationaa	SPECC1_p.Ser701Pro	1
by_gender	female	locationaa	SPEF2_p.Ala1103Val	1
by_gender	female	locationaa	SPEF2_p.Gly562Ter	1
by_gender	female	locationaa	SPEF2_p.Tyr1030Cys	1
by_gender	female	locationaa	SPEG_p.Arg3196Ter	1
by_gender	female	locationaa	SPEM1_p.Pro183Ser	1
by_gender	female	locationaa	SPEM2_p.Arg241Cys	1
by_gender	female	locationaa	SPEN_p.Arg3536Gln	1
by_gender	female	locationaa	SPEN_p.Arg630Cys	1
by_gender	female	locationaa	SPEN_p.Arg810Trp	1
by_gender	female	locationaa	SPEN_p.Gln3095Ter	1
by_gender	female	locationaa	SPEN_p.Val3508Met	1
by_gender	female	locationaa	SPESP1_p.Ala68Thr	1
by_gender	female	locationaa	SPESP1_p.Met337Val	1
by_gender	female	locationaa	SPG7_p.Ala405Val	1
by_gender	female	locationaa	SPG7_p.Ala596Thr	1
by_gender	female	locationaa	SPHK1_p.Pro246Ser	1
by_gender	female	locationaa	SPHKAP_p.Ala1280Val	1
by_gender	female	locationaa	SPHKAP_p.Ala356Val	1
by_gender	female	locationaa	SPHKAP_p.Ala875Val	1
by_gender	female	locationaa	SPHKAP_p.Asp1467Val	1
by_gender	female	locationaa	SPHKAP_p.Ile41Thr	1
by_gender	female	locationaa	SPHKAP_p.Leu1696Ile	1
by_gender	female	locationaa	SPI1_p.Arg86His	1
by_gender	female	locationaa	SPIN1_p.Arg122Gln	1
by_gender	female	locationaa	SPINDOC_p.Asp288Asn	1
by_gender	female	locationaa	SPINK5_p.Arg654His	1
by_gender	female	locationaa	SPNS2_p.Arg342His	1
by_gender	female	locationaa	SPOCD1_p.Glu1044Asp	1
by_gender	female	locationaa	SPOCD1_p.Gly888Arg	1
by_gender	female	locationaa	SPOCD1_p.Ser137Asn	1
by_gender	female	locationaa	SPOCK3_p.Arg214Trp	1
by_gender	female	locationaa	SPOP_p.Gln360Ter	1
by_gender	female	locationaa	SPOUT1_p.Arg56His	1
by_gender	female	locationaa	SPP2_p.Ser57Cys	1
by_gender	female	locationaa	SPPL3_p.Ser369Ala	1
by_gender	female	locationaa	SPRED1_p.Gln281His	1
by_gender	female	locationaa	SPRED2_p.Ala329Val	1
by_gender	female	locationaa	SPRING1_p.Lys192Thr	1
by_gender	female	locationaa	SPRR2A_p.Lys31Asn	1
by_gender	female	locationaa	SPRR2E_p.Lys72Asn	1
by_gender	female	locationaa	SPRR2G_p.Gln13His	1
by_gender	female	locationaa	SPRTN_p.Arg163Gln	1
by_gender	female	locationaa	SPRYD3_p.Gly430Arg	1
by_gender	female	locationaa	SPSB3_p.Gly187Ser	1
by_gender	female	locationaa	SPSB3_p.Lys235Asn	1
by_gender	female	locationaa	SPTA1_p.Ala827Thr	1
by_gender	female	locationaa	SPTA1_p.Arg891Ter	1
by_gender	female	locationaa	SPTA1_p.Asp947Asn	1
by_gender	female	locationaa	SPTA1_p.Gln850Glu	1
by_gender	female	locationaa	SPTA1_p.Glu1925Asp	1
by_gender	female	locationaa	SPTA1_p.Glu194Lys	1
by_gender	female	locationaa	SPTA1_p.Glu685Ter	1
by_gender	female	locationaa	SPTA1_p.Lys554Asn	1
by_gender	female	locationaa	SPTA1_p.Ser1284Asn	1
by_gender	female	locationaa	SPTA1_p.Thr114Ala	1
by_gender	female	locationaa	SPTAN1_p.Ser1949Ter	1
by_gender	female	locationaa	SPTAN1_p.Val1202Met	1
by_gender	female	locationaa	SPTBN1_p.Ala794Thr	1
by_gender	female	locationaa	SPTBN1_p.Glu1642Asp	1
by_gender	female	locationaa	SPTBN1_p.Ser36Phe	1
by_gender	female	locationaa	SPTBN2_p.Arg2054Trp	1
by_gender	female	locationaa	SPTBN2_p.Arg2187Trp	1
by_gender	female	locationaa	SPTBN2_p.Glu1042Asp	1
by_gender	female	locationaa	SPTBN2_p.Glu1148Asp	1
by_gender	female	locationaa	SPTBN2_p.Pro2215Leu	1
by_gender	female	locationaa	SPTBN2_p.Pro256Leu	1
by_gender	female	locationaa	SPTBN4_p.Ala1827Asp	1
by_gender	female	locationaa	SPTBN4_p.Ala2Val	1
by_gender	female	locationaa	SPTBN4_p.Arg1707His	1
by_gender	female	locationaa	SPTBN4_p.Asp400Gly	1
by_gender	female	locationaa	SPTBN5_p.Arg1702Cys	1
by_gender	female	locationaa	SPTBN5_p.Arg342Trp	1
by_gender	female	locationaa	SPTB_p.Ser1123Phe	1
by_gender	female	locationaa	SPTLC1_p.Ala121Thr	1
by_gender	female	locationaa	SPTLC1_p.Gly288Glu	1
by_gender	female	locationaa	SPTLC3_p.His339Tyr	1
by_gender	female	locationaa	SPZ1_p.Ser311Asn	1
by_gender	female	locationaa	SQLE_p.Ala409Thr	1
by_gender	female	locationaa	SQSTM1_p.Pro60Arg	1
by_gender	female	locationaa	SQSTM1_p.Ser276Tyr	1
by_gender	female	locationaa	SQSTM1_p.Ser277Ile	1
by_gender	female	locationaa	SRBD1_p.Leu754Met	1
by_gender	female	locationaa	SRCAP_p.Ala2234Ser	1
by_gender	female	locationaa	SRCAP_p.Glu2675Ter	1
by_gender	female	locationaa	SRCIN1_p.Gly910Arg	1
by_gender	female	locationaa	SRCIN1_p.Pro1132Leu	1
by_gender	female	locationaa	SRC_p.Asp351Asn	1
by_gender	female	locationaa	SRC_p.Ser104Phe	1
by_gender	female	locationaa	SRD5A3_p.Arg310Met	1
by_gender	female	locationaa	SREBF2_p.Gly262Asp	1
by_gender	female	locationaa	SRFBP1_p.Arg410Ter	1
by_gender	female	locationaa	SRGAP1_p.Gln47Arg	1
by_gender	female	locationaa	SRGAP3_p.Arg698Trp	1
by_gender	female	locationaa	SRL_p.Pro192Ser	1
by_gender	female	locationaa	SRMS_p.Ala90Thr	1
by_gender	female	locationaa	SRMS_p.Arg401His	1
by_gender	female	locationaa	SRMS_p.Leu70Met	1
by_gender	female	locationaa	SRP54_p.Gly298Asp	1
by_gender	female	locationaa	SRP68_p.Ala248Glu	1
by_gender	female	locationaa	SRP68_p.Arg160Cys	1
by_gender	female	locationaa	SRP68_p.Leu260Phe	1
by_gender	female	locationaa	SRP72_p.Ala605Ser	1
by_gender	female	locationaa	SRPK1_p.Lys191Asn	1
by_gender	female	locationaa	SRPRA_p.Val612Ile	1
by_gender	female	locationaa	SRRM1_p.Ala836Val	1
by_gender	female	locationaa	SRRM1_p.Lys788Gln	1
by_gender	female	locationaa	SRRM2_p.Arg1803Trp	1
by_gender	female	locationaa	SRRM2_p.Arg539Ter	1
by_gender	female	locationaa	SRRM2_p.Gln2416His	1
by_gender	female	locationaa	SRRM4_p.Leu249Ile	1
by_gender	female	locationaa	SRRM4_p.Pro241Leu	1
by_gender	female	locationaa	SRRT_p.Pro430Thr	1
by_gender	female	locationaa	SRR_p.Ala286Thr	1
by_gender	female	locationaa	SRR_p.Gly192Ala	1
by_gender	female	locationaa	SRR_p.Leu190Ile	1
by_gender	female	locationaa	SRSF11_p.Arg275Trp	1
by_gender	female	locationaa	SRSF1_p.Arg97Gly	1
by_gender	female	locationaa	SRSF4_p.Ser208Asn	1
by_gender	female	locationaa	SRSF6_p.Arg145Gln	1
by_gender	female	locationaa	SRSF6_p.Arg184His	1
by_gender	female	locationaa	SRSF6_p.Arg229Trp	1
by_gender	female	locationaa	SRSF6_p.Pro304Leu	1
by_gender	female	locationaa	SRSF7_p.Gly113Arg	1
by_gender	female	locationaa	SS18_p.Pro367Ser	1
by_gender	female	locationaa	SSBP2_p.Pro206His	1
by_gender	female	locationaa	SSBP4_p.Met383Thr	1
by_gender	female	locationaa	SSBP4_p.Pro101His	1
by_gender	female	locationaa	SSH1_p.Glu190Lys	1
by_gender	female	locationaa	SSH1_p.Pro1031Ser	1
by_gender	female	locationaa	SSMEM1_p.Arg205Ile	1
by_gender	female	locationaa	SSMEM1_p.Ser190Ile	1
by_gender	female	locationaa	SSPN_p.Gly71Ser	1
by_gender	female	locationaa	SSRP1_p.Gly412Glu	1
by_gender	female	locationaa	SSTR1_p.Leu179Pro	1
by_gender	female	locationaa	SSTR1_p.Trp123Ter	1
by_gender	female	locationaa	SSTR4_p.Arg110Cys	1
by_gender	female	locationaa	SSTR4_p.Thr80Met	1
by_gender	female	locationaa	SSTR4_p.Val177Asp	1
by_gender	female	locationaa	SSTR5_p.Ala281Thr	1
by_gender	female	locationaa	SSTR5_p.Arg113His	1
by_gender	female	locationaa	SSTR5_p.Val289Met	1
by_gender	female	locationaa	SST_p.Glu85Ala	1
by_gender	female	locationaa	SSX2IP_p.Ser341Ile	1
by_gender	female	locationaa	SSX7_p.Ala76Val	1
by_gender	female	locationaa	ST13_p.Thr25Ala	1
by_gender	female	locationaa	ST18_p.Glu684Gly	1
by_gender	female	locationaa	ST18_p.Gly791Arg	1
by_gender	female	locationaa	ST18_p.Met1001Ile	1
by_gender	female	locationaa	ST18_p.Phe507Val	1
by_gender	female	locationaa	ST3GAL1_p.Gly176Trp	1
by_gender	female	locationaa	ST3GAL2_p.Ile335Met	1
by_gender	female	locationaa	ST3GAL4_p.Arg130Trp	1
by_gender	female	locationaa	ST6GAL1_p.Arg348Cys	1
by_gender	female	locationaa	ST6GALNAC4_p.Arg102His	1
by_gender	female	locationaa	ST6GALNAC6_p.Arg234His	1
by_gender	female	locationaa	ST6GALNAC6_p.Trp86Ter	1
by_gender	female	locationaa	ST7L_p.Leu446Ile	1
by_gender	female	locationaa	ST8SIA1_p.Ala17Thr	1
by_gender	female	locationaa	ST8SIA1_p.Ala74Thr	1
by_gender	female	locationaa	ST8SIA4_p.Val264Gly	1
by_gender	female	locationaa	ST8SIA5_p.Arg260His	1
by_gender	female	locationaa	ST8SIA6_p.Gly315ValfsTer2	1
by_gender	female	locationaa	STAB1_p.Ala514Thr	1
by_gender	female	locationaa	STAB1_p.Ala663Val	1
by_gender	female	locationaa	STAB1_p.Arg1772Gln	1
by_gender	female	locationaa	STAB1_p.Arg1879Gln	1
by_gender	female	locationaa	STAB1_p.Arg2301His	1
by_gender	female	locationaa	STAB1_p.Asp1433Asn	1
by_gender	female	locationaa	STAB1_p.Gln779Ter	1
by_gender	female	locationaa	STAB1_p.Glu348Asp	1
by_gender	female	locationaa	STAB1_p.Gly726Glu	1
by_gender	female	locationaa	STAB1_p.Val2236Ile	1
by_gender	female	locationaa	STAB2_p.Ser1678Leu	1
by_gender	female	locationaa	STAB2_p.Ser65Phe	1
by_gender	female	locationaa	STAC2_p.Ser232Asn	1
by_gender	female	locationaa	STAG1_p.Ile924Thr	1
by_gender	female	locationaa	STAG1_p.Thr1054Ile	1
by_gender	female	locationaa	STAG2_p.Glu251Ala	1
by_gender	female	locationaa	STAG2_p.Met148Ile	1
by_gender	female	locationaa	STAG3_p.Glu1219Lys	1
by_gender	female	locationaa	STAG3_p.Gly210Asp	1
by_gender	female	locationaa	STAM2_p.Asn254Thr	1
by_gender	female	locationaa	STAMBPL1_p.Asn237Asp	1
by_gender	female	locationaa	STAM_p.Ala110Val	1
by_gender	female	locationaa	STAM_p.Met394Val	1
by_gender	female	locationaa	STAP1_p.Leu49Phe	1
by_gender	female	locationaa	STARD3NL_p.Arg107Gln	1
by_gender	female	locationaa	STARD4_p.Leu205Ser	1
by_gender	female	locationaa	STARD6_p.Gly177Glu	1
by_gender	female	locationaa	STARD8_p.Asp332Gly	1
by_gender	female	locationaa	STAR_p.Ala27Val	1
by_gender	female	locationaa	STAR_p.Asp246Asn	1
by_gender	female	locationaa	STAR_p.Ser56Asn	1
by_gender	female	locationaa	STAT1_p.Ala415Asp	1
by_gender	female	locationaa	STAT2_p.Ala2Val	1
by_gender	female	locationaa	STAT2_p.Glu562Asp	1
by_gender	female	locationaa	STAT3_p.Ser719Asn	1
by_gender	female	locationaa	STAT5A_p.Arg294Cys	1
by_gender	female	locationaa	STAT6_p.Arg626Gln	1
by_gender	female	locationaa	STAU1_p.Lys155Thr	1
by_gender	female	locationaa	STAU1_p.Val481Ala	1
by_gender	female	locationaa	STC1_p.Ser95Arg	1
by_gender	female	locationaa	STEAP2_p.Arg417Ter	1
by_gender	female	locationaa	STEAP3_p.Ser97Phe	1
by_gender	female	locationaa	STEAP4_p.Tyr205Ter	1
by_gender	female	locationaa	STH_p.Ser79Asn	1
by_gender	female	locationaa	STIL_p.Ser272Ile	1
by_gender	female	locationaa	STIL_p.Ser556Tyr	1
by_gender	female	locationaa	STIMATE_p.Leu194Met	1
by_gender	female	locationaa	STIP1_p.Ala81Thr	1
by_gender	female	locationaa	STK10_p.Arg578Trp	1
by_gender	female	locationaa	STK10_p.Lys272Asn	1
by_gender	female	locationaa	STK11IP_p.Arg629His	1
by_gender	female	locationaa	STK11_p.Leu282AlafsTer3	1
by_gender	female	locationaa	STK11_p.Ser19Pro	1
by_gender	female	locationaa	STK25_p.Val223Ile	1
by_gender	female	locationaa	STK31_p.Ala10Ser	1
by_gender	female	locationaa	STK31_p.Asp198Asn	1
by_gender	female	locationaa	STK31_p.Glu376Ala	1
by_gender	female	locationaa	STK31_p.Ser828Leu	1
by_gender	female	locationaa	STK32A_p.Ser255Ter	1
by_gender	female	locationaa	STK33_p.Lys461Thr	1
by_gender	female	locationaa	STK36_p.Arg46Met	1
by_gender	female	locationaa	STK38L_p.Lys444Thr	1
by_gender	female	locationaa	STK40_p.Arg431His	1
by_gender	female	locationaa	STMN1_p.Glu10Ter	1
by_gender	female	locationaa	STN1_p.Ser74Ile	1
by_gender	female	locationaa	STOML2_p.Arg171His	1
by_gender	female	locationaa	STOML3_p.Ile68Val	1
by_gender	female	locationaa	STON1_p.Asp199Gly	1
by_gender	female	locationaa	STON1_p.Glu336Asp	1
by_gender	female	locationaa	STON2_p.Ser60Tyr	1
by_gender	female	locationaa	STOX1_p.Lys474Thr	1
by_gender	female	locationaa	STOX2_p.Pro91Ser	1
by_gender	female	locationaa	STPG2_p.Tyr26Cys	1
by_gender	female	locationaa	STPG3_p.Gly283Ter	1
by_gender	female	locationaa	STRC_p.Gly152Ser	1
by_gender	female	locationaa	STRIP1_p.Glu64Asp	1
by_gender	female	locationaa	STRIP1_p.Leu287Ile	1
by_gender	female	locationaa	STRIP2_p.Pro489Ser	1
by_gender	female	locationaa	STRN3_p.Gln198His	1
by_gender	female	locationaa	STRN4_p.Arg442His	1
by_gender	female	locationaa	STRN4_p.Arg721Cys	1
by_gender	female	locationaa	STRN4_p.Met303Ile	1
by_gender	female	locationaa	STRN4_p.Trp428Ter	1
by_gender	female	locationaa	STRN_p.Ala632Thr	1
by_gender	female	locationaa	STS_p.Ala447Asp	1
by_gender	female	locationaa	STX11_p.Arg264Trp	1
by_gender	female	locationaa	STX3_p.Ile208Thr	1
by_gender	female	locationaa	STX4_p.Ala269Val	1
by_gender	female	locationaa	STX4_p.Val285Ile	1
by_gender	female	locationaa	STXBP1_p.Arg275Trp	1
by_gender	female	locationaa	STXBP1_p.Pro187Leu	1
by_gender	female	locationaa	STXBP5L_p.Arg1029Ter	1
by_gender	female	locationaa	STXBP5L_p.Arg95Ter	1
by_gender	female	locationaa	STXBP5L_p.Gln1185His	1
by_gender	female	locationaa	STXBP5L_p.Ile951Thr	1
by_gender	female	locationaa	STXBP5L_p.Ser606Asn	1
by_gender	female	locationaa	STXBP5L_p.Thr888Ala	1
by_gender	female	locationaa	STXBP5_p.Asp377Asn	1
by_gender	female	locationaa	STXBP5_p.His123Arg	1
by_gender	female	locationaa	STXBP5_p.Leu516Met	1
by_gender	female	locationaa	STXBP5_p.Leu829Pro	1
by_gender	female	locationaa	STXBP5_p.Pro1036Leu	1
by_gender	female	locationaa	STXBP5_p.Thr850Ile	1
by_gender	female	locationaa	STXBP5_p.Val171Ala	1
by_gender	female	locationaa	STXBP6_p.Arg179Ter	1
by_gender	female	locationaa	STYK1_p.Pro325Ser	1
by_gender	female	locationaa	STYXL2_p.Gln905His	1
by_gender	female	locationaa	STYXL2_p.Gly998Ser	1
by_gender	female	locationaa	STYXL2_p.Tyr186His	1
by_gender	female	locationaa	SUCLA2_p.Gln313His	1
by_gender	female	locationaa	SUCLG1_p.Glu109Ala	1
by_gender	female	locationaa	SUCO_p.Asn1035IlefsTer2	1
by_gender	female	locationaa	SUCO_p.Gly1246Asp	1
by_gender	female	locationaa	SUDS3_p.Glu148Asp	1
by_gender	female	locationaa	SUFU_p.Ser165Ile	1
by_gender	female	locationaa	SUGCT_p.Asp299Tyr	1
by_gender	female	locationaa	SUGP1_p.Glu424Asp	1
by_gender	female	locationaa	SUGP1_p.Glu533Lys	1
by_gender	female	locationaa	SUGP2_p.Asp591Asn	1
by_gender	female	locationaa	SUGP2_p.Cys381LeufsTer19	1
by_gender	female	locationaa	SUGP2_p.Glu180Lys	1
by_gender	female	locationaa	SUGT1_p.Gly7Glu	1
by_gender	female	locationaa	SULF1_p.Ala453Thr	1
by_gender	female	locationaa	SULF1_p.His498Pro	1
by_gender	female	locationaa	SULT1A2_p.Glu166Ter	1
by_gender	female	locationaa	SULT1C4_p.Lys113Arg	1
by_gender	female	locationaa	SULT2B1_p.Arg59Trp	1
by_gender	female	locationaa	SULT6B1_p.Lys123Thr	1
by_gender	female	locationaa	SUN1_p.Arg131Trp	1
by_gender	female	locationaa	SUN1_p.Lys533Thr	1
by_gender	female	locationaa	SUPT16H_p.Arg569Ter	1
by_gender	female	locationaa	SUPT20HL2_p.Pro123His	1
by_gender	female	locationaa	SUPT5H_p.Ala915Val	1
by_gender	female	locationaa	SUPT5H_p.Gln211Ter	1
by_gender	female	locationaa	SUPT6H_p.Ala1554Val	1
by_gender	female	locationaa	SUPT6H_p.Arg715Trp	1
by_gender	female	locationaa	SUPT6H_p.Glu739Lys	1
by_gender	female	locationaa	SUPV3L1_p.Ala6Thr	1
by_gender	female	locationaa	SUPV3L1_p.Leu119Ile	1
by_gender	female	locationaa	SUSD1_p.Phe594Cys	1
by_gender	female	locationaa	SUSD1_p.Thr350Ile	1
by_gender	female	locationaa	SUSD4_p.Ala130Val	1
by_gender	female	locationaa	SUSD4_p.Ala81Ser	1
by_gender	female	locationaa	SUV39H2_p.Met278Thr	1
by_gender	female	locationaa	SUV39H2_p.Phe276Val	1
by_gender	female	locationaa	SV2C_p.Ser178Gly	1
by_gender	female	locationaa	SVEP1_p.Ala2043Thr	1
by_gender	female	locationaa	SVEP1_p.Arg212Ter	1
by_gender	female	locationaa	SVEP1_p.Ser199Pro	1
by_gender	female	locationaa	SVEP1_p.Thr3160Ala	1
by_gender	female	locationaa	SVEP1_p.Thr355Ala	1
by_gender	female	locationaa	SVIL_p.Arg1356Cys	1
by_gender	female	locationaa	SVOP_p.Ala276Thr	1
by_gender	female	locationaa	SWAP70_p.Gln399His	1
by_gender	female	locationaa	SWAP70_p.Glu148Lys	1
by_gender	female	locationaa	SWI5_p.Asp2Ala	1
by_gender	female	locationaa	SWT1_p.Phe403Ser	1
by_gender	female	locationaa	SWT1_p.Pro550His	1
by_gender	female	locationaa	SYCP2_p.Ala376Thr	1
by_gender	female	locationaa	SYCP2_p.Arg1397Lys	1
by_gender	female	locationaa	SYDE1_p.Arg430Trp	1
by_gender	female	locationaa	SYF2_p.Arg214Met	1
by_gender	female	locationaa	SYK_p.Ala86Thr	1
by_gender	female	locationaa	SYK_p.Leu561Ser	1
by_gender	female	locationaa	SYMPK_p.Leu194Met	1
by_gender	female	locationaa	SYMPK_p.Pro404His	1
by_gender	female	locationaa	SYMPK_p.Ser636Leu	1
by_gender	female	locationaa	SYMPK_p.Thr1096Ile	1
by_gender	female	locationaa	SYN2_p.Asn284Lys	1
by_gender	female	locationaa	SYN3_p.Arg27His	1
by_gender	female	locationaa	SYN3_p.Pro190His	1
by_gender	female	locationaa	SYN3_p.Pro241Ser	1
by_gender	female	locationaa	SYNCRIP_p.Ala206Val	1
by_gender	female	locationaa	SYNCRIP_p.Gly540Ter	1
by_gender	female	locationaa	SYNDIG1_p.Asp18Gly	1
by_gender	female	locationaa	SYNE1_p.Ala1297Thr	1
by_gender	female	locationaa	SYNE1_p.Ala1856Thr	1
by_gender	female	locationaa	SYNE1_p.Ala3140Val	1
by_gender	female	locationaa	SYNE1_p.Ala3571Val	1
by_gender	female	locationaa	SYNE1_p.Ala8497Thr	1
by_gender	female	locationaa	SYNE1_p.Arg3070Ter	1
by_gender	female	locationaa	SYNE1_p.Arg3417Met	1
by_gender	female	locationaa	SYNE1_p.Gln900His	1
by_gender	female	locationaa	SYNE1_p.Glu2851Lys	1
by_gender	female	locationaa	SYNE1_p.Gly5067Ser	1
by_gender	female	locationaa	SYNE1_p.Leu5388Ile	1
by_gender	female	locationaa	SYNE1_p.Leu7947Ile	1
by_gender	female	locationaa	SYNE1_p.Ser4438Gly	1
by_gender	female	locationaa	SYNE1_p.Ser4563Tyr	1
by_gender	female	locationaa	SYNE1_p.Ser6327Ile	1
by_gender	female	locationaa	SYNE1_p.Ser7847Ile	1
by_gender	female	locationaa	SYNE1_p.Thr8410Ile	1
by_gender	female	locationaa	SYNE1_p.Trp1657Cys	1
by_gender	female	locationaa	SYNE1_p.Val7885Ile	1
by_gender	female	locationaa	SYNE2_p.Arg5731Cys	1
by_gender	female	locationaa	SYNE2_p.Arg6834Gln	1
by_gender	female	locationaa	SYNE2_p.Asp2592Asn	1
by_gender	female	locationaa	SYNE2_p.Gln2612His	1
by_gender	female	locationaa	SYNE2_p.Glu2830Ter	1
by_gender	female	locationaa	SYNE2_p.Leu359Pro	1
by_gender	female	locationaa	SYNE2_p.Met5272Ile	1
by_gender	female	locationaa	SYNE2_p.Pro2279His	1
by_gender	female	locationaa	SYNE2_p.Ser3243Ile	1
by_gender	female	locationaa	SYNE2_p.Ser3444Leu	1
by_gender	female	locationaa	SYNE2_p.Thr2798Ile	1
by_gender	female	locationaa	SYNGAP1_p.Pro111Thr	1
by_gender	female	locationaa	SYNGAP1_p.Pro38Ser	1
by_gender	female	locationaa	SYNGR1_p.Ala168Ser	1
by_gender	female	locationaa	SYNGR3_p.Val198Ala	1
by_gender	female	locationaa	SYNJ2_p.Ala1274Val	1
by_gender	female	locationaa	SYNJ2_p.Ser618Cys	1
by_gender	female	locationaa	SYNM_p.Gly595Ser	1
by_gender	female	locationaa	SYNPO2L_p.Gln393His	1
by_gender	female	locationaa	SYNPO2_p.Asn1205Ser	1
by_gender	female	locationaa	SYNPO2_p.Asp1120Asn	1
by_gender	female	locationaa	SYNPO2_p.Pro162Leu	1
by_gender	female	locationaa	SYNRG_p.Asp814Gly	1
by_gender	female	locationaa	SYNRG_p.Gly569Asp	1
by_gender	female	locationaa	SYT10_p.Leu275Ile	1
by_gender	female	locationaa	SYT12_p.Arg369His	1
by_gender	female	locationaa	SYT13_p.Cys24Ter	1
by_gender	female	locationaa	SYT13_p.Ser402Tyr	1
by_gender	female	locationaa	SYT14_p.Asp254Ala	1
by_gender	female	locationaa	SYT15_p.Arg262His	1
by_gender	female	locationaa	SYT17_p.Arg249Cys	1
by_gender	female	locationaa	SYT2_p.Lys319Gln	1
by_gender	female	locationaa	SYT3_p.Arg347Cys	1
by_gender	female	locationaa	SYT3_p.Phe351Leu	1
by_gender	female	locationaa	SYT4_p.Phe248Cys	1
by_gender	female	locationaa	SYT5_p.Ala178Thr	1
by_gender	female	locationaa	SYT5_p.Arg157Gln	1
by_gender	female	locationaa	SYT7_p.Arg316Gln	1
by_gender	female	locationaa	SYT7_p.Thr153Ala	1
by_gender	female	locationaa	SYT7_p.Thr31Asn	1
by_gender	female	locationaa	SYT9_p.Ala462Thr	1
by_gender	female	locationaa	SYTL1_p.Arg388Trp	1
by_gender	female	locationaa	SYTL1_p.Ser349Ile	1
by_gender	female	locationaa	SYTL4_p.Arg89Trp	1
by_gender	female	locationaa	SYTL5_p.Asp499Ala	1
by_gender	female	locationaa	SYTL5_p.His178Tyr	1
by_gender	female	locationaa	SZT2_p.Arg3076Ter	1
by_gender	female	locationaa	SZT2_p.Arg797His	1
by_gender	female	locationaa	TAAR1_p.Asp103Asn	1
by_gender	female	locationaa	TAAR2_p.Ala63Thr	1
by_gender	female	locationaa	TAAR5_p.Lys317Thr	1
by_gender	female	locationaa	TAAR6_p.Tyr217His	1
by_gender	female	locationaa	TAAR8_p.Leu330Ile	1
by_gender	female	locationaa	TAAR8_p.Thr54Ile	1
by_gender	female	locationaa	TAB2_p.Pro264His	1
by_gender	female	locationaa	TAB3_p.Gln276His	1
by_gender	female	locationaa	TACC1_p.Pro188Ser	1
by_gender	female	locationaa	TACC2_p.Ala282Thr	1
by_gender	female	locationaa	TACC2_p.Ala87Val	1
by_gender	female	locationaa	TACC2_p.Val879Met	1
by_gender	female	locationaa	TACR1_p.Ala118Thr	1
by_gender	female	locationaa	TACR1_p.Ala77Val	1
by_gender	female	locationaa	TACR3_p.Gly281Ter	1
by_gender	female	locationaa	TACR3_p.Val403Met	1
by_gender	female	locationaa	TADA2A_p.Phe433Tyr	1
by_gender	female	locationaa	TAF15_p.Arg395Trp	1
by_gender	female	locationaa	TAF15_p.Tyr541Cys	1
by_gender	female	locationaa	TAF1A_p.Val446Ala	1
by_gender	female	locationaa	TAF1B_p.Cys300Ter	1
by_gender	female	locationaa	TAF1B_p.Lys392Arg	1
by_gender	female	locationaa	TAF1C_p.Leu717Ile	1
by_gender	female	locationaa	TAF1D_p.Arg129Ile	1
by_gender	female	locationaa	TAF1L_p.Lys481Arg	1
by_gender	female	locationaa	TAF1L_p.Pro533Ser	1
by_gender	female	locationaa	TAF1_p.Asn25Ser	1
by_gender	female	locationaa	TAF1_p.Lys147Asn	1
by_gender	female	locationaa	TAF1_p.Met1405Val	1
by_gender	female	locationaa	TAF2_p.Arg678Gln	1
by_gender	female	locationaa	TAF4B_p.Pro486His	1
by_gender	female	locationaa	TAF4_p.Gln911His	1
by_gender	female	locationaa	TAF5L_p.Arg20Gln	1
by_gender	female	locationaa	TAF5L_p.Arg468His	1
by_gender	female	locationaa	TAF6L_p.Ala141Thr	1
by_gender	female	locationaa	TAF6L_p.Arg264Trp	1
by_gender	female	locationaa	TAF6L_p.Pro233Ser	1
by_gender	female	locationaa	TAFA5_p.Thr60Met	1
by_gender	female	locationaa	TAGAP_p.Arg711Ter	1
by_gender	female	locationaa	TAGAP_p.Pro590His	1
by_gender	female	locationaa	TAGAP_p.Ser729Leu	1
by_gender	female	locationaa	TAL2_p.Arg45Cys	1
by_gender	female	locationaa	TANC1_p.Ala526Thr	1
by_gender	female	locationaa	TANC1_p.Arg1344Ter	1
by_gender	female	locationaa	TANC1_p.Leu1083Arg	1
by_gender	female	locationaa	TANC1_p.Leu886Ile	1
by_gender	female	locationaa	TANC1_p.Trp246Ter	1
by_gender	female	locationaa	TANC2_p.Ala1909Thr	1
by_gender	female	locationaa	TANC2_p.Ser1458Thr	1
by_gender	female	locationaa	TAOK1_p.Glu881Gln	1
by_gender	female	locationaa	TAOK1_p.Tyr235Cys	1
by_gender	female	locationaa	TAOK2_p.Arg150Thr	1
by_gender	female	locationaa	TAOK2_p.Asp882Asn	1
by_gender	female	locationaa	TAOK2_p.Leu569Ile	1
by_gender	female	locationaa	TAOK2_p.Val15Ala	1
by_gender	female	locationaa	TAP1_p.Ile457Arg	1
by_gender	female	locationaa	TAPBPL_p.Arg356Met	1
by_gender	female	locationaa	TARBP2_p.Arg189His	1
by_gender	female	locationaa	TARS1_p.Arg423Gln	1
by_gender	female	locationaa	TARS3_p.Ala243Val	1
by_gender	female	locationaa	TARS3_p.Phe605Ser	1
by_gender	female	locationaa	TAS1R1_p.Val782Ile	1
by_gender	female	locationaa	TAS1R2_p.Asp278Asn	1
by_gender	female	locationaa	TAS1R2_p.Ser784Asn	1
by_gender	female	locationaa	TAS1R2_p.Thr485Ile	1
by_gender	female	locationaa	TAS1R3_p.Gly822Trp	1
by_gender	female	locationaa	TAS2R10_p.Phe107Val	1
by_gender	female	locationaa	TAS2R16_p.Cys104Arg	1
by_gender	female	locationaa	TAS2R16_p.Pro143His	1
by_gender	female	locationaa	TAS2R1_p.Glu74Ter	1
by_gender	female	locationaa	TAS2R38_p.Arg330Gln	1
by_gender	female	locationaa	TAS2R38_p.Arg8Cys	1
by_gender	female	locationaa	TAS2R38_p.Ser212Tyr	1
by_gender	female	locationaa	TAS2R3_p.Ala112Thr	1
by_gender	female	locationaa	TAS2R41_p.Gly81Ser	1
by_gender	female	locationaa	TAS2R42_p.Leu216Phe	1
by_gender	female	locationaa	TAS2R50_p.Ile193Met	1
by_gender	female	locationaa	TAS2R60_p.Val30Ile	1
by_gender	female	locationaa	TAS2R9_p.Ile143Ser	1
by_gender	female	locationaa	TASOR2_p.Asp850Asn	1
by_gender	female	locationaa	TASOR2_p.Asp982Asn	1
by_gender	female	locationaa	TASOR2_p.Gly1192Asp	1
by_gender	female	locationaa	TASOR2_p.Gly970Asp	1
by_gender	female	locationaa	TASOR2_p.Lys413Arg	1
by_gender	female	locationaa	TASOR2_p.Ser382Leu	1
by_gender	female	locationaa	TASOR_p.Lys925Asn	1
by_gender	female	locationaa	TATDN2_p.Ser490Asn	1
by_gender	female	locationaa	TATDN2_p.Ser50Ile	1
by_gender	female	locationaa	TAX1BP1_p.Ala245Ser	1
by_gender	female	locationaa	TAZ_p.Leu115Trp	1
by_gender	female	locationaa	TBC1D10B_p.Glu485Asp	1
by_gender	female	locationaa	TBC1D12_p.Glu733Lys	1
by_gender	female	locationaa	TBC1D14_p.Glu72Lys	1
by_gender	female	locationaa	TBC1D15_p.Arg417Lys	1
by_gender	female	locationaa	TBC1D17_p.Gly443Asp	1
by_gender	female	locationaa	TBC1D22A_p.Pro383His	1
by_gender	female	locationaa	TBC1D24_p.Ala246Val	1
by_gender	female	locationaa	TBC1D2B_p.Phe683Cys	1
by_gender	female	locationaa	TBC1D2B_p.Ser230Leu	1
by_gender	female	locationaa	TBC1D2_p.Arg874His	1
by_gender	female	locationaa	TBC1D31_p.Leu569Ile	1
by_gender	female	locationaa	TBC1D32_p.Arg1226Ter	1
by_gender	female	locationaa	TBC1D5_p.Leu225Ile	1
by_gender	female	locationaa	TBC1D8_p.Glu1006Gly	1
by_gender	female	locationaa	TBC1D8_p.Glu269Val	1
by_gender	female	locationaa	TBC1D8_p.Ser1037Tyr	1
by_gender	female	locationaa	TBC1D9B_p.Arg865Trp	1
by_gender	female	locationaa	TBC1D9B_p.Asp1046Gly	1
by_gender	female	locationaa	TBC1D9B_p.Ser665Ile	1
by_gender	female	locationaa	TBC1D9_p.Leu1113Met	1
by_gender	female	locationaa	TBC1D9_p.Leu391Ile	1
by_gender	female	locationaa	TBCC_p.Ala257Val	1
by_gender	female	locationaa	TBCD_p.Ser996Leu	1
by_gender	female	locationaa	TBCK_p.Ala230Asp	1
by_gender	female	locationaa	TBCK_p.Pro282Ser	1
by_gender	female	locationaa	TBL2_p.Asp193Asn	1
by_gender	female	locationaa	TBP_p.Thr338Met	1
by_gender	female	locationaa	TBR1_p.His35Tyr	1
by_gender	female	locationaa	TBRG4_p.Trp174Arg	1
by_gender	female	locationaa	TBX10_p.Ala137Val	1
by_gender	female	locationaa	TBX15_p.Arg125Trp	1
by_gender	female	locationaa	TBX15_p.Gly466Ser	1
by_gender	female	locationaa	TBX20_p.Asp188Tyr	1
by_gender	female	locationaa	TBX22_p.Asn438Ser	1
by_gender	female	locationaa	TBX3_p.Pro83Ser	1
by_gender	female	locationaa	TBX4_p.Ser488Asn	1
by_gender	female	locationaa	TBX6_p.Arg171Cys	1
by_gender	female	locationaa	TBXA2R_p.Ala50Val	1
by_gender	female	locationaa	TBXAS1_p.Ala194Thr	1
by_gender	female	locationaa	TC2N_p.Glu4Lys	1
by_gender	female	locationaa	TCEA2_p.Arg206Trp	1
by_gender	female	locationaa	TCEAL2_p.Pro135Ser	1
by_gender	female	locationaa	TCERG1L_p.Arg267His	1
by_gender	female	locationaa	TCERG1L_p.Lys584Asn	1
by_gender	female	locationaa	TCERG1_p.Ala219Thr	1
by_gender	female	locationaa	TCERG1_p.Arg769Ter	1
by_gender	female	locationaa	TCERG1_p.Asp442Asn	1
by_gender	female	locationaa	TCERG1_p.Lys439Asn	1
by_gender	female	locationaa	TCERG1_p.Thr301Ala	1
by_gender	female	locationaa	TCF19_p.Ser325Ile	1
by_gender	female	locationaa	TCF20_p.Asp520Tyr	1
by_gender	female	locationaa	TCF20_p.Ser663Asn	1
by_gender	female	locationaa	TCF25_p.Leu647Met	1
by_gender	female	locationaa	TCF25_p.Leu658Phe	1
by_gender	female	locationaa	TCF25_p.Phe508Ser	1
by_gender	female	locationaa	TCF3_p.Ala162Thr	1
by_gender	female	locationaa	TCF4_p.Ile22Met	1
by_gender	female	locationaa	TCF4_p.Pro136Thr	1
by_gender	female	locationaa	TCF4_p.Ser464Ile	1
by_gender	female	locationaa	TCF4_p.Thr526Ala	1
by_gender	female	locationaa	TCF7L1_p.Ala527Val	1
by_gender	female	locationaa	TCF7L2_p.His441Arg	1
by_gender	female	locationaa	TCF7_p.Glu164Lys	1
by_gender	female	locationaa	TCHHL1_p.Pro47Thr	1
by_gender	female	locationaa	TCHH_p.Arg113His	1
by_gender	female	locationaa	TCHH_p.Arg1838Trp	1
by_gender	female	locationaa	TCHH_p.Arg373Cys	1
by_gender	female	locationaa	TCIRG1_p.Ser605Ile	1
by_gender	female	locationaa	TCN1_p.Glu424Lys	1
by_gender	female	locationaa	TCN1_p.Pro38His	1
by_gender	female	locationaa	TCN2_p.Asn115Lys	1
by_gender	female	locationaa	TCN2_p.Met258Lys	1
by_gender	female	locationaa	TCN2_p.Ser245Ile	1
by_gender	female	locationaa	TCTE1_p.Arg478His	1
by_gender	female	locationaa	TCTEX1D1_p.Arg54His	1
by_gender	female	locationaa	TCTEX1D1_p.Pro124Ser	1
by_gender	female	locationaa	TCTN1_p.Val347Ile	1
by_gender	female	locationaa	TDG_p.His398Arg	1
by_gender	female	locationaa	TDO2_p.Tyr359Cys	1
by_gender	female	locationaa	TDP2_p.Ala322Thr	1
by_gender	female	locationaa	TDRD10_p.Met167Thr	1
by_gender	female	locationaa	TDRD1_p.Asp539Tyr	1
by_gender	female	locationaa	TDRD5_p.Gly474Trp	1
by_gender	female	locationaa	TDRD5_p.Ser899Tyr	1
by_gender	female	locationaa	TDRD6_p.Phe1979Tyr	1
by_gender	female	locationaa	TDRD9_p.Met638Ile	1
by_gender	female	locationaa	TEAD2_p.Met399Leu	1
by_gender	female	locationaa	TEAD2_p.Tyr246Cys	1
by_gender	female	locationaa	TEAD3_p.Cys368Arg	1
by_gender	female	locationaa	TEAD4_p.Arg83His	1
by_gender	female	locationaa	TECPR2_p.Pro665Ser	1
by_gender	female	locationaa	TECR_p.Arg287His	1
by_gender	female	locationaa	TECTA_p.Ala1471Val	1
by_gender	female	locationaa	TECTA_p.Arg268Trp	1
by_gender	female	locationaa	TECTA_p.Asn791Asp	1
by_gender	female	locationaa	TECTA_p.Leu715Phe	1
by_gender	female	locationaa	TECTA_p.Ser2120Arg	1
by_gender	female	locationaa	TECTB_p.Arg250Trp	1
by_gender	female	locationaa	TECTB_p.Gly192Trp	1
by_gender	female	locationaa	TECTB_p.Thr207Ile	1
by_gender	female	locationaa	TEC_p.Val465Ile	1
by_gender	female	locationaa	TEFM_p.Gln239Ter	1
by_gender	female	locationaa	TEKT1_p.Gln334His	1
by_gender	female	locationaa	TEKT2_p.Arg395Cys	1
by_gender	female	locationaa	TEKT4_p.Ala325Val	1
by_gender	female	locationaa	TEKT4_p.Leu130Met	1
by_gender	female	locationaa	TEKT5_p.Glu254Lys	1
by_gender	female	locationaa	TEK_p.Gly743Arg	1
by_gender	female	locationaa	TEK_p.Ser599Leu	1
by_gender	female	locationaa	TELO2_p.Ala450Thr	1
by_gender	female	locationaa	TENM1_p.Asp1802Gly	1
by_gender	female	locationaa	TENM1_p.Glu2721Lys	1
by_gender	female	locationaa	TENM1_p.His2715Asn	1
by_gender	female	locationaa	TENM1_p.Leu1639Ile	1
by_gender	female	locationaa	TENM2_p.Arg1566Trp	1
by_gender	female	locationaa	TENM2_p.Arg456Gln	1
by_gender	female	locationaa	TENM2_p.Leu2350Ile	1
by_gender	female	locationaa	TENM2_p.Phe2079Leu	1
by_gender	female	locationaa	TENM3_p.Ala2618Val	1
by_gender	female	locationaa	TENM3_p.Arg1341Cys	1
by_gender	female	locationaa	TENM3_p.Arg2228His	1
by_gender	female	locationaa	TENM3_p.Arg392Ter	1
by_gender	female	locationaa	TENM3_p.Leu1934Ile	1
by_gender	female	locationaa	TENM3_p.Pro1392His	1
by_gender	female	locationaa	TENM4_p.Arg2711Trp	1
by_gender	female	locationaa	TENM4_p.Asp1373Asn	1
by_gender	female	locationaa	TENM4_p.Ser2518Tyr	1
by_gender	female	locationaa	TENM4_p.Tyr1114Ter	1
by_gender	female	locationaa	TENT5B_p.Val146Ala	1
by_gender	female	locationaa	TEP1_p.Arg2221Gln	1
by_gender	female	locationaa	TEP1_p.Asp2118Asn	1
by_gender	female	locationaa	TEP1_p.Val301Ile	1
by_gender	female	locationaa	TERF2IP_p.Ile277Thr	1
by_gender	female	locationaa	TERT_p.Glu555Lys	1
by_gender	female	locationaa	TERT_p.Gly225Arg	1
by_gender	female	locationaa	TERT_p.Met1054Val	1
by_gender	female	locationaa	TERT_p.Pro1121Gln	1
by_gender	female	locationaa	TESC_p.Asp68Asn	1
by_gender	female	locationaa	TESC_p.Met121Ile	1
by_gender	female	locationaa	TESMIN_p.Asp74Asn	1
by_gender	female	locationaa	TET1_p.Ala465Asp	1
by_gender	female	locationaa	TET1_p.Arg1532Gln	1
by_gender	female	locationaa	TET1_p.Glu212Asp	1
by_gender	female	locationaa	TET1_p.Ser1180Phe	1
by_gender	female	locationaa	TET1_p.Ser1832Leu	1
by_gender	female	locationaa	TET2_p.Leu590Ile	1
by_gender	female	locationaa	TET3_p.Ala1007Thr	1
by_gender	female	locationaa	TET3_p.Ala261Thr	1
by_gender	female	locationaa	TET3_p.Lys578Met	1
by_gender	female	locationaa	TEX10_p.Gln558Glu	1
by_gender	female	locationaa	TEX11_p.Ala591Thr	1
by_gender	female	locationaa	TEX11_p.Val875Ile	1
by_gender	female	locationaa	TEX13A_p.Thr316Asn	1
by_gender	female	locationaa	TEX13B_p.Ala171Thr	1
by_gender	female	locationaa	TEX14_p.Asp1173Tyr	1
by_gender	female	locationaa	TEX15_p.Glu2783Asp	1
by_gender	female	locationaa	TEX15_p.Gly2396Val	1
by_gender	female	locationaa	TEX15_p.Gly368Glu	1
by_gender	female	locationaa	TEX15_p.Pro1535Leu	1
by_gender	female	locationaa	TEX15_p.Ser2119Leu	1
by_gender	female	locationaa	TEX29_p.Ala70Thr	1
by_gender	female	locationaa	TEX2_p.Ala521Thr	1
by_gender	female	locationaa	TEX2_p.Arg745His	1
by_gender	female	locationaa	TEX2_p.Lys383Asn	1
by_gender	female	locationaa	TEX35_p.Thr160Met	1
by_gender	female	locationaa	TEX43_p.Gln66Ter	1
by_gender	female	locationaa	TEX44_p.Ala207Asp	1
by_gender	female	locationaa	TEX45_p.Ala216Thr	1
by_gender	female	locationaa	TFAP2B_p.Glu18Lys	1
by_gender	female	locationaa	TFAP2C_p.Gln66Ter	1
by_gender	female	locationaa	TFAP2E_p.Pro189Ser	1
by_gender	female	locationaa	TFB2M_p.Arg340Cys	1
by_gender	female	locationaa	TFB2M_p.Leu388Gln	1
by_gender	female	locationaa	TFCP2L1_p.Glu154Lys	1
by_gender	female	locationaa	TFCP2_p.Glu226Asp	1
by_gender	female	locationaa	TFEC_p.Val247Ala	1
by_gender	female	locationaa	TFG_p.Gly130Ter	1
by_gender	female	locationaa	TFG_p.Gly3Arg	1
by_gender	female	locationaa	TFIP11_p.Val791Ile	1
by_gender	female	locationaa	TFPI_p.Glu95Ala	1
by_gender	female	locationaa	TFPI_p.Ser248Asn	1
by_gender	female	locationaa	TGFB1_p.Ala143Val	1
by_gender	female	locationaa	TGFBI_p.Thr240Ala	1
by_gender	female	locationaa	TGFBR1_p.Asp281Asn	1
by_gender	female	locationaa	TGFBR2_p.Arg528His	1
by_gender	female	locationaa	TGFBR2_p.Cys77Ser	1
by_gender	female	locationaa	TGFBR2_p.Gln166Ter	1
by_gender	female	locationaa	TGFBR2_p.Glu526Val	1
by_gender	female	locationaa	TGFBR2_p.His360Pro	1
by_gender	female	locationaa	TGFBR2_p.Val491Met	1
by_gender	female	locationaa	TGFBRAP1_p.Ala172Thr	1
by_gender	female	locationaa	TGIF2LX_p.Pro189Leu	1
by_gender	female	locationaa	TGM1_p.Gly511Asp	1
by_gender	female	locationaa	TGM5_p.Arg20Trp	1
by_gender	female	locationaa	TGM6_p.Gly497Asp	1
by_gender	female	locationaa	TGM7_p.Ala381Val	1
by_gender	female	locationaa	TGM7_p.Ile230Val	1
by_gender	female	locationaa	TGM7_p.Met597Ile	1
by_gender	female	locationaa	TG_p.Ile1909Thr	1
by_gender	female	locationaa	TG_p.Val2152Met	1
by_gender	female	locationaa	THADA_p.Leu1050Met	1
by_gender	female	locationaa	THADA_p.Phe1373Cys	1
by_gender	female	locationaa	THADA_p.Val565Ile	1
by_gender	female	locationaa	THAP12_p.Val387Gly	1
by_gender	female	locationaa	THAP2_p.Pro192Ser	1
by_gender	female	locationaa	THAP3_p.Ala154Ser	1
by_gender	female	locationaa	THAP3_p.Leu220Ile	1
by_gender	female	locationaa	THAP4_p.Gly96Asp	1
by_gender	female	locationaa	THAP7_p.Arg242Trp	1
by_gender	female	locationaa	THAP9_p.Asn525Lys	1
by_gender	female	locationaa	THAP9_p.Leu23Ile	1
by_gender	female	locationaa	THBD_p.Cys404Ter	1
by_gender	female	locationaa	THBD_p.Ser424Arg	1
by_gender	female	locationaa	THBS2_p.Gly512Ser	1
by_gender	female	locationaa	THBS2_p.Gly688Arg	1
by_gender	female	locationaa	THBS2_p.Gly891Ser	1
by_gender	female	locationaa	THBS2_p.Val947Gly	1
by_gender	female	locationaa	THBS3_p.Asn556Asp	1
by_gender	female	locationaa	THBS4_p.Glu88Ter	1
by_gender	female	locationaa	THBS4_p.Val725Ile	1
by_gender	female	locationaa	THEG_p.Arg192His	1
by_gender	female	locationaa	THEG_p.Glu225Lys	1
by_gender	female	locationaa	THEMIS_p.Arg344Trp	1
by_gender	female	locationaa	THEMIS_p.Ile33Ser	1
by_gender	female	locationaa	THEMIS_p.Pro505Leu	1
by_gender	female	locationaa	THG1L_p.Arg176Ter	1
by_gender	female	locationaa	THOC1_p.Glu44Asp	1
by_gender	female	locationaa	THOC2_p.Ala1287Ser	1
by_gender	female	locationaa	THOC5_p.Cys507Phe	1
by_gender	female	locationaa	THOC5_p.Gln492Arg	1
by_gender	female	locationaa	THOC5_p.Gln508His	1
by_gender	female	locationaa	THOC6_p.His172Arg	1
by_gender	female	locationaa	THOC7_p.Arg113Ter	1
by_gender	female	locationaa	THOP1_p.Val118Met	1
by_gender	female	locationaa	THPO_p.Gly422Ser	1
by_gender	female	locationaa	THRAP3_p.Glu803Asp	1
by_gender	female	locationaa	THRB_p.Gln84His	1
by_gender	female	locationaa	THSD1_p.Ala680Thr	1
by_gender	female	locationaa	THSD4_p.Arg343His	1
by_gender	female	locationaa	THSD7A_p.Asn1132His	1
by_gender	female	locationaa	THSD7A_p.Asp417Glu	1
by_gender	female	locationaa	THSD7A_p.Gly449Ser	1
by_gender	female	locationaa	THSD7A_p.Pro1284His	1
by_gender	female	locationaa	THSD7B_p.Asn1163Lys	1
by_gender	female	locationaa	THSD7B_p.Pro996Ser	1
by_gender	female	locationaa	TIAF1_p.Arg25Trp	1
by_gender	female	locationaa	TIAL1_p.Ala63Thr	1
by_gender	female	locationaa	TIAM1_p.Ala378Val	1
by_gender	female	locationaa	TIAM1_p.Arg1549His	1
by_gender	female	locationaa	TIAM1_p.Lys1043Asn	1
by_gender	female	locationaa	TICAM1_p.Glu295Ter	1
by_gender	female	locationaa	TICRR_p.Ala1256Thr	1
by_gender	female	locationaa	TIE1_p.Arg349Trp	1
by_gender	female	locationaa	TIE1_p.Leu757Met	1
by_gender	female	locationaa	TIE1_p.Pro449Ser	1
by_gender	female	locationaa	TIGD2_p.Leu220Val	1
by_gender	female	locationaa	TIGD5_p.Ala530Val	1
by_gender	female	locationaa	TIGD5_p.Ala567Thr	1
by_gender	female	locationaa	TIGD6_p.Leu476Arg	1
by_gender	female	locationaa	TIGD6_p.Pro235Arg	1
by_gender	female	locationaa	TIGIT_p.Ala148Thr	1
by_gender	female	locationaa	TIMD4_p.Asn101Thr	1
by_gender	female	locationaa	TIMELESS_p.Arg1130Gln	1
by_gender	female	locationaa	TIMELESS_p.Val132Phe	1
by_gender	female	locationaa	TIMM10B_p.Glu94Lys	1
by_gender	female	locationaa	TIMM44_p.Ser52Phe	1
by_gender	female	locationaa	TIMM50_p.Ser61Arg	1
by_gender	female	locationaa	TINAG_p.Arg406Ter	1
by_gender	female	locationaa	TINAG_p.Glu90Asp	1
by_gender	female	locationaa	TINAG_p.Leu451Arg	1
by_gender	female	locationaa	TINF2_p.Lys106Asn	1
by_gender	female	locationaa	TIPARP_p.Met383Ile	1
by_gender	female	locationaa	TIPIN_p.Glu198Lys	1
by_gender	female	locationaa	TIPRL_p.Ala72Val	1
by_gender	female	locationaa	TJP1_p.Gln1109His	1
by_gender	female	locationaa	TJP1_p.Gln1423His	1
by_gender	female	locationaa	TJP1_p.Ser1139Pro	1
by_gender	female	locationaa	TJP2_p.Ala882Val	1
by_gender	female	locationaa	TJP2_p.Leu642Met	1
by_gender	female	locationaa	TJP3_p.Arg162His	1
by_gender	female	locationaa	TKT_p.Ser256Tyr	1
by_gender	female	locationaa	TLDC2_p.Arg7Cys	1
by_gender	female	locationaa	TLE1_p.Phe590Leu	1
by_gender	female	locationaa	TLE2_p.Ala442Thr	1
by_gender	female	locationaa	TLE3_p.Asp190Asn	1
by_gender	female	locationaa	TLE3_p.Thr573Lys	1
by_gender	female	locationaa	TLE4_p.Ala563Val	1
by_gender	female	locationaa	TLE4_p.Asp194Gly	1
by_gender	female	locationaa	TLE4_p.Val207Leu	1
by_gender	female	locationaa	TLE6_p.Asp473Glu	1
by_gender	female	locationaa	TLE6_p.Gly231Asp	1
by_gender	female	locationaa	TLK2_p.Ser289Ile	1
by_gender	female	locationaa	TLK2_p.Ser761Ala	1
by_gender	female	locationaa	TLL2_p.Thr199Met	1
by_gender	female	locationaa	TLN1_p.Ala1904Val	1
by_gender	female	locationaa	TLN1_p.Ala3Thr	1
by_gender	female	locationaa	TLN1_p.Ala905Thr	1
by_gender	female	locationaa	TLN1_p.Ala939Pro	1
by_gender	female	locationaa	TLN1_p.Arg1593Trp	1
by_gender	female	locationaa	TLN1_p.Arg891Trp	1
by_gender	female	locationaa	TLN1_p.Leu1446Pro	1
by_gender	female	locationaa	TLN2_p.Ala1099Val	1
by_gender	female	locationaa	TLN2_p.Val212Met	1
by_gender	female	locationaa	TLNRD1_p.Ser111Asn	1
by_gender	female	locationaa	TLR1_p.Ala751Val	1
by_gender	female	locationaa	TLR1_p.Pro40His	1
by_gender	female	locationaa	TLR2_p.Ala385Val	1
by_gender	female	locationaa	TLR3_p.Ala69Thr	1
by_gender	female	locationaa	TLR3_p.Glu446Ter	1
by_gender	female	locationaa	TLR5_p.Ile754Ser	1
by_gender	female	locationaa	TLR5_p.Leu347Ile	1
by_gender	female	locationaa	TLR5_p.Phe479Leu	1
by_gender	female	locationaa	TLR6_p.Val431Leu	1
by_gender	female	locationaa	TLR8_p.Pro221Thr	1
by_gender	female	locationaa	TLR9_p.Arg257His	1
by_gender	female	locationaa	TLR9_p.Val757Ile	1
by_gender	female	locationaa	TLX2_p.Arg152Trp	1
by_gender	female	locationaa	TM4SF18_p.Gly100Arg	1
by_gender	female	locationaa	TM7SF3_p.Asp144Asn	1
by_gender	female	locationaa	TM7SF3_p.Glu104Asp	1
by_gender	female	locationaa	TM9SF2_p.Asp329Ala	1
by_gender	female	locationaa	TM9SF3_p.Ile134Thr	1
by_gender	female	locationaa	TMA16_p.Asn49Thr	1
by_gender	female	locationaa	TMBIM4_p.Leu47Phe	1
by_gender	female	locationaa	TMC2_p.Leu748Met	1
by_gender	female	locationaa	TMC2_p.Tyr669His	1
by_gender	female	locationaa	TMC3_p.Ala229Val	1
by_gender	female	locationaa	TMC4_p.Ile315Thr	1
by_gender	female	locationaa	TMC6_p.Val359Met	1
by_gender	female	locationaa	TMC7_p.Gln536Arg	1
by_gender	female	locationaa	TMC8_p.Ser123Gly	1
by_gender	female	locationaa	TMCC1_p.Phe648Leu	1
by_gender	female	locationaa	TMCC1_p.Thr291Ile	1
by_gender	female	locationaa	TMCC3_p.Ala127Thr	1
by_gender	female	locationaa	TMCO1_p.Phe196Val	1
by_gender	female	locationaa	TMCO2_p.Tyr92Cys	1
by_gender	female	locationaa	TMCO4_p.Pro397Thr	1
by_gender	female	locationaa	TMCO4_p.Thr562Ile	1
by_gender	female	locationaa	TMED7-TICAM2_p.Glu200Lys	1
by_gender	female	locationaa	TMED7_p.Phe108Cys	1
by_gender	female	locationaa	TMED8_p.Gln126Ter	1
by_gender	female	locationaa	TMEFF1_p.Tyr253His	1
by_gender	female	locationaa	TMEM104_p.Ser298Cys	1
by_gender	female	locationaa	TMEM106C_p.Leu155Met	1
by_gender	female	locationaa	TMEM121B_p.Ala317Thr	1
by_gender	female	locationaa	TMEM121_p.Asn33Thr	1
by_gender	female	locationaa	TMEM128_p.Ala118Thr	1
by_gender	female	locationaa	TMEM131L_p.Ala1437Thr	1
by_gender	female	locationaa	TMEM131L_p.Asp1129Tyr	1
by_gender	female	locationaa	TMEM131_p.Ala1816Val	1
by_gender	female	locationaa	TMEM131_p.Ala465Val	1
by_gender	female	locationaa	TMEM131_p.Asn1681Lys	1
by_gender	female	locationaa	TMEM131_p.Met512Ile	1
by_gender	female	locationaa	TMEM131_p.Ser1806Arg	1
by_gender	female	locationaa	TMEM132A_p.Glu187Asp	1
by_gender	female	locationaa	TMEM132A_p.Ile290Val	1
by_gender	female	locationaa	TMEM132B_p.Ala297Thr	1
by_gender	female	locationaa	TMEM132B_p.Ala911Ser	1
by_gender	female	locationaa	TMEM132B_p.Gly486Val	1
by_gender	female	locationaa	TMEM132D_p.Lys63Asn	1
by_gender	female	locationaa	TMEM132E_p.Ala937Val	1
by_gender	female	locationaa	TMEM132E_p.Arg171Trp	1
by_gender	female	locationaa	TMEM132E_p.Gly216Arg	1
by_gender	female	locationaa	TMEM140_p.Phe29Ser	1
by_gender	female	locationaa	TMEM150A_p.Ala173Asp	1
by_gender	female	locationaa	TMEM150B_p.Cys209Ter	1
by_gender	female	locationaa	TMEM150C_p.Leu170Met	1
by_gender	female	locationaa	TMEM159_p.Leu82Met	1
by_gender	female	locationaa	TMEM161B_p.Ser207Ile	1
by_gender	female	locationaa	TMEM164_p.Glu232Lys	1
by_gender	female	locationaa	TMEM165_p.Ala118Val	1
by_gender	female	locationaa	TMEM168_p.Leu365Phe	1
by_gender	female	locationaa	TMEM168_p.Trp98Arg	1
by_gender	female	locationaa	TMEM170A_p.Gly31Val	1
by_gender	female	locationaa	TMEM171_p.Val128Ile	1
by_gender	female	locationaa	TMEM174_p.Ala38Thr	1
by_gender	female	locationaa	TMEM175_p.Arg77Trp	1
by_gender	female	locationaa	TMEM175_p.Gln452Arg	1
by_gender	female	locationaa	TMEM175_p.Leu186Met	1
by_gender	female	locationaa	TMEM177_p.Ala236Thr	1
by_gender	female	locationaa	TMEM179B_p.Arg215His	1
by_gender	female	locationaa	TMEM179_p.Ala107Thr	1
by_gender	female	locationaa	TMEM182_p.Ala11Ser	1
by_gender	female	locationaa	TMEM182_p.Ala173Thr	1
by_gender	female	locationaa	TMEM182_p.Arg113His	1
by_gender	female	locationaa	TMEM184A_p.Ala101Thr	1
by_gender	female	locationaa	TMEM184A_p.Arg92His	1
by_gender	female	locationaa	TMEM185A_p.Ala319Thr	1
by_gender	female	locationaa	TMEM187_p.Ala174Thr	1
by_gender	female	locationaa	TMEM187_p.Ala91Thr	1
by_gender	female	locationaa	TMEM192_p.Lys91Asn	1
by_gender	female	locationaa	TMEM196_p.Arg127Gln	1
by_gender	female	locationaa	TMEM198_p.Ala96Thr	1
by_gender	female	locationaa	TMEM198_p.Met44Ile	1
by_gender	female	locationaa	TMEM198_p.Ser115Asn	1
by_gender	female	locationaa	TMEM19_p.Pro51Leu	1
by_gender	female	locationaa	TMEM200A_p.Asp47Tyr	1
by_gender	female	locationaa	TMEM200A_p.Pro303His	1
by_gender	female	locationaa	TMEM200B_p.Arg281Gln	1
by_gender	female	locationaa	TMEM200C_p.Arg29Gln	1
by_gender	female	locationaa	TMEM208_p.Leu120Val	1
by_gender	female	locationaa	TMEM214_p.Ala187Val	1
by_gender	female	locationaa	TMEM214_p.Leu516Ile	1
by_gender	female	locationaa	TMEM215_p.Val29Ile	1
by_gender	female	locationaa	TMEM225_p.Gln126His	1
by_gender	female	locationaa	TMEM225_p.Ser187Phe	1
by_gender	female	locationaa	TMEM225_p.Thr143Pro	1
by_gender	female	locationaa	TMEM236_p.Lys76Gln	1
by_gender	female	locationaa	TMEM237_p.Arg301Gln	1
by_gender	female	locationaa	TMEM255A_p.Val34Met	1
by_gender	female	locationaa	TMEM259_p.Val101Met	1
by_gender	female	locationaa	TMEM266_p.Arg260Trp	1
by_gender	female	locationaa	TMEM267_p.Arg162Cys	1
by_gender	female	locationaa	TMEM270_p.Gly80Glu	1
by_gender	female	locationaa	TMEM38A_p.Val124Gly	1
by_gender	female	locationaa	TMEM39A_p.Glu140Ter	1
by_gender	female	locationaa	TMEM39A_p.Ser247Leu	1
by_gender	female	locationaa	TMEM39B_p.Arg420Trp	1
by_gender	female	locationaa	TMEM41A_p.Lys262Thr	1
by_gender	female	locationaa	TMEM45A_p.Ala241Asp	1
by_gender	female	locationaa	TMEM51_p.Leu33Met	1
by_gender	female	locationaa	TMEM52B_p.Ala119Asp	1
by_gender	female	locationaa	TMEM52_p.Ala94Val	1
by_gender	female	locationaa	TMEM53_p.Leu126Val	1
by_gender	female	locationaa	TMEM54_p.Ser216Arg	1
by_gender	female	locationaa	TMEM59_p.Ala51Thr	1
by_gender	female	locationaa	TMEM64_p.Arg251Lys	1
by_gender	female	locationaa	TMEM86A_p.Ala183Val	1
by_gender	female	locationaa	TMEM86A_p.Lys9Thr	1
by_gender	female	locationaa	TMEM87A_p.Ile380Ser	1
by_gender	female	locationaa	TMEM94_p.Ala1238Thr	1
by_gender	female	locationaa	TMEM94_p.Ser1197Ile	1
by_gender	female	locationaa	TMEM94_p.Val1305Met	1
by_gender	female	locationaa	TMEM95_p.Ala108Thr	1
by_gender	female	locationaa	TMEM95_p.Ala24Val	1
by_gender	female	locationaa	TMEM95_p.Val126Met	1
by_gender	female	locationaa	TMEM97_p.Ser145Phe	1
by_gender	female	locationaa	TMEM98_p.Ala123Val	1
by_gender	female	locationaa	TMEM98_p.Ala157Thr	1
by_gender	female	locationaa	TMF1_p.Asp669Tyr	1
by_gender	female	locationaa	TMIGD2_p.Ser93GlnfsTer28	1
by_gender	female	locationaa	TMPO_p.Arg365Ile	1
by_gender	female	locationaa	TMPO_p.Lys519Arg	1
by_gender	female	locationaa	TMPRSS11D_p.Val19Ala	1
by_gender	female	locationaa	TMPRSS11E_p.Leu336Phe	1
by_gender	female	locationaa	TMPRSS11E_p.Val14Gly	1
by_gender	female	locationaa	TMPRSS15_p.Ala824Thr	1
by_gender	female	locationaa	TMPRSS3_p.Arg16Gln	1
by_gender	female	locationaa	TMPRSS3_p.Arg373Met	1
by_gender	female	locationaa	TMPRSS4_p.Ala139Val	1
by_gender	female	locationaa	TMPRSS6_p.Ala59Val	1
by_gender	female	locationaa	TMPRSS6_p.Cys593Phe	1
by_gender	female	locationaa	TMPRSS6_p.Ser708Ile	1
by_gender	female	locationaa	TMPRSS9_p.Arg130Ter	1
by_gender	female	locationaa	TMPRSS9_p.His260Tyr	1
by_gender	female	locationaa	TMPRSS9_p.Val40Ile	1
by_gender	female	locationaa	TMSB10_p.Ala16Val	1
by_gender	female	locationaa	TMTC1_p.Arg597Trp	1
by_gender	female	locationaa	TMTC1_p.Arg868Cys	1
by_gender	female	locationaa	TMTC1_p.Ile604Val	1
by_gender	female	locationaa	TMTC2_p.Leu433Arg	1
by_gender	female	locationaa	TMTC3_p.Arg376Ter	1
by_gender	female	locationaa	TMTC4_p.Arg412His	1
by_gender	female	locationaa	TMTC4_p.Asp716Gly	1
by_gender	female	locationaa	TMUB2_p.Ser170Asn	1
by_gender	female	locationaa	TMX2_p.Arg152Trp	1
by_gender	female	locationaa	TMX4_p.Gln242His	1
by_gender	female	locationaa	TMX4_p.Glu277Lys	1
by_gender	female	locationaa	TNC_p.Asn233Asp	1
by_gender	female	locationaa	TNC_p.Cys536Ter	1
by_gender	female	locationaa	TNC_p.Ile1106Met	1
by_gender	female	locationaa	TNC_p.Ile702Met	1
by_gender	female	locationaa	TNC_p.Leu1156Phe	1
by_gender	female	locationaa	TNC_p.Leu653Phe	1
by_gender	female	locationaa	TNC_p.Phe274Cys	1
by_gender	female	locationaa	TNC_p.Pro715His	1
by_gender	female	locationaa	TNFAIP3_p.Pro556His	1
by_gender	female	locationaa	TNFAIP8L2_p.Ile31Thr	1
by_gender	female	locationaa	TNFAIP8L3_p.Ala162Ser	1
by_gender	female	locationaa	TNFRSF10A_p.Glu344AlafsTer8	1
by_gender	female	locationaa	TNFRSF10B_p.Arg157His	1
by_gender	female	locationaa	TNFRSF10B_p.Ser277Asn	1
by_gender	female	locationaa	TNFRSF11A_p.Ala156Val	1
by_gender	female	locationaa	TNFRSF11A_p.Ala241Val	1
by_gender	female	locationaa	TNFRSF11B_p.Arg296Cys	1
by_gender	female	locationaa	TNFRSF12A_p.Ser54Phe	1
by_gender	female	locationaa	TNFRSF13B_p.Gln196His	1
by_gender	female	locationaa	TNFRSF19_p.Arg419Ter	1
by_gender	female	locationaa	TNFRSF19_p.Glu146Ala	1
by_gender	female	locationaa	TNFRSF1A_p.Arg377Cys	1
by_gender	female	locationaa	TNFRSF1B_p.Gln85His	1
by_gender	female	locationaa	TNFSF12-TNFSF13_p.Glu152Lys	1
by_gender	female	locationaa	TNFSF14_p.Val217Ile	1
by_gender	female	locationaa	TNFSF8_p.Ala19Asp	1
by_gender	female	locationaa	TNFSF8_p.Asn116Ser	1
by_gender	female	locationaa	TNFSF8_p.Thr183Met	1
by_gender	female	locationaa	TNIK_p.Ala88Asp	1
by_gender	female	locationaa	TNIK_p.Arg411Ter	1
by_gender	female	locationaa	TNIK_p.Arg449Ter	1
by_gender	female	locationaa	TNIP2_p.Gln207His	1
by_gender	female	locationaa	TNIP3_p.Ala148Val	1
by_gender	female	locationaa	TNIP3_p.Thr113Pro	1
by_gender	female	locationaa	TNK1_p.Pro573Thr	1
by_gender	female	locationaa	TNKS1BP1_p.Ser1229Phe	1
by_gender	female	locationaa	TNKS1BP1_p.Val1094Ala	1
by_gender	female	locationaa	TNKS2_p.Ser839Asn	1
by_gender	female	locationaa	TNKS_p.Ala353Thr	1
by_gender	female	locationaa	TNKS_p.Arg1200Gln	1
by_gender	female	locationaa	TNKS_p.Pro1273Ser	1
by_gender	female	locationaa	TNNC1_p.Arg147Cys	1
by_gender	female	locationaa	TNNC1_p.Thr127Ile	1
by_gender	female	locationaa	TNNC2_p.Ser92Ile	1
by_gender	female	locationaa	TNNI1_p.Arg80Ter	1
by_gender	female	locationaa	TNNI3_p.Glu182Asp	1
by_gender	female	locationaa	TNNT2_p.Arg149His	1
by_gender	female	locationaa	TNNT2_p.Glu55Ter	1
by_gender	female	locationaa	TNNT3_p.Lys153Asn	1
by_gender	female	locationaa	TNN_p.Arg168Trp	1
by_gender	female	locationaa	TNN_p.Trp1126Leu	1
by_gender	female	locationaa	TNP2_p.Gly61Ter	1
by_gender	female	locationaa	TNRC18_p.Ala2703Ser	1
by_gender	female	locationaa	TNRC18_p.Glu1369Asp	1
by_gender	female	locationaa	TNRC18_p.Gly1318Ser	1
by_gender	female	locationaa	TNRC6C_p.Ser1257Tyr	1
by_gender	female	locationaa	TNRC6C_p.Ser1366Asn	1
by_gender	female	locationaa	TNR_p.Ala748Thr	1
by_gender	female	locationaa	TNR_p.Leu1255Ile	1
by_gender	female	locationaa	TNR_p.Pro329Thr	1
by_gender	female	locationaa	TNR_p.Ser897Ala	1
by_gender	female	locationaa	TNS1_p.Ala381Val	1
by_gender	female	locationaa	TNS1_p.Gly277Arg	1
by_gender	female	locationaa	TNS1_p.Ser131Ile	1
by_gender	female	locationaa	TNS2_p.Ser1304Asn	1
by_gender	female	locationaa	TNS3_p.Ala1057Val	1
by_gender	female	locationaa	TNS3_p.Gly1227Glu	1
by_gender	female	locationaa	TNS3_p.Ile1439Val	1
by_gender	female	locationaa	TNS3_p.Lys880Gln	1
by_gender	female	locationaa	TNXB_p.Arg2733Trp	1
by_gender	female	locationaa	TNXB_p.Leu668Pro	1
by_gender	female	locationaa	TNXB_p.Phe3575Leu	1
by_gender	female	locationaa	TNXB_p.Val265Met	1
by_gender	female	locationaa	TOE1_p.Arg73Met	1
by_gender	female	locationaa	TOGARAM1_p.Ala30Thr	1
by_gender	female	locationaa	TOGARAM1_p.Ala552Thr	1
by_gender	female	locationaa	TOGARAM1_p.Leu9Ile	1
by_gender	female	locationaa	TOGARAM1_p.Phe794Ser	1
by_gender	female	locationaa	TOGARAM2_p.Arg768Gln	1
by_gender	female	locationaa	TOM1L1_p.Ala430Val	1
by_gender	female	locationaa	TOMM34_p.Glu202Asp	1
by_gender	female	locationaa	TOMM70_p.Leu414Ile	1
by_gender	female	locationaa	TONSL_p.Leu299Pro	1
by_gender	female	locationaa	TOP2B_p.Arg1054His	1
by_gender	female	locationaa	TOP2B_p.Arg696Cys	1
by_gender	female	locationaa	TOP2B_p.Ile459Thr	1
by_gender	female	locationaa	TOP3A_p.Ala467Val	1
by_gender	female	locationaa	TOP3A_p.Arg338Gln	1
by_gender	female	locationaa	TOP3A_p.Gln928Arg	1
by_gender	female	locationaa	TOPBP1_p.Ala1047Thr	1
by_gender	female	locationaa	TOPBP1_p.Ala1489Val	1
by_gender	female	locationaa	TOPBP1_p.Leu1415Phe	1
by_gender	female	locationaa	TOPBP1_p.Leu168Ile	1
by_gender	female	locationaa	TOPORS_p.Asn1014Thr	1
by_gender	female	locationaa	TOPORS_p.Gly312Val	1
by_gender	female	locationaa	TOPORS_p.Ile105Thr	1
by_gender	female	locationaa	TOR1AIP2_p.Glu59Ter	1
by_gender	female	locationaa	TOX2_p.Arg169His	1
by_gender	female	locationaa	TOX2_p.Asn455Ser	1
by_gender	female	locationaa	TOX3_p.Ala427Thr	1
by_gender	female	locationaa	TOX4_p.Gln453His	1
by_gender	female	locationaa	TP53BP1_p.Arg1396His	1
by_gender	female	locationaa	TP53BP1_p.Lys1726Thr	1
by_gender	female	locationaa	TP53BP1_p.Ser1589Pro	1
by_gender	female	locationaa	TP53BP2_p.Arg896His	1
by_gender	female	locationaa	TP53I13_p.Arg206Met	1
by_gender	female	locationaa	TP53TG5_p.Glu98Ala	1
by_gender	female	locationaa	TP53_p.Arg110Leu	1
by_gender	female	locationaa	TP53_p.Arg175His	2
by_gender	female	locationaa	TP53_p.Arg196Ter	2
by_gender	female	locationaa	TP53_p.Arg213AspfsTer34	1
by_gender	female	locationaa	TP53_p.Arg213Ter	1
by_gender	female	locationaa	TP53_p.Arg248Gln	1
by_gender	female	locationaa	TP53_p.Arg248Leu	1
by_gender	female	locationaa	TP53_p.Arg248Trp	1
by_gender	female	locationaa	TP53_p.Arg282Gly	1
by_gender	female	locationaa	TP53_p.Arg282Trp	2
by_gender	female	locationaa	TP53_p.Arg337Cys	1
by_gender	female	locationaa	TP53_p.Arg342GlufsTer3	1
by_gender	female	locationaa	TP53_p.Asn239Asp	1
by_gender	female	locationaa	TP53_p.Asp186ValfsTer61	1
by_gender	female	locationaa	TP53_p.Asp259Val	1
by_gender	female	locationaa	TP53_p.Cys238Tyr	1
by_gender	female	locationaa	TP53_p.Gln104Ter	1
by_gender	female	locationaa	TP53_p.Gln192Ter	1
by_gender	female	locationaa	TP53_p.Glu298Ter	1
by_gender	female	locationaa	TP53_p.Gly245Asp	1
by_gender	female	locationaa	TP53_p.Gly245Ser	1
by_gender	female	locationaa	TP53_p.Gly245Val	1
by_gender	female	locationaa	TP53_p.His178ProfsTer3	1
by_gender	female	locationaa	TP53_p.His179Arg	1
by_gender	female	locationaa	TP53_p.His179Tyr	1
by_gender	female	locationaa	TP53_p.Leu194His	1
by_gender	female	locationaa	TP53_p.Pro152Leu	1
by_gender	female	locationaa	TP53_p.Pro278Ser	1
by_gender	female	locationaa	TP53_p.Ser127Phe	1
by_gender	female	locationaa	TP53_p.Ser215Gly	1
by_gender	female	locationaa	TP53_p.Tyr205Phe	1
by_gender	female	locationaa	TP53_p.Tyr220Cys	1
by_gender	female	locationaa	TP53_p.Val122AspfsTer26	1
by_gender	female	locationaa	TP53_p.Val143Glu	1
by_gender	female	locationaa	TP53_p.Val173Leu	1
by_gender	female	locationaa	TP53_p.Val173dup	1
by_gender	female	locationaa	TP53_p.Val217GlyfsTer31	1
by_gender	female	locationaa	TPCN1_p.Gly40Ser	1
by_gender	female	locationaa	TPCN2_p.Arg210His	1
by_gender	female	locationaa	TPD52L2_p.Ser152Asn	1
by_gender	female	locationaa	TPD52_p.Lys180Thr	1
by_gender	female	locationaa	TPGS2_p.Ala94Val	1
by_gender	female	locationaa	TPH1_p.Arg406Trp	1
by_gender	female	locationaa	TPH2_p.Ala390Thr	1
by_gender	female	locationaa	TPH2_p.Glu386Ter	1
by_gender	female	locationaa	TPI1_p.Ala73Thr	1
by_gender	female	locationaa	TPI1_p.Ile281Ser	1
by_gender	female	locationaa	TPK1_p.Ala129Val	1
by_gender	female	locationaa	TPO_p.Ala295Thr	1
by_gender	female	locationaa	TPO_p.Arg189Ter	1
by_gender	female	locationaa	TPO_p.Arg602His	1
by_gender	female	locationaa	TPO_p.Arg665Gln	1
by_gender	female	locationaa	TPO_p.Met58Ile	1
by_gender	female	locationaa	TPO_p.Thr57Met	1
by_gender	female	locationaa	TPP1_p.Arg375His	1
by_gender	female	locationaa	TPP2_p.Ala489Asp	1
by_gender	female	locationaa	TPP2_p.Ser25Tyr	1
by_gender	female	locationaa	TPPP_p.His72Tyr	1
by_gender	female	locationaa	TPRA1_p.Leu117Met	1
by_gender	female	locationaa	TPRG1_p.Thr193Ala	1
by_gender	female	locationaa	TPR_p.Glu892Ter	1
by_gender	female	locationaa	TPSAB1_p.Asp79Asn	1
by_gender	female	locationaa	TPSD1_p.Val111Ile	1
by_gender	female	locationaa	TPTE2_p.Lys255Asn	1
by_gender	female	locationaa	TPTE_p.Arg232Ser	1
by_gender	female	locationaa	TPX2_p.Glu429Lys	1
by_gender	female	locationaa	TPX2_p.Ser729Asn	1
by_gender	female	locationaa	TRA2A_p.Arg94Ter	1
by_gender	female	locationaa	TRADD_p.Leu155Met	1
by_gender	female	locationaa	TRAF2_p.Arg167Trp	1
by_gender	female	locationaa	TRAF3IP1_p.Gln591His	1
by_gender	female	locationaa	TRAF3IP1_p.Lys574Thr	1
by_gender	female	locationaa	TRAF3_p.Ter569=	1
by_gender	female	locationaa	TRAF5_p.Thr411Ile	1
by_gender	female	locationaa	TRAF7_p.Ala370Val	1
by_gender	female	locationaa	TRAFD1_p.Glu236Ter	1
by_gender	female	locationaa	TRAIP_p.Gln48Arg	1
by_gender	female	locationaa	TRAK1_p.Arg362Cys	1
by_gender	female	locationaa	TRAK1_p.Val292Ile	1
by_gender	female	locationaa	TRAK2_p.Phe92Tyr	1
by_gender	female	locationaa	TRAK2_p.Pro356His	1
by_gender	female	locationaa	TRAK2_p.Ser418Pro	1
by_gender	female	locationaa	TRAM1L1_p.Phe131Cys	1
by_gender	female	locationaa	TRAM1_p.Glu143Lys	1
by_gender	female	locationaa	TRANK1_p.Ala1838Asp	1
by_gender	female	locationaa	TRANK1_p.Glu2649Val	1
by_gender	female	locationaa	TRANK1_p.Gly1032Arg	1
by_gender	female	locationaa	TRANK1_p.Ser1349Ile	1
by_gender	female	locationaa	TRANK1_p.Trp2857Cys	1
by_gender	female	locationaa	TRAP1_p.Ala41Ser	1
by_gender	female	locationaa	TRAP1_p.Arg316His	1
by_gender	female	locationaa	TRAP1_p.Arg540His	1
by_gender	female	locationaa	TRAPPC10_p.Arg307Cys	1
by_gender	female	locationaa	TRAPPC10_p.Ser884Phe	1
by_gender	female	locationaa	TRAPPC11_p.Ser738Ile	1
by_gender	female	locationaa	TRAPPC2L_p.Arg18His	1
by_gender	female	locationaa	TRAPPC5_p.Ser154Asn	1
by_gender	female	locationaa	TRAPPC8_p.Asn60Thr	1
by_gender	female	locationaa	TRAPPC9_p.Ser440Ile	1
by_gender	female	locationaa	TRAV12-3_p.Ser74Thr	1
by_gender	female	locationaa	TRAV13-1_p.Ala89Ser	1
by_gender	female	locationaa	TRAV16_p.Gly17Glu	1
by_gender	female	locationaa	TRAV18_p.Ala109Thr	1
by_gender	female	locationaa	TRAV27_p.Leu37Ile	1
by_gender	female	locationaa	TRAV27_p.Ser25Asn	1
by_gender	female	locationaa	TRAV4_p.Ala5Thr	1
by_gender	female	locationaa	TRBC2_p.Ser104Leu	1
by_gender	female	locationaa	TRDMT1_p.Arg67Ile	1
by_gender	female	locationaa	TREML2_p.Thr36Asn	1
by_gender	female	locationaa	TREML4_p.Leu28Phe	1
by_gender	female	locationaa	TRERF1_p.Ala612Val	1
by_gender	female	locationaa	TRERF1_p.Asp1188Glu	1
by_gender	female	locationaa	TRHDE_p.Ala369Asp	1
by_gender	female	locationaa	TRHDE_p.Lys558Thr	1
by_gender	female	locationaa	TRHR_p.Ala111Ser	1
by_gender	female	locationaa	TRH_p.Arg139Gln	1
by_gender	female	locationaa	TRIB2_p.Asp311Asn	1
by_gender	female	locationaa	TRIB3_p.Arg149Ter	1
by_gender	female	locationaa	TRIM14_p.Arg304Trp	1
by_gender	female	locationaa	TRIM17_p.Pro451Ser	1
by_gender	female	locationaa	TRIM24_p.Glu426Lys	1
by_gender	female	locationaa	TRIM26_p.Arg44His	1
by_gender	female	locationaa	TRIM26_p.Ser47Leu	1
by_gender	female	locationaa	TRIM2_p.Ala363Thr	1
by_gender	female	locationaa	TRIM2_p.Thr388Ala	1
by_gender	female	locationaa	TRIM2_p.Val324Ile	1
by_gender	female	locationaa	TRIM32_p.Ala388Thr	1
by_gender	female	locationaa	TRIM32_p.Pro411Leu	1
by_gender	female	locationaa	TRIM33_p.Ser871Leu	1
by_gender	female	locationaa	TRIM35_p.Arg446His	1
by_gender	female	locationaa	TRIM36_p.Asp123Tyr	1
by_gender	female	locationaa	TRIM36_p.Asp66Tyr	1
by_gender	female	locationaa	TRIM36_p.Gly11Asp	1
by_gender	female	locationaa	TRIM36_p.Lys647Asn	1
by_gender	female	locationaa	TRIM37_p.Glu62Lys	1
by_gender	female	locationaa	TRIM37_p.Thr873Pro	1
by_gender	female	locationaa	TRIM38_p.Lys178Thr	1
by_gender	female	locationaa	TRIM39_p.Arg55His	1
by_gender	female	locationaa	TRIM41_p.Ser605Leu	1
by_gender	female	locationaa	TRIM42_p.Arg245Cys	1
by_gender	female	locationaa	TRIM45_p.Trp480Cys	1
by_gender	female	locationaa	TRIM46_p.Arg93His	1
by_gender	female	locationaa	TRIM46_p.Asp584Asn	1
by_gender	female	locationaa	TRIM47_p.Leu540Val	1
by_gender	female	locationaa	TRIM49_p.Ile129Val	1
by_gender	female	locationaa	TRIM49_p.Leu430Ile	1
by_gender	female	locationaa	TRIM4_p.Phe459Leu	1
by_gender	female	locationaa	TRIM50_p.Ala155Thr	1
by_gender	female	locationaa	TRIM51_p.Leu201Gln	1
by_gender	female	locationaa	TRIM51_p.Trp343Arg	1
by_gender	female	locationaa	TRIM52_p.Ser32Phe	1
by_gender	female	locationaa	TRIM54_p.Gln281His	1
by_gender	female	locationaa	TRIM55_p.Pro63Ser	1
by_gender	female	locationaa	TRIM58_p.Arg257Ser	1
by_gender	female	locationaa	TRIM5_p.Glu258Asp	1
by_gender	female	locationaa	TRIM60_p.Asn441Ser	1
by_gender	female	locationaa	TRIM68_p.Ala9Ser	1
by_gender	female	locationaa	TRIM69_p.Arg360Lys	1
by_gender	female	locationaa	TRIM73_p.Pro17Ser	1
by_gender	female	locationaa	TRIM75P_p.Leu404Met	1
by_gender	female	locationaa	TRIM75P_p.Thr443TyrfsTer26	1
by_gender	female	locationaa	TRIM8_p.Arg345Trp	1
by_gender	female	locationaa	TRIML2_p.Glu388Lys	1
by_gender	female	locationaa	TRIO_p.Arg1276Ter	1
by_gender	female	locationaa	TRIO_p.Arg2259Trp	1
by_gender	female	locationaa	TRIO_p.Arg666Ter	1
by_gender	female	locationaa	TRIO_p.Asp1652Asn	1
by_gender	female	locationaa	TRIO_p.Leu2031Ter	1
by_gender	female	locationaa	TRIO_p.Phe2276Leu	1
by_gender	female	locationaa	TRIO_p.Thr637Ala	1
by_gender	female	locationaa	TRIP10_p.Lys574Asn	1
by_gender	female	locationaa	TRIP11_p.Asp1174His	1
by_gender	female	locationaa	TRIP11_p.Asp1403Gly	1
by_gender	female	locationaa	TRIP11_p.Ser1623Phe	1
by_gender	female	locationaa	TRIP12_p.Arg1842Ile	1
by_gender	female	locationaa	TRIP12_p.Ser983Ile	1
by_gender	female	locationaa	TRIP6_p.Ala462Asp	1
by_gender	female	locationaa	TRIR_p.Gly122Arg	1
by_gender	female	locationaa	TRMT10A_p.Thr330Ile	1
by_gender	female	locationaa	TRMT10B_p.Ala298Ser	1
by_gender	female	locationaa	TRMT10C_p.Ala128Ser	1
by_gender	female	locationaa	TRMT2A_p.Val128Ile	1
by_gender	female	locationaa	TRMT5_p.Gly204Glu	1
by_gender	female	locationaa	TRMT61A_p.Arg83His	1
by_gender	female	locationaa	TRMT61B_p.Ala35Asp	1
by_gender	female	locationaa	TRMT61B_p.Glu160Asp	1
by_gender	female	locationaa	TRMT6_p.Gly59Asp	1
by_gender	female	locationaa	TRNAU1AP_p.Asp102Tyr	1
by_gender	female	locationaa	TROAP_p.Ala148Thr	1
by_gender	female	locationaa	TRO_p.Asp684Asn	1
by_gender	female	locationaa	TRO_p.Gly1427Asp	1
by_gender	female	locationaa	TRO_p.Lys622Thr	1
by_gender	female	locationaa	TRPA1_p.Ala789Val	1
by_gender	female	locationaa	TRPC1_p.Ala602Val	1
by_gender	female	locationaa	TRPC1_p.Pro188Ser	1
by_gender	female	locationaa	TRPC4_p.Phe363Val	1
by_gender	female	locationaa	TRPC4_p.Pro341His	1
by_gender	female	locationaa	TRPC5_p.Arg512Cys	1
by_gender	female	locationaa	TRPC5_p.Pro281Leu	1
by_gender	female	locationaa	TRPC6_p.Asn362Ile	1
by_gender	female	locationaa	TRPC6_p.Glu313Lys	1
by_gender	female	locationaa	TRPC6_p.Lys442Thr	1
by_gender	female	locationaa	TRPC6_p.Pro761Ser	1
by_gender	female	locationaa	TRPC6_p.Val706Ala	1
by_gender	female	locationaa	TRPC7_p.Ala51Thr	1
by_gender	female	locationaa	TRPC7_p.Arg46Cys	1
by_gender	female	locationaa	TRPC7_p.Ser540Leu	1
by_gender	female	locationaa	TRPC7_p.Thr511Met	1
by_gender	female	locationaa	TRPM1_p.Ser50Arg	1
by_gender	female	locationaa	TRPM1_p.Tyr1004Cys	1
by_gender	female	locationaa	TRPM2_p.Arg1077His	1
by_gender	female	locationaa	TRPM2_p.Thr238Ala	1
by_gender	female	locationaa	TRPM3_p.Arg772Cys	1
by_gender	female	locationaa	TRPM3_p.Asn1629Ser	1
by_gender	female	locationaa	TRPM3_p.Ile1406Val	1
by_gender	female	locationaa	TRPM3_p.Leu926Met	1
by_gender	female	locationaa	TRPM3_p.Ser791Arg	1
by_gender	female	locationaa	TRPM4_p.Ala349Ser	1
by_gender	female	locationaa	TRPM4_p.Glu1107Lys	1
by_gender	female	locationaa	TRPM5_p.Arg868His	1
by_gender	female	locationaa	TRPM6_p.Gln1760His	1
by_gender	female	locationaa	TRPM6_p.Glu410Asp	1
by_gender	female	locationaa	TRPM6_p.Glu461Ter	1
by_gender	female	locationaa	TRPM6_p.Glu633Lys	1
by_gender	female	locationaa	TRPM6_p.Phe534Cys	1
by_gender	female	locationaa	TRPM6_p.Trp1455Ter	1
by_gender	female	locationaa	TRPM7_p.Leu839Arg	1
by_gender	female	locationaa	TRPS1_p.Arg611Gln	1
by_gender	female	locationaa	TRPS1_p.Asn1276LysfsTer5	1
by_gender	female	locationaa	TRPS1_p.Cys525Tyr	1
by_gender	female	locationaa	TRPS1_p.Glu349Lys	1
by_gender	female	locationaa	TRPV1_p.Gln229His	1
by_gender	female	locationaa	TRPV1_p.Phe488Leu	1
by_gender	female	locationaa	TRPV2_p.Ala407Val	1
by_gender	female	locationaa	TRPV2_p.Arg61Ter	1
by_gender	female	locationaa	TRPV2_p.Glu564Lys	1
by_gender	female	locationaa	TRPV2_p.Thr733Ile	1
by_gender	female	locationaa	TRPV2_p.Val690Ile	1
by_gender	female	locationaa	TRPV3_p.Asp519Asn	1
by_gender	female	locationaa	TRPV4_p.Arg594Cys	1
by_gender	female	locationaa	TRPV4_p.Arg852Cys	1
by_gender	female	locationaa	TRPV6_p.Ala164Thr	1
by_gender	female	locationaa	TRPV6_p.Ala509Thr	1
by_gender	female	locationaa	TRPV6_p.Arg193Cys	1
by_gender	female	locationaa	TRPV6_p.Arg744Ser	1
by_gender	female	locationaa	TRRAP_p.Ala1836Asp	1
by_gender	female	locationaa	TRRAP_p.Ala3404Val	1
by_gender	female	locationaa	TRRAP_p.Leu234Ser	1
by_gender	female	locationaa	TRRAP_p.Leu3215Ser	1
by_gender	female	locationaa	TRRAP_p.Met1468Val	1
by_gender	female	locationaa	TRRAP_p.Met974Ile	1
by_gender	female	locationaa	TRUB2_p.Arg49His	1
by_gender	female	locationaa	TSC1_p.Arg786Gln	1
by_gender	female	locationaa	TSC22D1_p.Ser379Asn	1
by_gender	female	locationaa	TSC22D3_p.Ile80Leu	1
by_gender	female	locationaa	TSC2_p.Ala607Val	1
by_gender	female	locationaa	TSC2_p.Asp1590Asn	1
by_gender	female	locationaa	TSC2_p.Glu1343Asp	1
by_gender	female	locationaa	TSC2_p.Pro1589Leu	1
by_gender	female	locationaa	TSC2_p.Ser1045Phe	1
by_gender	female	locationaa	TSEN2_p.Arg370Gln	1
by_gender	female	locationaa	TSEN54_p.Ala328Val	1
by_gender	female	locationaa	TSEN54_p.Asp187Asn	1
by_gender	female	locationaa	TSGA10_p.Glu451Asp	1
by_gender	female	locationaa	TSGA10_p.Thr93Met	1
by_gender	female	locationaa	TSHR_p.Asp487Asn	1
by_gender	female	locationaa	TSHR_p.Leu131Ile	1
by_gender	female	locationaa	TSHR_p.Thr346Ile	1
by_gender	female	locationaa	TSHZ1_p.Gln584His	1
by_gender	female	locationaa	TSHZ1_p.His425Asn	1
by_gender	female	locationaa	TSHZ1_p.Thr813Ala	1
by_gender	female	locationaa	TSHZ2_p.Arg755Cys	1
by_gender	female	locationaa	TSHZ2_p.Leu657Met	1
by_gender	female	locationaa	TSHZ2_p.Val292Ile	1
by_gender	female	locationaa	TSHZ3_p.Arg198Trp	1
by_gender	female	locationaa	TSHZ3_p.Pro1068Leu	1
by_gender	female	locationaa	TSKS_p.Met544Thr	1
by_gender	female	locationaa	TSKS_p.Pro295Ser	1
by_gender	female	locationaa	TSLP_p.Glu96Lys	1
by_gender	female	locationaa	TSN_p.Val156Ala	1
by_gender	female	locationaa	TSPAN10_p.Gly54Val	1
by_gender	female	locationaa	TSPAN11_p.Leu220Met	1
by_gender	female	locationaa	TSPAN13_p.Leu174Pro	1
by_gender	female	locationaa	TSPAN17_p.Val206Ile	1
by_gender	female	locationaa	TSPAN4_p.Cys81Ter	1
by_gender	female	locationaa	TSPAN5_p.Phe157Ile	1
by_gender	female	locationaa	TSPAN9_p.Thr67Met	1
by_gender	female	locationaa	TSPEAR_p.Ala238Val	1
by_gender	female	locationaa	TSPOAP1_p.Arg1418His	1
by_gender	female	locationaa	TSPOAP1_p.Glu1217Gly	1
by_gender	female	locationaa	TSPOAP1_p.Glu716Gln	1
by_gender	female	locationaa	TSPYL5_p.Ala109Val	1
by_gender	female	locationaa	TSSK1B_p.Arg292Trp	1
by_gender	female	locationaa	TSSK2_p.Ala183Thr	1
by_gender	female	locationaa	TSSK6_p.Asp96Tyr	1
by_gender	female	locationaa	TSSK6_p.Pro58Leu	1
by_gender	female	locationaa	TSTD2_p.Tyr421Ter	1
by_gender	female	locationaa	TTBK1_p.Ala678Val	1
by_gender	female	locationaa	TTBK2_p.Arg727Ile	1
by_gender	female	locationaa	TTBK2_p.Pro625His	1
by_gender	female	locationaa	TTC14_p.Lys568Asn	1
by_gender	female	locationaa	TTC16_p.Ala258Val	1
by_gender	female	locationaa	TTC16_p.Pro50Thr	1
by_gender	female	locationaa	TTC17_p.Ala249Val	1
by_gender	female	locationaa	TTC17_p.His259Tyr	1
by_gender	female	locationaa	TTC21A_p.Val925Met	1
by_gender	female	locationaa	TTC21B_p.Ala1211Ser	1
by_gender	female	locationaa	TTC21B_p.Leu423Met	1
by_gender	female	locationaa	TTC23_p.Gly236Ser	1
by_gender	female	locationaa	TTC24_p.Tyr289Ter	1
by_gender	female	locationaa	TTC25_p.Ala554Thr	1
by_gender	female	locationaa	TTC25_p.Lys637Arg	1
by_gender	female	locationaa	TTC30A_p.Lys411Asn	1
by_gender	female	locationaa	TTC31_p.His77Tyr	1
by_gender	female	locationaa	TTC37_p.Ala1418Ser	1
by_gender	female	locationaa	TTC37_p.Arg1523Cys	1
by_gender	female	locationaa	TTC37_p.Val1385Ala	1
by_gender	female	locationaa	TTC39C_p.Phe465Tyr	1
by_gender	female	locationaa	TTC3_p.Ala1951Thr	1
by_gender	female	locationaa	TTC3_p.Arg1161His	1
by_gender	female	locationaa	TTC3_p.Gln1310Lys	1
by_gender	female	locationaa	TTC3_p.Tyr665His	1
by_gender	female	locationaa	TTC5_p.Gln55His	1
by_gender	female	locationaa	TTC7B_p.Ala740Ser	1
by_gender	female	locationaa	TTC7B_p.Thr174Pro	1
by_gender	female	locationaa	TTC8_p.Arg133Ser	1
by_gender	female	locationaa	TTC9_p.Leu139Ile	1
by_gender	female	locationaa	TTF1_p.His341Gln	1
by_gender	female	locationaa	TTF2_p.Gln446His	1
by_gender	female	locationaa	TTI1_p.Cys618Ter	1
by_gender	female	locationaa	TTI1_p.Leu924TrpfsTer37	1
by_gender	female	locationaa	TTI1_p.Phe645Leu	1
by_gender	female	locationaa	TTK_p.Asn186Tyr	1
by_gender	female	locationaa	TTK_p.Asn326His	1
by_gender	female	locationaa	TTLL10_p.Glu102Val	1
by_gender	female	locationaa	TTLL11_p.Arg359His	1
by_gender	female	locationaa	TTLL13P_p.Ala307Thr	1
by_gender	female	locationaa	TTLL1_p.Ala244Thr	1
by_gender	female	locationaa	TTLL4_p.Ser100Asn	1
by_gender	female	locationaa	TTLL5_p.Arg554Cys	1
by_gender	female	locationaa	TTLL5_p.Gln1149Ter	1
by_gender	female	locationaa	TTLL5_p.Glu860Ter	1
by_gender	female	locationaa	TTLL6_p.Ile352Thr	1
by_gender	female	locationaa	TTLL7_p.Arg619His	1
by_gender	female	locationaa	TTLL8_p.Pro263Leu	1
by_gender	female	locationaa	TTN_p.Ala14326Val	1
by_gender	female	locationaa	TTN_p.Ala14825Thr	1
by_gender	female	locationaa	TTN_p.Ala15587Thr	1
by_gender	female	locationaa	TTN_p.Ala16372Thr	1
by_gender	female	locationaa	TTN_p.Ala18297Thr	1
by_gender	female	locationaa	TTN_p.Ala1914Val	1
by_gender	female	locationaa	TTN_p.Ala2015Thr	1
by_gender	female	locationaa	TTN_p.Ala27456Val	1
by_gender	female	locationaa	TTN_p.Ala28087Val	1
by_gender	female	locationaa	TTN_p.Ala33192Val	1
by_gender	female	locationaa	TTN_p.Ala7499Val	1
by_gender	female	locationaa	TTN_p.Ala9091Asp	1
by_gender	female	locationaa	TTN_p.Arg10701Trp	1
by_gender	female	locationaa	TTN_p.Arg12140Cys	1
by_gender	female	locationaa	TTN_p.Arg12855Leu	1
by_gender	female	locationaa	TTN_p.Arg17257His	1
by_gender	female	locationaa	TTN_p.Arg18064His	1
by_gender	female	locationaa	TTN_p.Arg20802Cys	1
by_gender	female	locationaa	TTN_p.Arg24000Cys	1
by_gender	female	locationaa	TTN_p.Arg27864His	1
by_gender	female	locationaa	TTN_p.Arg3204Gln	1
by_gender	female	locationaa	TTN_p.Arg33409Ile	1
by_gender	female	locationaa	TTN_p.Arg674Gly	1
by_gender	female	locationaa	TTN_p.Arg9734Ter	1
by_gender	female	locationaa	TTN_p.Asp14441Glu	1
by_gender	female	locationaa	TTN_p.Asp16791Asn	1
by_gender	female	locationaa	TTN_p.Asp20848Asn	1
by_gender	female	locationaa	TTN_p.Gln6065His	1
by_gender	female	locationaa	TTN_p.Glu17441Lys	1
by_gender	female	locationaa	TTN_p.Glu18897Ter	1
by_gender	female	locationaa	TTN_p.Glu25161Asp	1
by_gender	female	locationaa	TTN_p.Gly21796Ser	1
by_gender	female	locationaa	TTN_p.Gly2334Val	1
by_gender	female	locationaa	TTN_p.Gly24085Ser	1
by_gender	female	locationaa	TTN_p.Gly9659Asp	1
by_gender	female	locationaa	TTN_p.His27927Arg	1
by_gender	female	locationaa	TTN_p.Ile17469Phe	1
by_gender	female	locationaa	TTN_p.Ile6685Val	1
by_gender	female	locationaa	TTN_p.Leu29509Phe	1
by_gender	female	locationaa	TTN_p.Leu31367Phe	1
by_gender	female	locationaa	TTN_p.Leu5001Ile	1
by_gender	female	locationaa	TTN_p.Leu9624Met	1
by_gender	female	locationaa	TTN_p.Phe4792Leu	1
by_gender	female	locationaa	TTN_p.Pro1390Leu	1
by_gender	female	locationaa	TTN_p.Pro28478Leu	1
by_gender	female	locationaa	TTN_p.Pro3618His	1
by_gender	female	locationaa	TTN_p.Ser13677Phe	1
by_gender	female	locationaa	TTN_p.Ser15615Ile	1
by_gender	female	locationaa	TTN_p.Ser30022Tyr	1
by_gender	female	locationaa	TTN_p.Ser33906Tyr	1
by_gender	female	locationaa	TTN_p.Ser4931Asn	1
by_gender	female	locationaa	TTN_p.Ser8777Asn	1
by_gender	female	locationaa	TTN_p.Thr30729Asn	1
by_gender	female	locationaa	TTN_p.Tyr23755Ter	1
by_gender	female	locationaa	TTN_p.Val24296Ile	1
by_gender	female	locationaa	TTYH2_p.Leu219Phe	1
by_gender	female	locationaa	TUBA1A_p.Arg339His	1
by_gender	female	locationaa	TUBA1B_p.Arg2Cys	1
by_gender	female	locationaa	TUBA3C_p.Gly146Asp	1
by_gender	female	locationaa	TUBA3C_p.Thr130Met	1
by_gender	female	locationaa	TUBA3D_p.Arg156Gln	1
by_gender	female	locationaa	TUBA3D_p.Arg229His	1
by_gender	female	locationaa	TUBA3E_p.Arg373Gln	1
by_gender	female	locationaa	TUBA8_p.Ala281Thr	1
by_gender	female	locationaa	TUBA8_p.Thr56Pro	1
by_gender	female	locationaa	TUBAL3_p.Ile339Leu	1
by_gender	female	locationaa	TUBB1_p.Ala364Thr	1
by_gender	female	locationaa	TUBB1_p.Leu139Met	1
by_gender	female	locationaa	TUBB1_p.Thr107Met	1
by_gender	female	locationaa	TUBB2B_p.Ala9Val	1
by_gender	female	locationaa	TUBB2B_p.Ser364Leu	1
by_gender	female	locationaa	TUBB6_p.Gly369Asp	1
by_gender	female	locationaa	TUBB8_p.Ser413Ile	1
by_gender	female	locationaa	TUBE1_p.Thr270Met	1
by_gender	female	locationaa	TUBGCP3_p.Ala610Thr	1
by_gender	female	locationaa	TUBGCP3_p.Thr907Met	1
by_gender	female	locationaa	TUBGCP4_p.Arg558Ter	1
by_gender	female	locationaa	TUBGCP4_p.Glu173Asp	1
by_gender	female	locationaa	TUBGCP4_p.Leu649Arg	1
by_gender	female	locationaa	TUBGCP6_p.Asp594Gly	1
by_gender	female	locationaa	TUBGCP6_p.Thr223Ile	1
by_gender	female	locationaa	TUBGCP6_p.Val364Met	1
by_gender	female	locationaa	TUB_p.Glu198Ala	1
by_gender	female	locationaa	TUFT1_p.Lys313Glu	1
by_gender	female	locationaa	TULP3_p.Glu263Lys	1
by_gender	female	locationaa	TULP4_p.Arg403ProfsTer91	1
by_gender	female	locationaa	TULP4_p.Leu927Phe	1
by_gender	female	locationaa	TULP4_p.Lys1335Asn	1
by_gender	female	locationaa	TULP4_p.Thr232Met	1
by_gender	female	locationaa	TUT4_p.Lys729Glu	1
by_gender	female	locationaa	TUT4_p.Pro1539Ser	1
by_gender	female	locationaa	TUT4_p.Ser165Asn	1
by_gender	female	locationaa	TUT4_p.Thr802Ile	1
by_gender	female	locationaa	TUT7_p.Ala804Val	1
by_gender	female	locationaa	TUT7_p.Phe348Leu	1
by_gender	female	locationaa	TVP23B_p.Trp104Cys	1
by_gender	female	locationaa	TWNK_p.Arg406Ter	1
by_gender	female	locationaa	TXLNB_p.Ala565Val	1
by_gender	female	locationaa	TXLNB_p.Leu148Ile	1
by_gender	female	locationaa	TXLNG_p.Thr366Ile	1
by_gender	female	locationaa	TXNDC11_p.Pro627Leu	1
by_gender	female	locationaa	TXNDC15_p.Val260Ile	1
by_gender	female	locationaa	TXNDC16_p.Ala290Thr	1
by_gender	female	locationaa	TXNDC16_p.Leu230Ile	1
by_gender	female	locationaa	TXNDC17_p.Glu5Asp	1
by_gender	female	locationaa	TXNDC2_p.Cys538Tyr	1
by_gender	female	locationaa	TXNDC2_p.Leu40Ser	1
by_gender	female	locationaa	TXNL1_p.Arg202Gln	1
by_gender	female	locationaa	TXNRD2_p.Ala348Val	1
by_gender	female	locationaa	TXN_p.Ala99Ser	1
by_gender	female	locationaa	TYK2_p.Arg607His	1
by_gender	female	locationaa	TYMS_p.Ile307Ser	1
by_gender	female	locationaa	TYR_p.Arg341Ile	1
by_gender	female	locationaa	TYR_p.Arg405His	1
by_gender	female	locationaa	TYW1_p.Asp322Asn	1
by_gender	female	locationaa	TYW1_p.Gly345Arg	1
by_gender	female	locationaa	TYW1_p.His624Tyr	1
by_gender	female	locationaa	TYW5_p.Met20Ile	1
by_gender	female	locationaa	U2SURP_p.Arg227Lys	1
by_gender	female	locationaa	U2SURP_p.Pro401Leu	1
by_gender	female	locationaa	UACA_p.Glu308Lys	1
by_gender	female	locationaa	UACA_p.Val335Gly	1
by_gender	female	locationaa	UBA1_p.Ile543Thr	1
by_gender	female	locationaa	UBA2_p.Asp541Gly	1
by_gender	female	locationaa	UBA6_p.Arg885Cys	1
by_gender	female	locationaa	UBA7_p.Arg152Trp	1
by_gender	female	locationaa	UBA7_p.Arg616Gln	1
by_gender	female	locationaa	UBA7_p.Arg844Gln	1
by_gender	female	locationaa	UBA7_p.Gly684Val	1
by_gender	female	locationaa	UBAP2L_p.Ala854Val	1
by_gender	female	locationaa	UBAP2_p.Glu100Lys	1
by_gender	female	locationaa	UBAP2_p.Gly1058Asp	1
by_gender	female	locationaa	UBAP2_p.Val300Ala	1
by_gender	female	locationaa	UBE2D1_p.Pro25His	1
by_gender	female	locationaa	UBE2E1_p.Ala192Thr	1
by_gender	female	locationaa	UBE2E3_p.Ser2Phe	1
by_gender	female	locationaa	UBE2J1_p.Asp27Tyr	1
by_gender	female	locationaa	UBE2O_p.Glu822Lys	1
by_gender	female	locationaa	UBE2S_p.Ala158Val	1
by_gender	female	locationaa	UBE2U_p.Glu97Asp	1
by_gender	female	locationaa	UBE3A_p.Ala544Thr	1
by_gender	female	locationaa	UBE3A_p.Val290Ile	1
by_gender	female	locationaa	UBE3C_p.Leu298Met	1
by_gender	female	locationaa	UBE3D_p.Asp165Glu	1
by_gender	female	locationaa	UBE4A_p.Arg1016Lys	1
by_gender	female	locationaa	UBE4B_p.Ala806Thr	1
by_gender	female	locationaa	UBE4B_p.Arg1255His	1
by_gender	female	locationaa	UBL3_p.Asn112Lys	1
by_gender	female	locationaa	UBLCP1_p.Gly37Ter	1
by_gender	female	locationaa	UBLCP1_p.Lys315Asn	1
by_gender	female	locationaa	UBN2_p.Gln1307His	1
by_gender	female	locationaa	UBN2_p.Pro359Ser	1
by_gender	female	locationaa	UBN2_p.Ser885Asn	1
by_gender	female	locationaa	UBP1_p.Gly156Ter	1
by_gender	female	locationaa	UBQLN1_p.Glu250Asp	1
by_gender	female	locationaa	UBQLN1_p.Pro538Thr	1
by_gender	female	locationaa	UBQLN1_p.Ser260Ile	1
by_gender	female	locationaa	UBQLN3_p.Ile177Asn	1
by_gender	female	locationaa	UBQLN3_p.Ser113Ile	1
by_gender	female	locationaa	UBQLN3_p.Ser236Asn	1
by_gender	female	locationaa	UBQLNL_p.Gln286His	1
by_gender	female	locationaa	UBQLNL_p.Glu210Lys	1
by_gender	female	locationaa	UBQLNL_p.Ile363Val	1
by_gender	female	locationaa	UBR1_p.Arg316Cys	1
by_gender	female	locationaa	UBR2_p.Ala216Thr	1
by_gender	female	locationaa	UBR2_p.Arg1720Ter	1
by_gender	female	locationaa	UBR2_p.Cys112Ser	1
by_gender	female	locationaa	UBR2_p.Pro801Ser	1
by_gender	female	locationaa	UBR2_p.Ser1609Asn	1
by_gender	female	locationaa	UBR4_p.Ala158Thr	1
by_gender	female	locationaa	UBR4_p.Arg2712Lys	1
by_gender	female	locationaa	UBR4_p.Arg2989Ter	1
by_gender	female	locationaa	UBR4_p.Pro264Thr	1
by_gender	female	locationaa	UBR4_p.Ser3344Ile	1
by_gender	female	locationaa	UBR4_p.Ser4240Gly	1
by_gender	female	locationaa	UBR5_p.Pro2573His	1
by_gender	female	locationaa	UBR5_p.Pro498Leu	1
by_gender	female	locationaa	UBR5_p.Ser276Ile	1
by_gender	female	locationaa	UBR5_p.Val2774Ile	1
by_gender	female	locationaa	UBTD1_p.Thr202Ala	1
by_gender	female	locationaa	UBTD2_p.Asn228Ser	1
by_gender	female	locationaa	UBTD2_p.Glu188Lys	1
by_gender	female	locationaa	UBTF_p.Asp10Asn	1
by_gender	female	locationaa	UBXN10_p.Arg172Ser	1
by_gender	female	locationaa	UBXN2B_p.Asn323Ser	1
by_gender	female	locationaa	UBXN4_p.Ser504Phe	1
by_gender	female	locationaa	UBXN6_p.Gln21Arg	1
by_gender	female	locationaa	UBXN8_p.Arg223Gly	1
by_gender	female	locationaa	UCMA_p.Thr2Pro	1
by_gender	female	locationaa	UCN2_p.Arg31His	1
by_gender	female	locationaa	UCP3_p.Arg244Trp	1
by_gender	female	locationaa	UFC1_p.Ala2Val	1
by_gender	female	locationaa	UFD1_p.Ser74Leu	1
by_gender	female	locationaa	UFM1_p.Ser2Leu	1
by_gender	female	locationaa	UFSP2_p.Asn69His	1
by_gender	female	locationaa	UFSP2_p.Gln292His	1
by_gender	female	locationaa	UGCG_p.Ser271Phe	1
by_gender	female	locationaa	UGDH_p.Asn121Asp	1
by_gender	female	locationaa	UGDH_p.Asn38Asp	1
by_gender	female	locationaa	UGGT1_p.Gly983Trp	1
by_gender	female	locationaa	UGGT2_p.His586Arg	1
by_gender	female	locationaa	UGGT2_p.Ile238Val	1
by_gender	female	locationaa	UGP2_p.Ser103Phe	1
by_gender	female	locationaa	UGT1A4_p.Ala159Val	1
by_gender	female	locationaa	UGT1A8_p.Ser78Leu	1
by_gender	female	locationaa	UGT2B10_p.Ala160Val	1
by_gender	female	locationaa	UGT2B4_p.Pro195Ser	1
by_gender	female	locationaa	UGT3A1_p.Arg234Met	1
by_gender	female	locationaa	UGT3A1_p.Asp252Glu	1
by_gender	female	locationaa	UGT3A1_p.Glu48Asp	1
by_gender	female	locationaa	UGT3A1_p.Lys128Asn	1
by_gender	female	locationaa	UGT3A1_p.Pro353Leu	1
by_gender	female	locationaa	UGT3A2_p.Arg259Gln	1
by_gender	female	locationaa	UGT3A2_p.Ser374Asn	1
by_gender	female	locationaa	UHMK1_p.Ala66Thr	1
by_gender	female	locationaa	UHRF1BP1L_p.Ala1162Thr	1
by_gender	female	locationaa	UHRF1BP1_p.Glu44Asp	1
by_gender	female	locationaa	UHRF1_p.Arg528Gln	1
by_gender	female	locationaa	UHRF2_p.Ile371Val	1
by_gender	female	locationaa	ULK1_p.Arg261His	1
by_gender	female	locationaa	ULK1_p.Asp138Asn	1
by_gender	female	locationaa	ULK3_p.Glu343Lys	1
by_gender	female	locationaa	ULK4_p.Arg1127Leu	1
by_gender	female	locationaa	UMODL1_p.Pro239Ser	1
by_gender	female	locationaa	UMOD_p.Ala438Thr	1
by_gender	female	locationaa	UMOD_p.Arg385Gln	1
by_gender	female	locationaa	UMPS_p.Ile91Thr	1
by_gender	female	locationaa	UMPS_p.Thr282Ile	1
by_gender	female	locationaa	UNC13A_p.Ala420Val	1
by_gender	female	locationaa	UNC13A_p.Arg868His	1
by_gender	female	locationaa	UNC13A_p.Lys1364Arg	1
by_gender	female	locationaa	UNC13A_p.Pro721Leu	1
by_gender	female	locationaa	UNC13A_p.Val896Ile	1
by_gender	female	locationaa	UNC13B_p.Lys83Asn	1
by_gender	female	locationaa	UNC13C_p.Asp1511Asn	1
by_gender	female	locationaa	UNC13C_p.Gly1321Glu	1
by_gender	female	locationaa	UNC13C_p.Lys964Asn	1
by_gender	female	locationaa	UNC13C_p.Thr1875Pro	1
by_gender	female	locationaa	UNC13C_p.Trp535Ter	1
by_gender	female	locationaa	UNC13C_p.Val1047Ala	1
by_gender	female	locationaa	UNC13D_p.Arg570Cys	1
by_gender	female	locationaa	UNC45B_p.Gln415His	1
by_gender	female	locationaa	UNC50_p.Leu54Phe	1
by_gender	female	locationaa	UNC5A_p.Asp787Asn	1
by_gender	female	locationaa	UNC5B_p.Ala458Thr	1
by_gender	female	locationaa	UNC5CL_p.Glu502Asp	1
by_gender	female	locationaa	UNC5CL_p.Leu375Ser	1
by_gender	female	locationaa	UNC5CL_p.Val53Met	1
by_gender	female	locationaa	UNC5C_p.Arg742Cys	1
by_gender	female	locationaa	UNC5C_p.Gly806Arg	1
by_gender	female	locationaa	UNC5D_p.Ala138Thr	1
by_gender	female	locationaa	UNC5D_p.Glu497Asp	1
by_gender	female	locationaa	UNC79_p.Arg1518Cys	1
by_gender	female	locationaa	UNC79_p.Arg769His	1
by_gender	female	locationaa	UNC79_p.Ile2368Val	1
by_gender	female	locationaa	UNC79_p.Leu2556Met	1
by_gender	female	locationaa	UNC80_p.Ser140Asn	1
by_gender	female	locationaa	UNC93A_p.Ala88Thr	1
by_gender	female	locationaa	UPB1_p.Ala102Asp	1
by_gender	female	locationaa	UPF2_p.Arg868Cys	1
by_gender	female	locationaa	UPF3A_p.Ser465Leu	1
by_gender	female	locationaa	UPF3B_p.Pro337His	1
by_gender	female	locationaa	UPK1B_p.Val192Phe	1
by_gender	female	locationaa	UPP2_p.Val20Ala	1
by_gender	female	locationaa	UQCRB_p.Glu40Lys	1
by_gender	female	locationaa	UQCRFS1_p.Val176Ala	1
by_gender	female	locationaa	URB2_p.Gly1518Glu	1
by_gender	female	locationaa	URI1_p.Glu445Ter	1
by_gender	female	locationaa	UROC1_p.Ala537Val	1
by_gender	female	locationaa	UROC1_p.Gly506Asp	1
by_gender	female	locationaa	UROC1_p.Pro431Thr	1
by_gender	female	locationaa	USF3_p.Ala1726Asp	1
by_gender	female	locationaa	USH1C_p.Arg196Ter	1
by_gender	female	locationaa	USH2A_p.Arg2927Ile	1
by_gender	female	locationaa	USH2A_p.Arg3226Gln	1
by_gender	female	locationaa	USH2A_p.Asn1758Thr	1
by_gender	female	locationaa	USH2A_p.Ile1665Leu	1
by_gender	female	locationaa	USH2A_p.Leu4364Phe	1
by_gender	female	locationaa	USH2A_p.Ser33Pro	1
by_gender	female	locationaa	USH2A_p.Ser3406Phe	1
by_gender	female	locationaa	USH2A_p.Ser5014Phe	1
by_gender	female	locationaa	USH2A_p.Thr2016Ala	1
by_gender	female	locationaa	USH2A_p.Thr2619Ser	1
by_gender	female	locationaa	USH2A_p.Val3096Met	1
by_gender	female	locationaa	USH2A_p.Val721Gly	1
by_gender	female	locationaa	USHBP1_p.Ala380Thr	1
by_gender	female	locationaa	USHBP1_p.Asp117Tyr	1
by_gender	female	locationaa	USHBP1_p.Leu211Pro	1
by_gender	female	locationaa	USO1_p.Leu175Val	1
by_gender	female	locationaa	USO1_p.Leu912Ile	1
by_gender	female	locationaa	USP11_p.Arg641Cys	1
by_gender	female	locationaa	USP11_p.Asp652Glu	1
by_gender	female	locationaa	USP12_p.Phe365Leu	1
by_gender	female	locationaa	USP13_p.Ser722Tyr	1
by_gender	female	locationaa	USP15_p.Pro403Ser	1
by_gender	female	locationaa	USP15_p.Tyr89Cys	1
by_gender	female	locationaa	USP16_p.Phe617Leu	1
by_gender	female	locationaa	USP16_p.Val510Ile	1
by_gender	female	locationaa	USP17L2_p.Ala506Val	1
by_gender	female	locationaa	USP17L2_p.Glu377Asp	1
by_gender	female	locationaa	USP17L2_p.Leu256Pro	1
by_gender	female	locationaa	USP17L2_p.Leu420Ter	1
by_gender	female	locationaa	USP19_p.Arg1186His	1
by_gender	female	locationaa	USP19_p.Gly339Glu	1
by_gender	female	locationaa	USP20_p.Arg889His	1
by_gender	female	locationaa	USP21_p.Arg158Cys	1
by_gender	female	locationaa	USP24_p.His511Asn	1
by_gender	female	locationaa	USP24_p.Ser1661Tyr	1
by_gender	female	locationaa	USP25_p.Glu724Ter	1
by_gender	female	locationaa	USP25_p.His268Tyr	1
by_gender	female	locationaa	USP25_p.Met280Ile	1
by_gender	female	locationaa	USP26_p.Gly613ArgfsTer6	1
by_gender	female	locationaa	USP28_p.Cys644Tyr	1
by_gender	female	locationaa	USP28_p.His477Tyr	1
by_gender	female	locationaa	USP29_p.Cys737Tyr	1
by_gender	female	locationaa	USP2_p.Arg255Ile	1
by_gender	female	locationaa	USP2_p.Ser14Leu	1
by_gender	female	locationaa	USP31_p.Ile643Met	1
by_gender	female	locationaa	USP32_p.Ala867Val	1
by_gender	female	locationaa	USP32_p.Arg843Ter	1
by_gender	female	locationaa	USP32_p.Cys1263Tyr	1
by_gender	female	locationaa	USP32_p.Ser1376Tyr	1
by_gender	female	locationaa	USP32_p.Val23Ala	1
by_gender	female	locationaa	USP33_p.Ala845Ser	1
by_gender	female	locationaa	USP33_p.Val165Ile	1
by_gender	female	locationaa	USP34_p.Glu559Asp	1
by_gender	female	locationaa	USP35_p.Arg23Gln	1
by_gender	female	locationaa	USP35_p.Asp916Tyr	1
by_gender	female	locationaa	USP35_p.Val1017Ile	1
by_gender	female	locationaa	USP36_p.Pro820Leu	1
by_gender	female	locationaa	USP37_p.Leu193Val	1
by_gender	female	locationaa	USP37_p.Trp325Ter	1
by_gender	female	locationaa	USP38_p.Ala999Val	1
by_gender	female	locationaa	USP40_p.Cys894Ter	1
by_gender	female	locationaa	USP40_p.Phe559Cys	1
by_gender	female	locationaa	USP42_p.Lys1236Asn	1
by_gender	female	locationaa	USP44_p.Tyr503Ter	1
by_gender	female	locationaa	USP45_p.Ala775Val	1
by_gender	female	locationaa	USP46_p.Arg273His	1
by_gender	female	locationaa	USP49_p.Arg149His	1
by_gender	female	locationaa	USP4_p.Ile447Thr	1
by_gender	female	locationaa	USP6NL_p.Arg668Met	1
by_gender	female	locationaa	USP6NL_p.Asp330Asn	1
by_gender	female	locationaa	USP6_p.Ser476Asn	1
by_gender	female	locationaa	USP6_p.Val287Met	1
by_gender	female	locationaa	USP7_p.His683Tyr	1
by_gender	female	locationaa	USP8_p.Arg742Gln	1
by_gender	female	locationaa	USP9X_p.Arg1936His	1
by_gender	female	locationaa	USP9X_p.Arg891Ter	1
by_gender	female	locationaa	USPL1_p.Ala840Val	1
by_gender	female	locationaa	USPL1_p.Glu729Ala	1
by_gender	female	locationaa	UTF1_p.Lys122Arg	1
by_gender	female	locationaa	UTP11_p.Gln48His	1
by_gender	female	locationaa	UTP14A_p.Ala138Thr	1
by_gender	female	locationaa	UTP14A_p.Asn663Ser	1
by_gender	female	locationaa	UTP14C_p.Leu174Phe	1
by_gender	female	locationaa	UTP14C_p.Val351Ala	1
by_gender	female	locationaa	UTP20_p.Cys430Ter	1
by_gender	female	locationaa	UTP25_p.Glu85Gly	1
by_gender	female	locationaa	UTP25_p.Lys43Thr	1
by_gender	female	locationaa	UTP3_p.Pro246Ser	1
by_gender	female	locationaa	UTP4_p.Asp608Ala	1
by_gender	female	locationaa	UTS2B_p.Lys92Glu	1
by_gender	female	locationaa	UTS2R_p.Val143Ile	1
by_gender	female	locationaa	UVRAG_p.Arg43Gln	1
by_gender	female	locationaa	UVRAG_p.Glu324Gly	1
by_gender	female	locationaa	VAC14_p.Leu156Phe	1
by_gender	female	locationaa	VAC14_p.Pro344Leu	1
by_gender	female	locationaa	VANGL1_p.Pro449Leu	1
by_gender	female	locationaa	VAPB_p.Gly178Ser	1
by_gender	female	locationaa	VARS1_p.Arg758Cys	1
by_gender	female	locationaa	VAT1_p.Pro278His	1
by_gender	female	locationaa	VAV1_p.Arg332Gln	1
by_gender	female	locationaa	VAV1_p.Arg416Trp	1
by_gender	female	locationaa	VAV1_p.Cys71Tyr	1
by_gender	female	locationaa	VAV1_p.Gly639Asp	1
by_gender	female	locationaa	VAV1_p.Lys788Ile	1
by_gender	female	locationaa	VAX1_p.Glu110Ter	1
by_gender	female	locationaa	VAX2_p.Arg123Cys	1
by_gender	female	locationaa	VCAN_p.Arg129His	1
by_gender	female	locationaa	VCAN_p.Arg233His	1
by_gender	female	locationaa	VCAN_p.Glu1328Gly	1
by_gender	female	locationaa	VCAN_p.Ile2782Val	1
by_gender	female	locationaa	VCAN_p.Pro2197Thr	1
by_gender	female	locationaa	VCAN_p.Ser7Ile	1
by_gender	female	locationaa	VCL_p.Arg680His	1
by_gender	female	locationaa	VCPIP1_p.Arg547Ter	1
by_gender	female	locationaa	VCPIP1_p.Leu238Val	1
by_gender	female	locationaa	VCX2_p.Asp78Asn	1
by_gender	female	locationaa	VCX3B_p.Ser235Gly	1
by_gender	female	locationaa	VDAC1_p.Thr72Ala	1
by_gender	female	locationaa	VEPH1_p.Arg582Gly	1
by_gender	female	locationaa	VEPH1_p.Asp252Gly	1
by_gender	female	locationaa	VEPH1_p.Asp573Gly	1
by_gender	female	locationaa	VEPH1_p.Gln118Ter	1
by_gender	female	locationaa	VGLL1_p.Arg219Cys	1
by_gender	female	locationaa	VGLL2_p.Pro14Leu	1
by_gender	female	locationaa	VGLL3_p.Arg228Trp	1
by_gender	female	locationaa	VGLL3_p.Trp133Ter	1
by_gender	female	locationaa	VGLL4_p.Asp239Asn	1
by_gender	female	locationaa	VHLL_p.Ala5Val	1
by_gender	female	locationaa	VIL1_p.Gln333Ter	1
by_gender	female	locationaa	VIPR2_p.Ser140Pro	1
by_gender	female	locationaa	VIT_p.Ala189Asp	1
by_gender	female	locationaa	VIT_p.Phe133Cys	1
by_gender	female	locationaa	VIT_p.Ser504Ile	1
by_gender	female	locationaa	VMO1_p.Ala87Val	1
by_gender	female	locationaa	VMP1_p.Ser382Phe	1
by_gender	female	locationaa	VN1R2_p.Asp342Asn	1
by_gender	female	locationaa	VN1R2_p.Thr190Ala	1
by_gender	female	locationaa	VN1R5_p.Ala309Thr	1
by_gender	female	locationaa	VNN1_p.Arg459His	1
by_gender	female	locationaa	VNN3_p.Gln253Ter	1
by_gender	female	locationaa	VPREB1_p.Met29Ile	1
by_gender	female	locationaa	VPS13A_p.Asp2480Tyr	1
by_gender	female	locationaa	VPS13A_p.Leu748Val	1
by_gender	female	locationaa	VPS13A_p.Phe1123Leu	1
by_gender	female	locationaa	VPS13A_p.Val2910Phe	1
by_gender	female	locationaa	VPS13B_p.Arg1678Gln	1
by_gender	female	locationaa	VPS13B_p.Asp1440Asn	1
by_gender	female	locationaa	VPS13B_p.Leu2461Met	1
by_gender	female	locationaa	VPS13B_p.Ser862Asn	1
by_gender	female	locationaa	VPS13B_p.Thr495Ile	1
by_gender	female	locationaa	VPS13C_p.Arg454Leu	1
by_gender	female	locationaa	VPS13C_p.Asn1828Ser	1
by_gender	female	locationaa	VPS13C_p.Glu896Lys	1
by_gender	female	locationaa	VPS13C_p.Lys3522Asn	1
by_gender	female	locationaa	VPS13D_p.Arg3271Gln	1
by_gender	female	locationaa	VPS13D_p.Asp2343Asn	1
by_gender	female	locationaa	VPS13D_p.Glu2257Lys	1
by_gender	female	locationaa	VPS13D_p.Pro169His	1
by_gender	female	locationaa	VPS13D_p.Val242Leu	1
by_gender	female	locationaa	VPS18_p.Leu503Ile	1
by_gender	female	locationaa	VPS25_p.Ala2Glu	1
by_gender	female	locationaa	VPS26B_p.Ser153Arg	1
by_gender	female	locationaa	VPS29_p.Arg14Trp	1
by_gender	female	locationaa	VPS33B_p.Ser379Asn	1
by_gender	female	locationaa	VPS35L_p.Arg886Cys	1
by_gender	female	locationaa	VPS36_p.Glu169Ter	1
by_gender	female	locationaa	VPS37A_p.Ile170Ser	1
by_gender	female	locationaa	VPS37A_p.Leu90Val	1
by_gender	female	locationaa	VPS37A_p.Pro160Ser	1
by_gender	female	locationaa	VPS39_p.Thr109Asn	1
by_gender	female	locationaa	VPS4B_p.Pro423His	1
by_gender	female	locationaa	VPS50_p.Glu861Asp	1
by_gender	female	locationaa	VPS53_p.Leu265Met	1
by_gender	female	locationaa	VPS9D1_p.Ala501Val	1
by_gender	female	locationaa	VPS9D1_p.Leu594Met	1
by_gender	female	locationaa	VRK1_p.Ile141Met	1
by_gender	female	locationaa	VRTN_p.Gly279Asp	1
by_gender	female	locationaa	VSIG1_p.Gly199Glu	1
by_gender	female	locationaa	VSIG2_p.Leu256Met	1
by_gender	female	locationaa	VSIR_p.Arg90His	1
by_gender	female	locationaa	VSIR_p.Thr170Ala	1
by_gender	female	locationaa	VSNL1_p.Phe55Leu	1
by_gender	female	locationaa	VSTM1_p.Gly203Glu	1
by_gender	female	locationaa	VSTM1_p.Gly227Ter	1
by_gender	female	locationaa	VSTM4_p.Ala259Thr	1
by_gender	female	locationaa	VTCN1_p.Phe191Leu	1
by_gender	female	locationaa	VTI1A_p.Arg192Cys	1
by_gender	female	locationaa	VWA3A_p.Ala1095Val	1
by_gender	female	locationaa	VWA3A_p.Ala574Val	1
by_gender	female	locationaa	VWA3B_p.Arg1256His	1
by_gender	female	locationaa	VWA3B_p.Ser47Asn	1
by_gender	female	locationaa	VWA3B_p.Val879Ile	1
by_gender	female	locationaa	VWA5A_p.Gln303His	1
by_gender	female	locationaa	VWA7_p.Phe653Val	1
by_gender	female	locationaa	VWA7_p.Pro610Leu	1
by_gender	female	locationaa	VWA8_p.Leu1789Met	1
by_gender	female	locationaa	VWC2_p.Gly222Asp	1
by_gender	female	locationaa	VWCE_p.Gln811His	1
by_gender	female	locationaa	VWCE_p.Lys413Asn	1
by_gender	female	locationaa	VWF_p.Ala1815Thr	1
by_gender	female	locationaa	VWF_p.Arg1379His	1
by_gender	female	locationaa	VWF_p.Arg976His	1
by_gender	female	locationaa	VXN_p.Gln4His	1
by_gender	female	locationaa	WAC_p.Arg151Gln	1
by_gender	female	locationaa	WAC_p.Thr338Ala	1
by_gender	female	locationaa	WARS1_p.Ala68Ser	1
by_gender	female	locationaa	WARS1_p.Arg106Trp	1
by_gender	female	locationaa	WASF1_p.Ala403Thr	1
by_gender	female	locationaa	WASF2_p.Val213Met	1
by_gender	female	locationaa	WASHC2C_p.Ser641Phe	1
by_gender	female	locationaa	WASHC5_p.Asp1006Tyr	1
by_gender	female	locationaa	WASL_p.Gly298Cys	1
by_gender	female	locationaa	WBP11_p.Pro238Thr	1
by_gender	female	locationaa	WBP2NL_p.Asp121Tyr	1
by_gender	female	locationaa	WDCP_p.Glu383Ter	1
by_gender	female	locationaa	WDCP_p.Ser64Pro	1
by_gender	female	locationaa	WDFY2_p.Ala66Thr	1
by_gender	female	locationaa	WDFY3_p.Arg1148Gln	1
by_gender	female	locationaa	WDFY3_p.Asn175His	1
by_gender	female	locationaa	WDFY3_p.Ser3378Asn	1
by_gender	female	locationaa	WDHD1_p.Cys457Ter	1
by_gender	female	locationaa	WDHD1_p.Lys321Asn	1
by_gender	female	locationaa	WDR11_p.Ala828Val	1
by_gender	female	locationaa	WDR11_p.Leu143Ile	1
by_gender	female	locationaa	WDR11_p.Thr457Met	1
by_gender	female	locationaa	WDR17_p.Cys601Tyr	1
by_gender	female	locationaa	WDR17_p.Leu1319Phe	1
by_gender	female	locationaa	WDR17_p.Leu842Ile	1
by_gender	female	locationaa	WDR17_p.Ser333Cys	1
by_gender	female	locationaa	WDR19_p.Ile79Ser	1
by_gender	female	locationaa	WDR1_p.Tyr96Cys	1
by_gender	female	locationaa	WDR1_p.Val460Ala	1
by_gender	female	locationaa	WDR24_p.Arg183Cys	1
by_gender	female	locationaa	WDR24_p.Arg427Ter	1
by_gender	female	locationaa	WDR24_p.Asn469Tyr	1
by_gender	female	locationaa	WDR25_p.Ser162Asn	1
by_gender	female	locationaa	WDR26_p.Pro444Ser	1
by_gender	female	locationaa	WDR26_p.Ser288Ala	1
by_gender	female	locationaa	WDR27_p.Arg466Gln	1
by_gender	female	locationaa	WDR31_p.Arg19Met	1
by_gender	female	locationaa	WDR33_p.Ala2Thr	1
by_gender	female	locationaa	WDR33_p.Arg1035Ter	1
by_gender	female	locationaa	WDR33_p.Gly45Glu	1
by_gender	female	locationaa	WDR35_p.Ala863Thr	1
by_gender	female	locationaa	WDR37_p.Arg478Trp	1
by_gender	female	locationaa	WDR37_p.Glu187Gln	1
by_gender	female	locationaa	WDR41_p.Arg113Ile	1
by_gender	female	locationaa	WDR43_p.Arg188Gln	1
by_gender	female	locationaa	WDR43_p.Thr459Met	1
by_gender	female	locationaa	WDR47_p.Glu167Asp	1
by_gender	female	locationaa	WDR47_p.Gly393Asp	1
by_gender	female	locationaa	WDR47_p.Val570Ala	1
by_gender	female	locationaa	WDR48_p.Arg304Lys	1
by_gender	female	locationaa	WDR48_p.Leu203Ile	1
by_gender	female	locationaa	WDR48_p.Ser436Arg	1
by_gender	female	locationaa	WDR48_p.Thr233Ala	1
by_gender	female	locationaa	WDR49_p.Arg433Gln	1
by_gender	female	locationaa	WDR4_p.Pro328Leu	1
by_gender	female	locationaa	WDR55_p.Arg201Gln	1
by_gender	female	locationaa	WDR55_p.Ser369Tyr	1
by_gender	female	locationaa	WDR5B_p.Pro51His	1
by_gender	female	locationaa	WDR61_p.Leu56Ile	1
by_gender	female	locationaa	WDR62_p.Arg438Leu	1
by_gender	female	locationaa	WDR62_p.Arg856His	1
by_gender	female	locationaa	WDR64_p.Arg1052His	1
by_gender	female	locationaa	WDR64_p.Phe1025Cys	1
by_gender	female	locationaa	WDR6_p.Ala132Ser	1
by_gender	female	locationaa	WDR70_p.Gly241Ter	1
by_gender	female	locationaa	WDR72_p.Leu668Ser	1
by_gender	female	locationaa	WDR72_p.Ser1081Phe	1
by_gender	female	locationaa	WDR72_p.Val997Ile	1
by_gender	female	locationaa	WDR73_p.Arg84Lys	1
by_gender	female	locationaa	WDR7_p.Ala537Val	1
by_gender	female	locationaa	WDR7_p.Arg1121Trp	1
by_gender	female	locationaa	WDR83_p.Arg246Cys	1
by_gender	female	locationaa	WDR88_p.Ala312Ser	1
by_gender	female	locationaa	WDR89_p.Ser181Asn	1
by_gender	female	locationaa	WDR90_p.Val364Ile	1
by_gender	female	locationaa	WDR92_p.Lys259Thr	1
by_gender	female	locationaa	WDSUB1_p.Trp332Ter	1
by_gender	female	locationaa	WDTC1_p.Arg634Cys	1
by_gender	female	locationaa	WEE2_p.Ala183Val	1
by_gender	female	locationaa	WEE2_p.Arg200Ter	1
by_gender	female	locationaa	WEE2_p.Arg274Cys	1
by_gender	female	locationaa	WEE2_p.Arg563Cys	1
by_gender	female	locationaa	WFIKKN2_p.Pro382Leu	1
by_gender	female	locationaa	WFS1_p.Arg228Cys	1
by_gender	female	locationaa	WFS1_p.Arg517Cys	1
by_gender	female	locationaa	WFS1_p.Ser368Ile	1
by_gender	female	locationaa	WHAMM_p.Gly11Asp	1
by_gender	female	locationaa	WHRN_p.Glu478Asp	1
by_gender	female	locationaa	WIF1_p.Arg107Pro	1
by_gender	female	locationaa	WIF1_p.Pro168Thr	1
by_gender	female	locationaa	WIPF1_p.Phe104Ser	1
by_gender	female	locationaa	WIPF2_p.Pro304Leu	1
by_gender	female	locationaa	WIPI1_p.Ala332Val	1
by_gender	female	locationaa	WIPI2_p.Arg38His	1
by_gender	female	locationaa	WIPI2_p.Thr382Ala	1
by_gender	female	locationaa	WIZ_p.Arg45Trp	1
by_gender	female	locationaa	WIZ_p.Glu1638Asp	1
by_gender	female	locationaa	WNK1_p.Gln747Ter	1
by_gender	female	locationaa	WNK2_p.Ala2035Thr	1
by_gender	female	locationaa	WNK2_p.Ala2202Asp	1
by_gender	female	locationaa	WNK2_p.Thr208Met	1
by_gender	female	locationaa	WNK4_p.Leu668Ile	1
by_gender	female	locationaa	WNK4_p.Pro1011Ser	1
by_gender	female	locationaa	WNT11_p.Arg74His	1
by_gender	female	locationaa	WNT1_p.Val56Ile	1
by_gender	female	locationaa	WNT2B_p.Arg230Trp	1
by_gender	female	locationaa	WNT2B_p.Arg249His	1
by_gender	female	locationaa	WNT2B_p.Arg259Cys	1
by_gender	female	locationaa	WNT2_p.Arg52Gln	1
by_gender	female	locationaa	WNT2_p.Ser49Ile	1
by_gender	female	locationaa	WNT3A_p.Arg293Cys	1
by_gender	female	locationaa	WNT3A_p.Arg54Cys	1
by_gender	female	locationaa	WNT6_p.Ala63Thr	1
by_gender	female	locationaa	WNT7A_p.Val238Met	1
by_gender	female	locationaa	WNT7B_p.Arg102His	1
by_gender	female	locationaa	WNT8A_p.Leu170Met	1
by_gender	female	locationaa	WRAP73_p.Ala58Thr	1
by_gender	female	locationaa	WRNIP1_p.Pro406Thr	1
by_gender	female	locationaa	WRNIP1_p.Pro552Leu	1
by_gender	female	locationaa	WSB2_p.Leu159Met	1
by_gender	female	locationaa	WSB2_p.Ser240Arg	1
by_gender	female	locationaa	WSCD2_p.Gly376Asp	1
by_gender	female	locationaa	WTAP_p.Cys161Tyr	1
by_gender	female	locationaa	WTIP_p.Ser391Ile	1
by_gender	female	locationaa	WWC1_p.Ala106Thr	1
by_gender	female	locationaa	WWC1_p.Ala512Thr	1
by_gender	female	locationaa	WWC1_p.Ala997Val	1
by_gender	female	locationaa	WWC2_p.Phe817Leu	1
by_gender	female	locationaa	WWP1_p.Lys63Gln	1
by_gender	female	locationaa	WWP2_p.Trp657Ter	1
by_gender	female	locationaa	WWTR1_p.Ala136Thr	1
by_gender	female	locationaa	WWTR1_p.Ser290Phe	1
by_gender	female	locationaa	XAB2_p.Leu432Met	1
by_gender	female	locationaa	XCR1_p.Pro21Leu	1
by_gender	female	locationaa	XCR1_p.Thr165Ile	1
by_gender	female	locationaa	XCR1_p.Thr223Met	1
by_gender	female	locationaa	XDH_p.Arg822His	1
by_gender	female	locationaa	XDH_p.Arg881Gln	1
by_gender	female	locationaa	XDH_p.Glu625Asp	1
by_gender	female	locationaa	XDH_p.Val1012Ile	1
by_gender	female	locationaa	XDH_p.Val83Ala	1
by_gender	female	locationaa	XIRP1_p.Arg404Ter	1
by_gender	female	locationaa	XIRP1_p.Pro112Ser	1
by_gender	female	locationaa	XIRP2_p.Arg105Cys	1
by_gender	female	locationaa	XIRP2_p.Asp1203Tyr	1
by_gender	female	locationaa	XIRP2_p.Asp1856Tyr	1
by_gender	female	locationaa	XIRP2_p.Gln2572ThrfsTer9	1
by_gender	female	locationaa	XIRP2_p.Glu778Ala	1
by_gender	female	locationaa	XIRP2_p.Leu1583Met	1
by_gender	female	locationaa	XIRP2_p.Lys1378Thr	1
by_gender	female	locationaa	XIRP2_p.Lys1805Gln	1
by_gender	female	locationaa	XIRP2_p.Pro2190Ser	1
by_gender	female	locationaa	XKR3_p.Glu295Ter	1
by_gender	female	locationaa	XKR3_p.Ile84Thr	1
by_gender	female	locationaa	XKR3_p.Trp192Ter	1
by_gender	female	locationaa	XKR5_p.Arg81Trp	1
by_gender	female	locationaa	XKR8_p.Tyr366Cys	1
by_gender	female	locationaa	XKR9_p.Gly332Val	1
by_gender	female	locationaa	XKR9_p.Ser258Ile	1
by_gender	female	locationaa	XPC_p.Ala215Ser	1
by_gender	female	locationaa	XPC_p.Ser891Ile	1
by_gender	female	locationaa	XPNPEP3_p.Ile257Val	1
by_gender	female	locationaa	XPO1_p.Arg749Gln	1
by_gender	female	locationaa	XPO4_p.Ala443Val	1
by_gender	female	locationaa	XPO4_p.Arg471Ter	1
by_gender	female	locationaa	XPO6_p.Ala290Thr	1
by_gender	female	locationaa	XPO7_p.Arg558Cys	1
by_gender	female	locationaa	XPOT_p.Pro962His	1
by_gender	female	locationaa	XPR1_p.Ala350Thr	1
by_gender	female	locationaa	XPR1_p.Arg670Cys	1
by_gender	female	locationaa	XPR1_p.Gln124His	1
by_gender	female	locationaa	XPR1_p.Glu260Ter	1
by_gender	female	locationaa	XPR1_p.Thr289Met	1
by_gender	female	locationaa	XRCC1_p.Ser266Leu	1
by_gender	female	locationaa	XRCC5_p.Glu428Lys	1
by_gender	female	locationaa	XRCC5_p.Lys36Arg	1
by_gender	female	locationaa	XRCC6_p.Asp219Tyr	1
by_gender	female	locationaa	XRN1_p.Arg942Gly	1
by_gender	female	locationaa	XRN1_p.Val953Gly	1
by_gender	female	locationaa	XRN2_p.Ala778Ser	1
by_gender	female	locationaa	XRN2_p.Cys29Tyr	1
by_gender	female	locationaa	XRN2_p.Ser331Ile	1
by_gender	female	locationaa	XRRA1_p.Arg547Cys	1
by_gender	female	locationaa	XRRA1_p.Asp309Val	1
by_gender	female	locationaa	XRRA1_p.Thr365Met	1
by_gender	female	locationaa	XXYLT1_p.Leu310Arg	1
by_gender	female	locationaa	XYLB_p.Gly173Glu	1
by_gender	female	locationaa	XYLT1_p.Arg277His	1
by_gender	female	locationaa	XYLT1_p.Glu161Gln	1
by_gender	female	locationaa	XYLT1_p.Val782Ile	1
by_gender	female	locationaa	XYLT2_p.Pro612Ser	1
by_gender	female	locationaa	YBX2_p.Gln123His	1
by_gender	female	locationaa	YEATS2_p.Ala527Val	1
by_gender	female	locationaa	YES1_p.Ser55Ile	1
by_gender	female	locationaa	YIF1A_p.Val263Ile	1
by_gender	female	locationaa	YIPF2_p.Arg185Trp	1
by_gender	female	locationaa	YIPF2_p.Leu257Met	1
by_gender	female	locationaa	YLPM1_p.Arg2000His	1
by_gender	female	locationaa	YME1L1_p.Glu86Lys	1
by_gender	female	locationaa	YRDC_p.Pro168Leu	1
by_gender	female	locationaa	YTHDC1_p.Gln168His	1
by_gender	female	locationaa	YTHDC1_p.Glu224Lys	1
by_gender	female	locationaa	YTHDC1_p.Lys565Asn	1
by_gender	female	locationaa	YTHDC2_p.Gly15Val	1
by_gender	female	locationaa	YTHDC2_p.Val681Ile	1
by_gender	female	locationaa	YTHDF1_p.Arg404Cys	1
by_gender	female	locationaa	YWHAE_p.Ala133Thr	1
by_gender	female	locationaa	YWHAH_p.Arg42Ter	1
by_gender	female	locationaa	YY1AP1_p.Phe109Val	1
by_gender	female	locationaa	YY1AP1_p.Pro499Ser	1
by_gender	female	locationaa	YY1AP1_p.Val781Ile	1
by_gender	female	locationaa	YY1_p.Glu46Ter	1
by_gender	female	locationaa	Z83844.2_p.Arg326His	1
by_gender	female	locationaa	Z83844.2_p.Glu50Lys	1
by_gender	female	locationaa	ZAN_p.Glu2172Val	1
by_gender	female	locationaa	ZAN_p.Glu2567Asp	1
by_gender	female	locationaa	ZAN_p.Ser1642Asn	1
by_gender	female	locationaa	ZAP70_p.Ala387Thr	1
by_gender	female	locationaa	ZAP70_p.Glu509Lys	1
by_gender	female	locationaa	ZAR1_p.Ser416Ile	1
by_gender	female	locationaa	ZBBX_p.Leu102Met	1
by_gender	female	locationaa	ZBBX_p.Ser425Arg	1
by_gender	female	locationaa	ZBED1_p.Ala655Val	1
by_gender	female	locationaa	ZBED1_p.Arg316His	1
by_gender	female	locationaa	ZBED1_p.Arg615His	1
by_gender	female	locationaa	ZBED1_p.Gln104His	1
by_gender	female	locationaa	ZBED4_p.Ala1109Val	1
by_gender	female	locationaa	ZBED8_p.Pro264Ser	1
by_gender	female	locationaa	ZBED9_p.Ala819Thr	1
by_gender	female	locationaa	ZBED9_p.Leu1082Met	1
by_gender	female	locationaa	ZBED9_p.Met671Ile	1
by_gender	female	locationaa	ZBTB11_p.Ala533Thr	1
by_gender	female	locationaa	ZBTB14_p.Glu440Lys	1
by_gender	female	locationaa	ZBTB16_p.Ser184Asn	1
by_gender	female	locationaa	ZBTB1_p.Pro186Leu	1
by_gender	female	locationaa	ZBTB20_p.Ala682Thr	1
by_gender	female	locationaa	ZBTB20_p.Arg77His	1
by_gender	female	locationaa	ZBTB21_p.Ala963Val	1
by_gender	female	locationaa	ZBTB21_p.Leu1027Ile	1
by_gender	female	locationaa	ZBTB21_p.Leu930Arg	1
by_gender	female	locationaa	ZBTB22_p.Ala12Ser	1
by_gender	female	locationaa	ZBTB22_p.Asp123Gly	1
by_gender	female	locationaa	ZBTB22_p.Thr164Ile	1
by_gender	female	locationaa	ZBTB26_p.Cys119Arg	1
by_gender	female	locationaa	ZBTB2_p.Glu205Ter	1
by_gender	female	locationaa	ZBTB32_p.Glu147Ter	1
by_gender	female	locationaa	ZBTB38_p.Asp620Tyr	1
by_gender	female	locationaa	ZBTB38_p.Glu787Lys	1
by_gender	female	locationaa	ZBTB38_p.Pro789Leu	1
by_gender	female	locationaa	ZBTB39_p.Cys405Tyr	1
by_gender	female	locationaa	ZBTB39_p.Leu590Met	1
by_gender	female	locationaa	ZBTB39_p.Ser326Ile	1
by_gender	female	locationaa	ZBTB40_p.Pro450Ser	1
by_gender	female	locationaa	ZBTB40_p.Ser991Phe	1
by_gender	female	locationaa	ZBTB41_p.Glu46Ala	1
by_gender	female	locationaa	ZBTB41_p.Ser324Asn	1
by_gender	female	locationaa	ZBTB45_p.Asn24Ser	1
by_gender	female	locationaa	ZBTB45_p.Gln309His	1
by_gender	female	locationaa	ZBTB45_p.Pro392Leu	1
by_gender	female	locationaa	ZBTB46_p.Arg273Gln	1
by_gender	female	locationaa	ZBTB4_p.Arg421Trp	1
by_gender	female	locationaa	ZBTB7B_p.Arg338Cys	1
by_gender	female	locationaa	ZBTB8A_p.Arg18Cys	1
by_gender	female	locationaa	ZC2HC1A_p.Ala56Val	1
by_gender	female	locationaa	ZC2HC1A_p.Pro254Leu	1
by_gender	female	locationaa	ZC3H10_p.Ala388Asp	1
by_gender	female	locationaa	ZC3H12A_p.Arg200Trp	1
by_gender	female	locationaa	ZC3H12A_p.Ser448Leu	1
by_gender	female	locationaa	ZC3H12B_p.Asp303Val	1
by_gender	female	locationaa	ZC3H12B_p.Pro746Leu	1
by_gender	female	locationaa	ZC3H12B_p.Val574GlyfsTer7	1
by_gender	female	locationaa	ZC3H12C_p.Ala80Val	1
by_gender	female	locationaa	ZC3H12C_p.Arg718Gln	1
by_gender	female	locationaa	ZC3H13_p.His391Tyr	1
by_gender	female	locationaa	ZC3H14_p.Asn425Ser	1
by_gender	female	locationaa	ZC3H14_p.Ser240Asn	1
by_gender	female	locationaa	ZC3H15_p.Thr251Ile	1
by_gender	female	locationaa	ZC3H18_p.Asp664Tyr	1
by_gender	female	locationaa	ZC3H4_p.Ser348Asn	1
by_gender	female	locationaa	ZC3H4_p.Val998Met	1
by_gender	female	locationaa	ZC3H6_p.Gly1019Arg	1
by_gender	female	locationaa	ZC3H7A_p.Ala97Thr	1
by_gender	female	locationaa	ZC3H7B_p.Ala973Thr	1
by_gender	female	locationaa	ZC3H7B_p.Arg472Gln	1
by_gender	female	locationaa	ZC3H7B_p.Glu103Ter	1
by_gender	female	locationaa	ZC3H7B_p.Ser536Ile	1
by_gender	female	locationaa	ZC3H7B_p.Trp664Ter	1
by_gender	female	locationaa	ZC3HC1_p.Ala91Thr	1
by_gender	female	locationaa	ZCCHC14_p.Ser327Ile	1
by_gender	female	locationaa	ZCCHC4_p.Glu505Gly	1
by_gender	female	locationaa	ZCCHC7_p.Pro341Ser	1
by_gender	female	locationaa	ZCCHC8_p.Ala409Val	1
by_gender	female	locationaa	ZCWPW1_p.Cys32Tyr	1
by_gender	female	locationaa	ZCWPW1_p.Ile169Met	1
by_gender	female	locationaa	ZDBF2_p.Arg134Gln	1
by_gender	female	locationaa	ZDBF2_p.Arg2040Gln	1
by_gender	female	locationaa	ZDBF2_p.Asp678Tyr	1
by_gender	female	locationaa	ZDBF2_p.Gln510Ter	1
by_gender	female	locationaa	ZDBF2_p.Val1133Leu	1
by_gender	female	locationaa	ZDHHC17_p.Cys456Arg	1
by_gender	female	locationaa	ZDHHC1_p.Trp362Gly	1
by_gender	female	locationaa	ZDHHC22_p.Thr22Ala	1
by_gender	female	locationaa	ZDHHC2_p.Tyr128Ter	1
by_gender	female	locationaa	ZDHHC5_p.Arg143His	1
by_gender	female	locationaa	ZDHHC6_p.Arg413Lys	1
by_gender	female	locationaa	ZDHHC7_p.Leu70Met	1
by_gender	female	locationaa	ZDHHC8_p.Ala513Val	1
by_gender	female	locationaa	ZEB1_p.Gln678His	1
by_gender	female	locationaa	ZEB1_p.Pro851Ser	1
by_gender	female	locationaa	ZEB2_p.Arg921Ter	1
by_gender	female	locationaa	ZEB2_p.Asp1175Gly	1
by_gender	female	locationaa	ZEB2_p.Gln615Ter	1
by_gender	female	locationaa	ZEB2_p.Lys43Glu	1
by_gender	female	locationaa	ZER1_p.Lys716Asn	1
by_gender	female	locationaa	ZFAND5_p.Ser128Ile	1
by_gender	female	locationaa	ZFAT_p.Gln508His	1
by_gender	female	locationaa	ZFC3H1_p.Arg1777Ile	1
by_gender	female	locationaa	ZFC3H1_p.Gln1564Arg	1
by_gender	female	locationaa	ZFC3H1_p.Glu993Lys	1
by_gender	female	locationaa	ZFC3H1_p.Pro549Leu	1
by_gender	female	locationaa	ZFC3H1_p.Ser28Arg	1
by_gender	female	locationaa	ZFHX3_p.Ala2112Ser	1
by_gender	female	locationaa	ZFHX3_p.Asp3595Asn	1
by_gender	female	locationaa	ZFHX3_p.Gln1791His	1
by_gender	female	locationaa	ZFHX3_p.Gln2291His	1
by_gender	female	locationaa	ZFHX3_p.Gly361Arg	1
by_gender	female	locationaa	ZFHX3_p.Ser3156Asn	1
by_gender	female	locationaa	ZFHX3_p.Val2821Phe	1
by_gender	female	locationaa	ZFHX4_p.Ala1909Asp	1
by_gender	female	locationaa	ZFHX4_p.Ala2378Ser	1
by_gender	female	locationaa	ZFHX4_p.Arg2971Cys	1
by_gender	female	locationaa	ZFHX4_p.Glu2818Lys	1
by_gender	female	locationaa	ZFHX4_p.His1664Gln	1
by_gender	female	locationaa	ZFHX4_p.Leu1451Met	1
by_gender	female	locationaa	ZFHX4_p.Pro101His	1
by_gender	female	locationaa	ZFP14_p.Lys310Asn	1
by_gender	female	locationaa	ZFP28_p.Gly295Ter	1
by_gender	female	locationaa	ZFP28_p.Trp180Cys	1
by_gender	female	locationaa	ZFP3_p.Val410Ile	1
by_gender	female	locationaa	ZFP41_p.Ala151Val	1
by_gender	female	locationaa	ZFP42_p.Arg255His	1
by_gender	female	locationaa	ZFP57_p.Ala309Thr	1
by_gender	female	locationaa	ZFP57_p.Arg223His	1
by_gender	female	locationaa	ZFP64_p.Gly106Asp	1
by_gender	female	locationaa	ZFP69_p.Val26Met	1
by_gender	female	locationaa	ZFP82_p.Ala306Asp	1
by_gender	female	locationaa	ZFP91_p.Ala468Thr	1
by_gender	female	locationaa	ZFP91_p.Arg112Gln	1
by_gender	female	locationaa	ZFP91_p.Arg361Ter	1
by_gender	female	locationaa	ZFPM2_p.Gly1023Arg	1
by_gender	female	locationaa	ZFPM2_p.Pro716Ser	1
by_gender	female	locationaa	ZFX_p.Ala18Val	1
by_gender	female	locationaa	ZFYVE16_p.Asp350Tyr	1
by_gender	female	locationaa	ZFYVE16_p.Glu922Ter	1
by_gender	female	locationaa	ZFYVE16_p.Leu1067Val	1
by_gender	female	locationaa	ZFYVE16_p.Pro834Leu	1
by_gender	female	locationaa	ZFYVE16_p.Ser72Ile	1
by_gender	female	locationaa	ZFYVE26_p.Arg269Trp	1
by_gender	female	locationaa	ZFYVE26_p.Glu1969Lys	1
by_gender	female	locationaa	ZFYVE26_p.His412Arg	1
by_gender	female	locationaa	ZFYVE26_p.Pro1811Leu	1
by_gender	female	locationaa	ZFYVE28_p.Ser526Phe	1
by_gender	female	locationaa	ZFYVE9_p.Glu210Asp	1
by_gender	female	locationaa	ZFYVE9_p.Thr221Pro	1
by_gender	female	locationaa	ZGRF1_p.Ser827Phe	1
by_gender	female	locationaa	ZGRF1_p.Thr1002Ser	1
by_gender	female	locationaa	ZGRF1_p.Thr1451Asn	1
by_gender	female	locationaa	ZGRF1_p.Thr602Ala	1
by_gender	female	locationaa	ZHX2_p.Arg444His	1
by_gender	female	locationaa	ZHX2_p.Ser7Phe	1
by_gender	female	locationaa	ZHX3_p.Ala53Ser	1
by_gender	female	locationaa	ZHX3_p.Thr672Ile	1
by_gender	female	locationaa	ZIC2_p.Pro392His	1
by_gender	female	locationaa	ZIC4_p.Ala115Thr	1
by_gender	female	locationaa	ZIC4_p.Ala326Val	1
by_gender	female	locationaa	ZIC4_p.Ala73Thr	1
by_gender	female	locationaa	ZIC4_p.Gly99Glu	1
by_gender	female	locationaa	ZIC4_p.Ser317Pro	1
by_gender	female	locationaa	ZIC5_p.Glu395Asp	1
by_gender	female	locationaa	ZIK1_p.Arg151Lys	1
by_gender	female	locationaa	ZIM2_p.Arg464Ile	1
by_gender	female	locationaa	ZIM3_p.Trp262Ter	1
by_gender	female	locationaa	ZKSCAN2_p.Arg516Trp	1
by_gender	female	locationaa	ZKSCAN2_p.Arg906Trp	1
by_gender	female	locationaa	ZKSCAN2_p.Val311Gly	1
by_gender	female	locationaa	ZKSCAN3_p.Arg53Cys	1
by_gender	female	locationaa	ZKSCAN4_p.Gly121Val	1
by_gender	female	locationaa	ZKSCAN4_p.Gly344Asp	1
by_gender	female	locationaa	ZKSCAN4_p.Ile425Val	1
by_gender	female	locationaa	ZKSCAN4_p.Val485Ala	1
by_gender	female	locationaa	ZKSCAN7_p.Arg403Ile	1
by_gender	female	locationaa	ZKSCAN7_p.Arg568Gln	1
by_gender	female	locationaa	ZKSCAN8_p.Asp224Tyr	1
by_gender	female	locationaa	ZKSCAN8_p.Glu162Ter	1
by_gender	female	locationaa	ZMAT1_p.Arg191Trp	1
by_gender	female	locationaa	ZMAT1_p.Leu149Met	1
by_gender	female	locationaa	ZMAT3_p.Arg99Gln	1
by_gender	female	locationaa	ZMAT3_p.Gln32His	1
by_gender	female	locationaa	ZMIZ2_p.Arg702Cys	1
by_gender	female	locationaa	ZMPSTE24_p.Ser182Tyr	1
by_gender	female	locationaa	ZMPSTE24_p.Tyr287Ter	1
by_gender	female	locationaa	ZMYM2_p.Ala933Thr	1
by_gender	female	locationaa	ZMYM2_p.Arg798His	1
by_gender	female	locationaa	ZMYM3_p.Ala1105Val	1
by_gender	female	locationaa	ZMYM3_p.Lys233Thr	1
by_gender	female	locationaa	ZMYM4_p.Glu1282Gly	1
by_gender	female	locationaa	ZMYM5_p.Tyr386Cys	1
by_gender	female	locationaa	ZMYND10_p.Arg293Trp	1
by_gender	female	locationaa	ZMYND11_p.Gln456Arg	1
by_gender	female	locationaa	ZMYND12_p.Glu138Lys	1
by_gender	female	locationaa	ZMYND19_p.Arg75Trp	1
by_gender	female	locationaa	ZMYND8_p.Arg961Cys	1
by_gender	female	locationaa	ZMYND8_p.Lys687Asn	1
by_gender	female	locationaa	ZNF100_p.Leu217Phe	1
by_gender	female	locationaa	ZNF101_p.Glu131Lys	1
by_gender	female	locationaa	ZNF106_p.Gly924Cys	1
by_gender	female	locationaa	ZNF106_p.His686Tyr	1
by_gender	female	locationaa	ZNF106_p.Ile1650Val	1
by_gender	female	locationaa	ZNF107_p.Ala588Asp	1
by_gender	female	locationaa	ZNF10_p.Ser329Tyr	1
by_gender	female	locationaa	ZNF112_p.Lys265Gln	1
by_gender	female	locationaa	ZNF114_p.Thr21Ile	1
by_gender	female	locationaa	ZNF117_p.Gly357Arg	1
by_gender	female	locationaa	ZNF124_p.Gln141Pro	1
by_gender	female	locationaa	ZNF12_p.Arg625Ter	1
by_gender	female	locationaa	ZNF131_p.Asp181Gly	1
by_gender	female	locationaa	ZNF131_p.Ser157Leu	1
by_gender	female	locationaa	ZNF132_p.Arg526Cys	1
by_gender	female	locationaa	ZNF133_p.Gly560Val	1
by_gender	female	locationaa	ZNF135_p.Arg346Ter	1
by_gender	female	locationaa	ZNF135_p.Asp638Glu	1
by_gender	female	locationaa	ZNF136_p.Arg436Ter	1
by_gender	female	locationaa	ZNF136_p.Ser403Tyr	1
by_gender	female	locationaa	ZNF141_p.Arg303Ter	1
by_gender	female	locationaa	ZNF141_p.Arg365Trp	1
by_gender	female	locationaa	ZNF141_p.Ile388AsnfsTer11	1
by_gender	female	locationaa	ZNF141_p.Thr474Asn	1
by_gender	female	locationaa	ZNF142_p.Ala1690Thr	1
by_gender	female	locationaa	ZNF142_p.Leu468Ile	1
by_gender	female	locationaa	ZNF148_p.Arg228His	1
by_gender	female	locationaa	ZNF155_p.Lys481Thr	1
by_gender	female	locationaa	ZNF160_p.Arg556Trp	1
by_gender	female	locationaa	ZNF16_p.Asn408Thr	1
by_gender	female	locationaa	ZNF174_p.Val121Met	1
by_gender	female	locationaa	ZNF175_p.Lys197Arg	1
by_gender	female	locationaa	ZNF175_p.Thr433Ala	1
by_gender	female	locationaa	ZNF17_p.Pro299Leu	1
by_gender	female	locationaa	ZNF180_p.Ala116Val	1
by_gender	female	locationaa	ZNF184_p.Arg239His	1
by_gender	female	locationaa	ZNF184_p.Asp46Gly	1
by_gender	female	locationaa	ZNF184_p.Gln519Arg	1
by_gender	female	locationaa	ZNF184_p.Glu394Asp	1
by_gender	female	locationaa	ZNF184_p.Leu193His	1
by_gender	female	locationaa	ZNF189_p.Arg252Met	1
by_gender	female	locationaa	ZNF18_p.Tyr49Ter	1
by_gender	female	locationaa	ZNF195_p.Gln373Pro	1
by_gender	female	locationaa	ZNF195_p.Gly250Asp	1
by_gender	female	locationaa	ZNF19_p.Ala8Ser	1
by_gender	female	locationaa	ZNF19_p.Gly113Val	1
by_gender	female	locationaa	ZNF202_p.Leu120Met	1
by_gender	female	locationaa	ZNF202_p.Pro256Ser	1
by_gender	female	locationaa	ZNF207_p.Arg477His	1
by_gender	female	locationaa	ZNF208_p.Glu1061Lys	1
by_gender	female	locationaa	ZNF208_p.Leu440Ile	1
by_gender	female	locationaa	ZNF208_p.Phe13Leu	1
by_gender	female	locationaa	ZNF211_p.Ser545IlefsTer33	1
by_gender	female	locationaa	ZNF212_p.Glu350Ter	1
by_gender	female	locationaa	ZNF213_p.Arg39Met	1
by_gender	female	locationaa	ZNF213_p.Arg421His	1
by_gender	female	locationaa	ZNF217_p.Gln190His	1
by_gender	female	locationaa	ZNF217_p.Ser816Asn	1
by_gender	female	locationaa	ZNF217_p.Tyr936His	1
by_gender	female	locationaa	ZNF221_p.Lys535Thr	1
by_gender	female	locationaa	ZNF224_p.Arg34Ter	1
by_gender	female	locationaa	ZNF224_p.Lys597Thr	1
by_gender	female	locationaa	ZNF224_p.Lys650Asn	1
by_gender	female	locationaa	ZNF225_p.Arg420Ile	1
by_gender	female	locationaa	ZNF225_p.Lys650Thr	1
by_gender	female	locationaa	ZNF225_p.Phe65Val	1
by_gender	female	locationaa	ZNF226_p.Ser408Phe	1
by_gender	female	locationaa	ZNF227_p.Lys798Thr	1
by_gender	female	locationaa	ZNF229_p.Glu660Ter	1
by_gender	female	locationaa	ZNF229_p.Lys251Thr	1
by_gender	female	locationaa	ZNF230_p.Gln125His	1
by_gender	female	locationaa	ZNF230_p.Ser402Asn	1
by_gender	female	locationaa	ZNF234_p.Arg280Ile	1
by_gender	female	locationaa	ZNF234_p.Asp110Tyr	1
by_gender	female	locationaa	ZNF235_p.Ser555Ile	1
by_gender	female	locationaa	ZNF236_p.Glu60Lys	1
by_gender	female	locationaa	ZNF236_p.Glu799Ala	1
by_gender	female	locationaa	ZNF236_p.Thr1586Ile	1
by_gender	female	locationaa	ZNF239_p.Gln142His	1
by_gender	female	locationaa	ZNF24_p.Arg82Met	1
by_gender	female	locationaa	ZNF254_p.Trp72Ter	1
by_gender	female	locationaa	ZNF256_p.Glu516Ter	1
by_gender	female	locationaa	ZNF257_p.Gln141His	1
by_gender	female	locationaa	ZNF260_p.Phe372Leu	1
by_gender	female	locationaa	ZNF263_p.Ala23Thr	1
by_gender	female	locationaa	ZNF263_p.Arg291Ile	1
by_gender	female	locationaa	ZNF264_p.Arg325Gln	1
by_gender	female	locationaa	ZNF264_p.Gln173His	1
by_gender	female	locationaa	ZNF264_p.Glu67Asp	1
by_gender	female	locationaa	ZNF267_p.Arg540Ile	1
by_gender	female	locationaa	ZNF267_p.Ile99Met	1
by_gender	female	locationaa	ZNF267_p.Ser386Asn	1
by_gender	female	locationaa	ZNF267_p.Ser729Pro	1
by_gender	female	locationaa	ZNF273_p.Ile451Ser	1
by_gender	female	locationaa	ZNF274_p.Leu394Ile	1
by_gender	female	locationaa	ZNF277_p.Phe327Cys	1
by_gender	female	locationaa	ZNF280A_p.Glu374Asp	1
by_gender	female	locationaa	ZNF281_p.Gly504Asp	1
by_gender	female	locationaa	ZNF282_p.Arg506Gln	1
by_gender	female	locationaa	ZNF283_p.His229Tyr	1
by_gender	female	locationaa	ZNF292_p.Asn1799Ser	1
by_gender	female	locationaa	ZNF292_p.His2197Asn	1
by_gender	female	locationaa	ZNF296_p.Pro219Ser	1
by_gender	female	locationaa	ZNF2_p.His288Tyr	1
by_gender	female	locationaa	ZNF300_p.Ala84Thr	1
by_gender	female	locationaa	ZNF300_p.Gly237Val	1
by_gender	female	locationaa	ZNF302_p.His354Tyr	1
by_gender	female	locationaa	ZNF304_p.Leu266Ile	1
by_gender	female	locationaa	ZNF304_p.Phe456Ser	1
by_gender	female	locationaa	ZNF304_p.Ser334Phe	1
by_gender	female	locationaa	ZNF311_p.Ser63Leu	1
by_gender	female	locationaa	ZNF317_p.Val299Ala	1
by_gender	female	locationaa	ZNF318_p.Asp1984Asn	1
by_gender	female	locationaa	ZNF318_p.Gly364Ter	1
by_gender	female	locationaa	ZNF318_p.Lys1166Thr	1
by_gender	female	locationaa	ZNF318_p.Met2135Ile	1
by_gender	female	locationaa	ZNF318_p.Pro1335His	1
by_gender	female	locationaa	ZNF318_p.Ser2048Phe	1
by_gender	female	locationaa	ZNF319_p.Pro184Thr	1
by_gender	female	locationaa	ZNF320_p.Arg76Lys	1
by_gender	female	locationaa	ZNF320_p.His211Tyr	1
by_gender	female	locationaa	ZNF324_p.Arg472Gln	1
by_gender	female	locationaa	ZNF326_p.Gly44Glu	1
by_gender	female	locationaa	ZNF329_p.Leu526Ile	1
by_gender	female	locationaa	ZNF329_p.Lys313Thr	1
by_gender	female	locationaa	ZNF331_p.Ala21Val	1
by_gender	female	locationaa	ZNF333_p.Glu65Ter	1
by_gender	female	locationaa	ZNF334_p.Lys106Thr	1
by_gender	female	locationaa	ZNF335_p.Glu33Ter	1
by_gender	female	locationaa	ZNF335_p.Glu624Asp	1
by_gender	female	locationaa	ZNF335_p.Gly1116Arg	1
by_gender	female	locationaa	ZNF335_p.Leu400Met	1
by_gender	female	locationaa	ZNF337_p.His282Tyr	1
by_gender	female	locationaa	ZNF337_p.Val461Ala	1
by_gender	female	locationaa	ZNF33A_p.Cys554Tyr	1
by_gender	female	locationaa	ZNF33A_p.Lys210Asn	1
by_gender	female	locationaa	ZNF33B_p.Arg489Ile	1
by_gender	female	locationaa	ZNF341_p.Arg112His	1
by_gender	female	locationaa	ZNF343_p.Arg584Ter	1
by_gender	female	locationaa	ZNF345_p.Arg222Trp	1
by_gender	female	locationaa	ZNF345_p.Cys232Tyr	1
by_gender	female	locationaa	ZNF345_p.Thr393Asn	1
by_gender	female	locationaa	ZNF346_p.Ala220Thr	1
by_gender	female	locationaa	ZNF347_p.Ala28Thr	1
by_gender	female	locationaa	ZNF347_p.Arg328Ter	1
by_gender	female	locationaa	ZNF34_p.Cys393Tyr	1
by_gender	female	locationaa	ZNF354A_p.Phe437Leu	1
by_gender	female	locationaa	ZNF354A_p.Ter606TyrextTer7	1
by_gender	female	locationaa	ZNF354B_p.His460Pro	1
by_gender	female	locationaa	ZNF358_p.Arg283His	1
by_gender	female	locationaa	ZNF358_p.Asp93Asn	1
by_gender	female	locationaa	ZNF35_p.Arg382Ter	1
by_gender	female	locationaa	ZNF365_p.Arg387Cys	1
by_gender	female	locationaa	ZNF37A_p.Arg459Lys	1
by_gender	female	locationaa	ZNF37A_p.Arg86Ile	1
by_gender	female	locationaa	ZNF382_p.Arg484Ile	1
by_gender	female	locationaa	ZNF382_p.Lys359Thr	1
by_gender	female	locationaa	ZNF383_p.Arg414Ile	1
by_gender	female	locationaa	ZNF383_p.Cys427Tyr	1
by_gender	female	locationaa	ZNF385B_p.Ala439Val	1
by_gender	female	locationaa	ZNF385B_p.Arg331His	1
by_gender	female	locationaa	ZNF385D_p.Ala212Asp	1
by_gender	female	locationaa	ZNF385D_p.Arg21His	1
by_gender	female	locationaa	ZNF385D_p.Leu375Phe	1
by_gender	female	locationaa	ZNF395_p.Gln142His	1
by_gender	female	locationaa	ZNF398_p.Arg123Met	1
by_gender	female	locationaa	ZNF398_p.Glu11Ala	1
by_gender	female	locationaa	ZNF3_p.Glu232Lys	1
by_gender	female	locationaa	ZNF3_p.Pro139Leu	1
by_gender	female	locationaa	ZNF407_p.Val1586Ala	1
by_gender	female	locationaa	ZNF408_p.Arg571Cys	1
by_gender	female	locationaa	ZNF415_p.Ala428Val	1
by_gender	female	locationaa	ZNF416_p.Ile593Ser	1
by_gender	female	locationaa	ZNF417_p.Ala190Thr	1
by_gender	female	locationaa	ZNF417_p.Arg41His	1
by_gender	female	locationaa	ZNF419_p.Gly293Glu	1
by_gender	female	locationaa	ZNF41_p.Glu408Ala	1
by_gender	female	locationaa	ZNF41_p.His541Tyr	1
by_gender	female	locationaa	ZNF420_p.Tyr106Ter	1
by_gender	female	locationaa	ZNF420_p.Val287Ala	1
by_gender	female	locationaa	ZNF423_p.Ala1108Thr	1
by_gender	female	locationaa	ZNF423_p.Arg668Gln	1
by_gender	female	locationaa	ZNF423_p.Arg999His	1
by_gender	female	locationaa	ZNF425_p.Arg692Met	1
by_gender	female	locationaa	ZNF425_p.Lys580Asn	1
by_gender	female	locationaa	ZNF425_p.Met457Val	1
by_gender	female	locationaa	ZNF429_p.Lys118Asn	1
by_gender	female	locationaa	ZNF430_p.Ala20Thr	1
by_gender	female	locationaa	ZNF430_p.Gln496His	1
by_gender	female	locationaa	ZNF430_p.Ile226Val	1
by_gender	female	locationaa	ZNF433_p.Asp671Tyr	1
by_gender	female	locationaa	ZNF438_p.Arg387Trp	1
by_gender	female	locationaa	ZNF43_p.Ala602Thr	1
by_gender	female	locationaa	ZNF43_p.Leu721Pro	1
by_gender	female	locationaa	ZNF440_p.Arg160Gly	1
by_gender	female	locationaa	ZNF441_p.Ala679Thr	1
by_gender	female	locationaa	ZNF443_p.Arg217Ser	1
by_gender	female	locationaa	ZNF443_p.Glu53Asp	1
by_gender	female	locationaa	ZNF445_p.Gly180Arg	1
by_gender	female	locationaa	ZNF445_p.Ser742Pro	1
by_gender	female	locationaa	ZNF445_p.Trp6Ter	1
by_gender	female	locationaa	ZNF451_p.Lys448GlufsTer7	1
by_gender	female	locationaa	ZNF460_p.Tyr87Ter	1
by_gender	female	locationaa	ZNF462_p.Arg1068Gln	1
by_gender	female	locationaa	ZNF462_p.Arg115Cys	1
by_gender	female	locationaa	ZNF462_p.Arg2280Cys	1
by_gender	female	locationaa	ZNF470_p.Ala376Val	1
by_gender	female	locationaa	ZNF470_p.Arg124Lys	1
by_gender	female	locationaa	ZNF473_p.Arg694Ter	1
by_gender	female	locationaa	ZNF473_p.Gly740Ser	1
by_gender	female	locationaa	ZNF474_p.Leu254Phe	1
by_gender	female	locationaa	ZNF479_p.Arg392His	1
by_gender	female	locationaa	ZNF479_p.Pro112Ser	1
by_gender	female	locationaa	ZNF480_p.Lys229Gln	1
by_gender	female	locationaa	ZNF480_p.Pro230Ser	1
by_gender	female	locationaa	ZNF483_p.Gly435Ala	1
by_gender	female	locationaa	ZNF484_p.Arg318Cys	1
by_gender	female	locationaa	ZNF484_p.Leu651Ile	1
by_gender	female	locationaa	ZNF485_p.Arg234Ile	1
by_gender	female	locationaa	ZNF486_p.Tyr249Asn	1
by_gender	female	locationaa	ZNF490_p.Gln291His	1
by_gender	female	locationaa	ZNF491_p.Arg203His	1
by_gender	female	locationaa	ZNF492_p.Cys74MetfsTer4	1
by_gender	female	locationaa	ZNF492_p.Gly399Asp	1
by_gender	female	locationaa	ZNF493_p.Ser23Ile	1
by_gender	female	locationaa	ZNF496_p.Arg533Trp	1
by_gender	female	locationaa	ZNF496_p.Arg579His	1
by_gender	female	locationaa	ZNF497_p.Arg453Cys	1
by_gender	female	locationaa	ZNF500_p.Met1?	1
by_gender	female	locationaa	ZNF502_p.Arg305Gln	1
by_gender	female	locationaa	ZNF507_p.Arg491Ter	1
by_gender	female	locationaa	ZNF510_p.Ile645Met	1
by_gender	female	locationaa	ZNF512B_p.Gly131Trp	1
by_gender	female	locationaa	ZNF512B_p.His563Tyr	1
by_gender	female	locationaa	ZNF512B_p.Lys322Thr	1
by_gender	female	locationaa	ZNF513_p.Asp68Glu	1
by_gender	female	locationaa	ZNF516_p.Ala1033Asp	1
by_gender	female	locationaa	ZNF516_p.Ala226Thr	1
by_gender	female	locationaa	ZNF516_p.Ala945Thr	1
by_gender	female	locationaa	ZNF516_p.Arg738Lys	1
by_gender	female	locationaa	ZNF516_p.Pro17Leu	1
by_gender	female	locationaa	ZNF517_p.Ala456Thr	1
by_gender	female	locationaa	ZNF518A_p.Ala44Val	1
by_gender	female	locationaa	ZNF518B_p.Ala852Val	1
by_gender	female	locationaa	ZNF521_p.Arg1021His	1
by_gender	female	locationaa	ZNF521_p.Glu764Lys	1
by_gender	female	locationaa	ZNF521_p.His1060Asn	1
by_gender	female	locationaa	ZNF521_p.Phe514Val	1
by_gender	female	locationaa	ZNF521_p.Val354Met	1
by_gender	female	locationaa	ZNF528_p.Ala285Val	1
by_gender	female	locationaa	ZNF528_p.Arg428Gln	1
by_gender	female	locationaa	ZNF528_p.Gly410Ala	1
by_gender	female	locationaa	ZNF532_p.Arg922His	1
by_gender	female	locationaa	ZNF532_p.Pro1139Ser	1
by_gender	female	locationaa	ZNF534_p.Arg217His	1
by_gender	female	locationaa	ZNF536_p.Asp572Tyr	1
by_gender	female	locationaa	ZNF536_p.Leu399Met	1
by_gender	female	locationaa	ZNF536_p.Pro254Ser	1
by_gender	female	locationaa	ZNF536_p.Ser143Asn	1
by_gender	female	locationaa	ZNF543_p.Arg415Gln	1
by_gender	female	locationaa	ZNF543_p.Arg443LysfsTer10	1
by_gender	female	locationaa	ZNF543_p.Lys122Asn	1
by_gender	female	locationaa	ZNF544_p.Leu368Ile	1
by_gender	female	locationaa	ZNF544_p.Thr513Ala	1
by_gender	female	locationaa	ZNF546_p.Arg619Gln	1
by_gender	female	locationaa	ZNF546_p.Asp83Gly	1
by_gender	female	locationaa	ZNF546_p.Pro21Ser	1
by_gender	female	locationaa	ZNF548_p.Ala238Thr	1
by_gender	female	locationaa	ZNF548_p.Thr72Ala	1
by_gender	female	locationaa	ZNF549_p.Glu251Ter	1
by_gender	female	locationaa	ZNF549_p.Glu76Ter	1
by_gender	female	locationaa	ZNF550_p.Gln88His	1
by_gender	female	locationaa	ZNF552_p.Glu152Asp	1
by_gender	female	locationaa	ZNF555_p.Cys510Tyr	1
by_gender	female	locationaa	ZNF556_p.Ser56Phe	1
by_gender	female	locationaa	ZNF557_p.Thr334Ile	1
by_gender	female	locationaa	ZNF559-ZNF177_p.Asp181Gly	1
by_gender	female	locationaa	ZNF561_p.Arg441Gln	1
by_gender	female	locationaa	ZNF563_p.Arg335Ter	1
by_gender	female	locationaa	ZNF564_p.Arg123Ile	1
by_gender	female	locationaa	ZNF567_p.Arg459Cys	1
by_gender	female	locationaa	ZNF567_p.Thr409Ser	1
by_gender	female	locationaa	ZNF568_p.Arg242Ter	1
by_gender	female	locationaa	ZNF568_p.Arg640Ile	1
by_gender	female	locationaa	ZNF568_p.Asp52Val	1
by_gender	female	locationaa	ZNF568_p.Glu241Gly	1
by_gender	female	locationaa	ZNF568_p.Pro44Ser	1
by_gender	female	locationaa	ZNF568_p.Ser5Tyr	1
by_gender	female	locationaa	ZNF569_p.Leu159His	1
by_gender	female	locationaa	ZNF570_p.His37Tyr	1
by_gender	female	locationaa	ZNF574_p.Arg286Trp	1
by_gender	female	locationaa	ZNF574_p.Arg813His	1
by_gender	female	locationaa	ZNF577_p.Arg253Trp	1
by_gender	female	locationaa	ZNF578_p.Ile152Ser	1
by_gender	female	locationaa	ZNF583_p.Arg484Ile	1
by_gender	female	locationaa	ZNF583_p.Asn355Thr	1
by_gender	female	locationaa	ZNF583_p.Gly348Arg	1
by_gender	female	locationaa	ZNF583_p.Ser418Asn	1
by_gender	female	locationaa	ZNF585A_p.Asn105Asp	1
by_gender	female	locationaa	ZNF585A_p.Glu554Lys	1
by_gender	female	locationaa	ZNF585A_p.Tyr124Cys	1
by_gender	female	locationaa	ZNF585B_p.Glu330Lys	1
by_gender	female	locationaa	ZNF585B_p.Ser255Tyr	1
by_gender	female	locationaa	ZNF592_p.Asp932Tyr	1
by_gender	female	locationaa	ZNF592_p.Gly313Val	1
by_gender	female	locationaa	ZNF595_p.Ala412Asp	1
by_gender	female	locationaa	ZNF595_p.Arg444Ile	1
by_gender	female	locationaa	ZNF595_p.Ile501Ser	1
by_gender	female	locationaa	ZNF596_p.Pro306Leu	1
by_gender	female	locationaa	ZNF598_p.Ala822Thr	1
by_gender	female	locationaa	ZNF600_p.Arg237His	1
by_gender	female	locationaa	ZNF600_p.Leu233Ile	1
by_gender	female	locationaa	ZNF605_p.Ile78Leu	1
by_gender	female	locationaa	ZNF606_p.Gly462Arg	1
by_gender	female	locationaa	ZNF606_p.Ser563Tyr	1
by_gender	female	locationaa	ZNF607_p.Lys540Thr	1
by_gender	female	locationaa	ZNF607_p.Phe218Leu	1
by_gender	female	locationaa	ZNF608_p.Ser440Thr	1
by_gender	female	locationaa	ZNF608_p.Ser473Arg	1
by_gender	female	locationaa	ZNF609_p.Arg347Ter	1
by_gender	female	locationaa	ZNF611_p.Arg586Ile	1
by_gender	female	locationaa	ZNF613_p.Arg354His	1
by_gender	female	locationaa	ZNF613_p.His474Arg	1
by_gender	female	locationaa	ZNF614_p.Arg300Cys	1
by_gender	female	locationaa	ZNF614_p.Leu116Ile	1
by_gender	female	locationaa	ZNF615_p.Asp488Glu	1
by_gender	female	locationaa	ZNF615_p.Leu387Ile	1
by_gender	female	locationaa	ZNF616_p.Lys168Asn	1
by_gender	female	locationaa	ZNF616_p.Phe754Val	1
by_gender	female	locationaa	ZNF618_p.Cys830Phe	1
by_gender	female	locationaa	ZNF619_p.Ala95Val	1
by_gender	female	locationaa	ZNF619_p.Arg35Ile	1
by_gender	female	locationaa	ZNF623_p.Gly91Ter	1
by_gender	female	locationaa	ZNF624_p.Pro112Ser	1
by_gender	female	locationaa	ZNF625_p.His317Arg	1
by_gender	female	locationaa	ZNF627_p.Gly112Cys	1
by_gender	female	locationaa	ZNF628_p.Ala13Val	1
by_gender	female	locationaa	ZNF628_p.Ala837Val	1
by_gender	female	locationaa	ZNF628_p.Gly179Ala	1
by_gender	female	locationaa	ZNF628_p.Gly659Asp	1
by_gender	female	locationaa	ZNF628_p.Pro154His	1
by_gender	female	locationaa	ZNF638_p.Val1775Gly	1
by_gender	female	locationaa	ZNF641_p.Arg124Trp	1
by_gender	female	locationaa	ZNF641_p.Arg411Gln	1
by_gender	female	locationaa	ZNF644_p.Asn385Ser	1
by_gender	female	locationaa	ZNF644_p.Glu150Ter	1
by_gender	female	locationaa	ZNF644_p.Lys317Thr	1
by_gender	female	locationaa	ZNF646_p.Cys580Tyr	1
by_gender	female	locationaa	ZNF646_p.Glu236Lys	1
by_gender	female	locationaa	ZNF648_p.Arg272His	1
by_gender	female	locationaa	ZNF649_p.Arg198Ile	1
by_gender	female	locationaa	ZNF649_p.Gln393His	1
by_gender	female	locationaa	ZNF652_p.Ser449Arg	1
by_gender	female	locationaa	ZNF653_p.Asn489Ser	1
by_gender	female	locationaa	ZNF654_p.Thr614Ile	1
by_gender	female	locationaa	ZNF655_p.Ser119Asn	1
by_gender	female	locationaa	ZNF658_p.Phe975Val	1
by_gender	female	locationaa	ZNF658_p.Val955AspfsTer97	1
by_gender	female	locationaa	ZNF660_p.Ser62Ile	1
by_gender	female	locationaa	ZNF662_p.Asp336Asn	1
by_gender	female	locationaa	ZNF662_p.Lys274Thr	1
by_gender	female	locationaa	ZNF662_p.Thr213Pro	1
by_gender	female	locationaa	ZNF664_p.Arg135Ser	1
by_gender	female	locationaa	ZNF665_p.Ala4Val	1
by_gender	female	locationaa	ZNF665_p.Arg608Ter	1
by_gender	female	locationaa	ZNF667_p.Arg5Gln	1
by_gender	female	locationaa	ZNF667_p.Gly287Glu	1
by_gender	female	locationaa	ZNF668_p.Ala584Val	1
by_gender	female	locationaa	ZNF671_p.Ala45Thr	1
by_gender	female	locationaa	ZNF671_p.Arg417Gln	1
by_gender	female	locationaa	ZNF671_p.His473Pro	1
by_gender	female	locationaa	ZNF675_p.Ala10Val	1
by_gender	female	locationaa	ZNF675_p.Cys78Gly	1
by_gender	female	locationaa	ZNF676_p.Gly375Arg	1
by_gender	female	locationaa	ZNF676_p.Lys426Thr	1
by_gender	female	locationaa	ZNF677_p.Glu218Lys	1
by_gender	female	locationaa	ZNF678_p.Arg369Ile	1
by_gender	female	locationaa	ZNF681_p.Cys536Phe	1
by_gender	female	locationaa	ZNF681_p.Ser322Phe	1
by_gender	female	locationaa	ZNF687_p.Arg1101Lys	1
by_gender	female	locationaa	ZNF687_p.Glu93Asp	1
by_gender	female	locationaa	ZNF687_p.Lys1043Thr	1
by_gender	female	locationaa	ZNF695_p.Arg26Trp	1
by_gender	female	locationaa	ZNF696_p.Glu318Asp	1
by_gender	female	locationaa	ZNF699_p.Ser608Ile	1
by_gender	female	locationaa	ZNF701_p.Arg412Ile	1
by_gender	female	locationaa	ZNF701_p.Lys200Glu	1
by_gender	female	locationaa	ZNF701_p.Val400Ile	1
by_gender	female	locationaa	ZNF708_p.Ser264Phe	1
by_gender	female	locationaa	ZNF709_p.Glu75Ala	1
by_gender	female	locationaa	ZNF70_p.Cys254Ser	1
by_gender	female	locationaa	ZNF70_p.Thr191Ile	1
by_gender	female	locationaa	ZNF714_p.Phe13Leu	1
by_gender	female	locationaa	ZNF71_p.Arg483Cys	1
by_gender	female	locationaa	ZNF71_p.Asp161Asn	1
by_gender	female	locationaa	ZNF749_p.Gln243Ter	1
by_gender	female	locationaa	ZNF749_p.His393Arg	1
by_gender	female	locationaa	ZNF749_p.Ser750Tyr	1
by_gender	female	locationaa	ZNF750_p.Leu480Ile	1
by_gender	female	locationaa	ZNF761_p.Tyr522Cys	1
by_gender	female	locationaa	ZNF764_p.Asp125Asn	1
by_gender	female	locationaa	ZNF765_p.Leu509Ile	1
by_gender	female	locationaa	ZNF76_p.Val113Ala	1
by_gender	female	locationaa	ZNF770_p.Lys189Thr	1
by_gender	female	locationaa	ZNF770_p.Lys639Arg	1
by_gender	female	locationaa	ZNF772_p.Glu58Asp	1
by_gender	female	locationaa	ZNF773_p.Ala199Thr	1
by_gender	female	locationaa	ZNF773_p.Ser427Asn	1
by_gender	female	locationaa	ZNF774_p.Arg469His	1
by_gender	female	locationaa	ZNF777_p.Arg541Cys	1
by_gender	female	locationaa	ZNF777_p.Val129Ile	1
by_gender	female	locationaa	ZNF77_p.Ser347Asn	1
by_gender	female	locationaa	ZNF780B_p.Pro150Thr	1
by_gender	female	locationaa	ZNF782_p.Gly178Ser	1
by_gender	female	locationaa	ZNF782_p.Lys694Asn	1
by_gender	female	locationaa	ZNF782_p.Phe280Leu	1
by_gender	female	locationaa	ZNF787_p.Glu24Lys	1
by_gender	female	locationaa	ZNF787_p.Ser173Asn	1
by_gender	female	locationaa	ZNF790_p.Ile544Phe	1
by_gender	female	locationaa	ZNF791_p.Ile231Phe	1
by_gender	female	locationaa	ZNF791_p.Thr94Ile	1
by_gender	female	locationaa	ZNF793_p.Ala202Ser	1
by_gender	female	locationaa	ZNF793_p.Gly345Arg	1
by_gender	female	locationaa	ZNF793_p.Lys331Asn	1
by_gender	female	locationaa	ZNF79_p.Lys303Asn	1
by_gender	female	locationaa	ZNF800_p.Cys524Tyr	1
by_gender	female	locationaa	ZNF800_p.Pro397His	1
by_gender	female	locationaa	ZNF804A_p.Asp930His	1
by_gender	female	locationaa	ZNF804A_p.Leu875Val	1
by_gender	female	locationaa	ZNF808_p.Arg640Gln	1
by_gender	female	locationaa	ZNF80_p.Arg5Cys	1
by_gender	female	locationaa	ZNF813_p.Glu464Lys	1
by_gender	female	locationaa	ZNF816_p.Lys569Thr	1
by_gender	female	locationaa	ZNF81_p.Gly382Glu	1
by_gender	female	locationaa	ZNF821_p.Arg4Gln	1
by_gender	female	locationaa	ZNF829_p.Arg420His	1
by_gender	female	locationaa	ZNF831_p.Ala292Ser	1
by_gender	female	locationaa	ZNF831_p.Ala466Val	1
by_gender	female	locationaa	ZNF831_p.Gln1518Arg	1
by_gender	female	locationaa	ZNF831_p.Leu202Met	1
by_gender	female	locationaa	ZNF831_p.Pro1472Ser	1
by_gender	female	locationaa	ZNF835_p.Arg260Cys	1
by_gender	female	locationaa	ZNF835_p.Arg444Trp	1
by_gender	female	locationaa	ZNF835_p.Gly246Ser	1
by_gender	female	locationaa	ZNF835_p.Ser500Leu	1
by_gender	female	locationaa	ZNF839_p.Ala30Thr	1
by_gender	female	locationaa	ZNF83_p.Phe75Cys	1
by_gender	female	locationaa	ZNF846_p.Arg205Ile	1
by_gender	female	locationaa	ZNF84_p.Cys660Arg	1
by_gender	female	locationaa	ZNF84_p.Cys685Tyr	1
by_gender	female	locationaa	ZNF84_p.Ser378Arg	1
by_gender	female	locationaa	ZNF85_p.Arg269Ter	1
by_gender	female	locationaa	ZNF85_p.Pro481Thr	1
by_gender	female	locationaa	ZNF85_p.Ser242Pro	1
by_gender	female	locationaa	ZNF85_p.Tyr398Cys	1
by_gender	female	locationaa	ZNF85_p.Tyr510Cys	1
by_gender	female	locationaa	ZNF862_p.Arg218Gln	1
by_gender	female	locationaa	ZNF862_p.Asp939Tyr	1
by_gender	female	locationaa	ZNF862_p.Phe1005Leu	1
by_gender	female	locationaa	ZNF862_p.Thr1036Ile	1
by_gender	female	locationaa	ZNF878_p.Ala519Val	1
by_gender	female	locationaa	ZNF878_p.Ser185Tyr	1
by_gender	female	locationaa	ZNF91_p.Ser278Tyr	1
by_gender	female	locationaa	ZNF91_p.Val129Ala	1
by_gender	female	locationaa	ZNF98_p.Ala414Val	1
by_gender	female	locationaa	ZNF98_p.Thr457Asn	1
by_gender	female	locationaa	ZNF99_p.Lys395Thr	1
by_gender	female	locationaa	ZNFX1_p.Ser1451Asn	1
by_gender	female	locationaa	ZNRF3_p.Ala711Thr	1
by_gender	female	locationaa	ZNRF3_p.Gly753Arg	1
by_gender	female	locationaa	ZNRF4_p.Ala66Val	1
by_gender	female	locationaa	ZP2_p.Ser682Arg	1
by_gender	female	locationaa	ZP4_p.Arg5Trp	1
by_gender	female	locationaa	ZPBP2_p.Tyr321Cys	1
by_gender	female	locationaa	ZRANB2_p.Arg201Ter	1
by_gender	female	locationaa	ZRSR2_p.Gly150Asp	1
by_gender	female	locationaa	ZSCAN10_p.Arg4Trp	1
by_gender	female	locationaa	ZSCAN10_p.Arg580His	1
by_gender	female	locationaa	ZSCAN16_p.Gln42Ter	1
by_gender	female	locationaa	ZSCAN1_p.Ser137Gly	1
by_gender	female	locationaa	ZSCAN20_p.Lys960Thr	1
by_gender	female	locationaa	ZSCAN20_p.Thr926Ile	1
by_gender	female	locationaa	ZSCAN21_p.Glu121Lys	1
by_gender	female	locationaa	ZSCAN22_p.Arg400Cys	1
by_gender	female	locationaa	ZSCAN25_p.Gln447His	1
by_gender	female	locationaa	ZSCAN25_p.His416Gln	1
by_gender	female	locationaa	ZSCAN25_p.Thr385Asn	1
by_gender	female	locationaa	ZSCAN26_p.Arg355Ter	1
by_gender	female	locationaa	ZSCAN26_p.Ile247Val	1
by_gender	female	locationaa	ZSCAN29_p.Ile750Ser	1
by_gender	female	locationaa	ZSCAN31_p.Arg54Gln	1
by_gender	female	locationaa	ZSCAN4_p.Ala251Thr	1
by_gender	female	locationaa	ZSCAN4_p.Glu393Ter	1
by_gender	female	locationaa	ZSCAN9_p.Arg52Ter	1
by_gender	female	locationaa	ZSCAN9_p.Cys116Tyr	1
by_gender	female	locationaa	ZSWIM2_p.Arg275His	1
by_gender	female	locationaa	ZSWIM2_p.Thr332Ile	1
by_gender	female	locationaa	ZSWIM3_p.Val357Ile	1
by_gender	female	locationaa	ZSWIM4_p.Thr656Ala	1
by_gender	female	locationaa	ZSWIM5_p.Ala303Thr	1
by_gender	female	locationaa	ZSWIM5_p.Arg1005His	1
by_gender	female	locationaa	ZSWIM8_p.Gly1804Asp	1
by_gender	female	locationaa	ZUP1_p.Pro15Thr	1
by_gender	female	locationaa	ZUP1_p.Pro474Thr	1
by_gender	female	locationaa	ZW10_p.Asn543Thr	1
by_gender	female	locationaa	ZWINT_p.Ala228Asp	1
by_gender	female	locationaa	ZXDB_p.Ala667Thr	1
by_gender	female	locationaa	ZXDB_p.Arg446Gln	1
by_gender	female	locationaa	ZXDC_p.Arg460Lys	1
by_gender	female	locationaa	ZYG11B_p.Arg728His	1
by_gender	female	locationaa	ZYG11B_p.Ser270Phe	1
by_gender	female	locationaa	ZZEF1_p.Ala1223Val	1
by_gender	female	locationaa	ZZEF1_p.Ala2846Val	1
by_gender	female	locationaa	ZZEF1_p.Leu1620Met	1
by_gender	female	locationaa	ZZEF1_p.Pro1432Leu	1
by_gender	female	locationaa	ZZZ3_p.Arg835Trp	1
by_gender	female	locationaa	ZZZ3_p.Asn902Lys	1
by_gender	female	locationaa	ZZZ3_p.Lys501Asn	1
by_gender	female	locationaa	ZZZ3_p.Lys822Thr	1
by_gender	female	polyphen	benign	77
by_gender	female	polyphen	possibly_damaging	71
by_gender	female	polyphen	probably_damaging	748
by_gender	female	polyphen	unknown	10
by_gender	female	sift	deleterious	263
by_gender	female	sift	deleterious_low_confidence	76
by_gender	female	sift	tolerated	355
by_gender	female	sift	tolerated_low_confidence	65
by_gender	female	variant_class	SNV	15082
by_gender	female	variant_class	deletion	101
by_gender	female	variant_class	indel	2
by_gender	female	variant_class	insertion	83
by_gender	female	variant_classification	3'Flank	27
by_gender	female	variant_classification	3'UTR	51
by_gender	female	variant_classification	5'Flank	25
by_gender	female	variant_classification	5'UTR	20
by_gender	female	variant_classification	Frame_Shift_Del	71
by_gender	female	variant_classification	Frame_Shift_Ins	78
by_gender	female	variant_classification	In_Frame_Del	20
by_gender	female	variant_classification	In_Frame_Ins	3
by_gender	female	variant_classification	Intron	203
by_gender	female	variant_classification	Missense_Mutation	13383
by_gender	female	variant_classification	Nonsense_Mutation	909
by_gender	female	variant_classification	Nonstop_Mutation	5
by_gender	female	variant_classification	RNA	118
by_gender	female	variant_classification	Silent	4
by_gender	female	variant_classification	Splice_Region	7
by_gender	female	variant_classification	Splice_Site	337
by_gender	female	variant_classification	Translation_Start_Site	7
by_gender	male	chromosome	chr1	317
by_gender	male	chromosome	chr10	139
by_gender	male	chromosome	chr11	236
by_gender	male	chromosome	chr12	247
by_gender	male	chromosome	chr13	55
by_gender	male	chromosome	chr14	110
by_gender	male	chromosome	chr15	99
by_gender	male	chromosome	chr16	125
by_gender	male	chromosome	chr17	184
by_gender	male	chromosome	chr18	63
by_gender	male	chromosome	chr19	221
by_gender	male	chromosome	chr2	273
by_gender	male	chromosome	chr20	97
by_gender	male	chromosome	chr21	42
by_gender	male	chromosome	chr22	56
by_gender	male	chromosome	chr3	222
by_gender	male	chromosome	chr4	122
by_gender	male	chromosome	chr5	190
by_gender	male	chromosome	chr6	147
by_gender	male	chromosome	chr7	142
by_gender	male	chromosome	chr8	140
by_gender	male	chromosome	chr9	128
by_gender	male	chromosome	chrX	100
by_gender	male	chromosome	chrY	1
by_gender	male	clin_sig	conflicting_interpretations_of_pathogenicity;uncertain_significance	1
by_gender	male	clin_sig	likely_benign	2
by_gender	male	clin_sig	likely_benign;uncertain_significance	1
by_gender	male	clin_sig	likely_pathogenic	10
by_gender	male	clin_sig	likely_pathogenic;not_provided;pathogenic	1
by_gender	male	clin_sig	likely_pathogenic;pathogenic	36
by_gender	male	clin_sig	likely_pathogenic;pathogenic;pathogenic/likely_pathogenic	3
by_gender	male	clin_sig	likely_pathogenic;uncertain_significance	6
by_gender	male	clin_sig	not_provided	3
by_gender	male	clin_sig	not_provided;pathogenic	1
by_gender	male	clin_sig	not_provided;uncertain_significance;pathogenic/likely_pathogenic;likely_pathogenic;pathogenic	2
by_gender	male	clin_sig	pathogenic	39
by_gender	male	clin_sig	pathogenic/likely_pathogenic	1
by_gender	male	clin_sig	pathogenic/likely_pathogenic;pathogenic	1
by_gender	male	clin_sig	pathogenic/likely_pathogenic;pathogenic;likely_pathogenic	2
by_gender	male	clin_sig	pathogenic/likely_pathogenic;pathogenic;uncertain_significance	1
by_gender	male	clin_sig	pathogenic;likely_pathogenic	40
by_gender	male	clin_sig	pathogenic;likely_pathogenic;not_provided	5
by_gender	male	clin_sig	pathogenic;likely_pathogenic;pathogenic/likely_pathogenic	1
by_gender	male	clin_sig	pathogenic;pathogenic/likely_pathogenic	1
by_gender	male	clin_sig	pathogenic;pathogenic/likely_pathogenic;likely_pathogenic	1
by_gender	male	clin_sig	pathogenic;uncertain_significance	1
by_gender	male	clin_sig	pathogenic;uncertain_significance;risk_factor	1
by_gender	male	clin_sig	risk_factor;likely_pathogenic	5
by_gender	male	clin_sig	uncertain_significance	48
by_gender	male	clin_sig	uncertain_significance;likely_benign	2
by_gender	male	clin_sig	uncertain_significance;likely_pathogenic	2
by_gender	male	clin_sig	uncertain_significance;not_provided	1
by_gender	male	clin_sig	uncertain_significance;pathogenic;likely_pathogenic	1
by_gender	male	consequence	3_prime_UTR_variant	8
by_gender	male	consequence	3_prime_UTR_variant;NMD_transcript_variant	2
by_gender	male	consequence	5_prime_UTR_variant	6
by_gender	male	consequence	downstream_gene_variant	8
by_gender	male	consequence	frameshift_variant	183
by_gender	male	consequence	frameshift_variant;splice_region_variant	9
by_gender	male	consequence	incomplete_terminal_codon_variant;coding_sequence_variant	1
by_gender	male	consequence	inframe_deletion	19
by_gender	male	consequence	inframe_deletion;splice_region_variant	1
by_gender	male	consequence	inframe_insertion	4
by_gender	male	consequence	intron_variant	30
by_gender	male	consequence	mature_miRNA_variant	2
by_gender	male	consequence	missense_variant	2784
by_gender	male	consequence	missense_variant;NMD_transcript_variant	11
by_gender	male	consequence	missense_variant;splice_region_variant	78
by_gender	male	consequence	non_coding_transcript_exon_variant	26
by_gender	male	consequence	protein_altering_variant	3
by_gender	male	consequence	splice_acceptor_variant	22
by_gender	male	consequence	splice_acceptor_variant;coding_sequence_variant	1
by_gender	male	consequence	splice_acceptor_variant;coding_sequence_variant;intron_variant	3
by_gender	male	consequence	splice_acceptor_variant;intron_variant	1
by_gender	male	consequence	splice_donor_variant	36
by_gender	male	consequence	splice_donor_variant;coding_sequence_variant	1
by_gender	male	consequence	splice_donor_variant;coding_sequence_variant;intron_variant	3
by_gender	male	consequence	splice_donor_variant;intron_variant	1
by_gender	male	consequence	splice_region_variant;intron_variant	1
by_gender	male	consequence	start_lost	1
by_gender	male	consequence	start_lost;5_prime_UTR_variant	1
by_gender	male	consequence	stop_gained	192
by_gender	male	consequence	stop_gained;frameshift_variant	3
by_gender	male	consequence	stop_gained;inframe_deletion;splice_region_variant	1
by_gender	male	consequence	stop_gained;splice_region_variant	3
by_gender	male	consequence	stop_lost	3
by_gender	male	consequence	stop_lost;3_prime_UTR_variant	1
by_gender	male	consequence	upstream_gene_variant	7
by_gender	male	hugo_symbol	A1BG	1
by_gender	male	hugo_symbol	A4GNT	1
by_gender	male	hugo_symbol	AADACL3	1
by_gender	male	hugo_symbol	AASDH	1
by_gender	male	hugo_symbol	ABCA12	1
by_gender	male	hugo_symbol	ABCA13	2
by_gender	male	hugo_symbol	ABCA4	2
by_gender	male	hugo_symbol	ABCB1	1
by_gender	male	hugo_symbol	ABCB5	1
by_gender	male	hugo_symbol	ABCB6	1
by_gender	male	hugo_symbol	ABCC1	1
by_gender	male	hugo_symbol	ABCC10	1
by_gender	male	hugo_symbol	ABCC11	1
by_gender	male	hugo_symbol	ABCC6	2
by_gender	male	hugo_symbol	ABCC9	1
by_gender	male	hugo_symbol	ABCG1	1
by_gender	male	hugo_symbol	ABCG4	1
by_gender	male	hugo_symbol	ABCG5	1
by_gender	male	hugo_symbol	ABCG8	2
by_gender	male	hugo_symbol	ABI2	1
by_gender	male	hugo_symbol	ABLIM1	2
by_gender	male	hugo_symbol	ABRA	1
by_gender	male	hugo_symbol	ABTB2	2
by_gender	male	hugo_symbol	AC005324.2	1
by_gender	male	hugo_symbol	AC011462.1	1
by_gender	male	hugo_symbol	AC013477.1	1
by_gender	male	hugo_symbol	AC024940.1	2
by_gender	male	hugo_symbol	AC100868.1	1
by_gender	male	hugo_symbol	ACAD9	1
by_gender	male	hugo_symbol	ACADM	1
by_gender	male	hugo_symbol	ACAN	1
by_gender	male	hugo_symbol	ACAP2	1
by_gender	male	hugo_symbol	ACCS	1
by_gender	male	hugo_symbol	ACE	1
by_gender	male	hugo_symbol	ACHE	1
by_gender	male	hugo_symbol	ACLY	1
by_gender	male	hugo_symbol	ACOT12	1
by_gender	male	hugo_symbol	ACOX2	1
by_gender	male	hugo_symbol	ACSM3	1
by_gender	male	hugo_symbol	ACSS1	1
by_gender	male	hugo_symbol	ACSS3	1
by_gender	male	hugo_symbol	ACTA1	1
by_gender	male	hugo_symbol	ACTB	1
by_gender	male	hugo_symbol	ACTC1	1
by_gender	male	hugo_symbol	ACTG2	1
by_gender	male	hugo_symbol	ACTL7A	1
by_gender	male	hugo_symbol	ACTL7B	1
by_gender	male	hugo_symbol	ACTL9	2
by_gender	male	hugo_symbol	ACTN3	1
by_gender	male	hugo_symbol	ACTN4	1
by_gender	male	hugo_symbol	ADAM17	1
by_gender	male	hugo_symbol	ADAM2	1
by_gender	male	hugo_symbol	ADAM23	1
by_gender	male	hugo_symbol	ADAM29	1
by_gender	male	hugo_symbol	ADAMTS10	1
by_gender	male	hugo_symbol	ADAMTS12	4
by_gender	male	hugo_symbol	ADAMTS15	2
by_gender	male	hugo_symbol	ADAMTS16	3
by_gender	male	hugo_symbol	ADAMTS19	4
by_gender	male	hugo_symbol	ADAMTS2	1
by_gender	male	hugo_symbol	ADAMTS4	1
by_gender	male	hugo_symbol	ADAMTS5	1
by_gender	male	hugo_symbol	ADAMTS8	1
by_gender	male	hugo_symbol	ADAMTS9	2
by_gender	male	hugo_symbol	ADAMTSL1	1
by_gender	male	hugo_symbol	ADAMTSL3	1
by_gender	male	hugo_symbol	ADARB2	2
by_gender	male	hugo_symbol	ADCY3	1
by_gender	male	hugo_symbol	ADCY5	1
by_gender	male	hugo_symbol	ADCY8	1
by_gender	male	hugo_symbol	ADGRA2	3
by_gender	male	hugo_symbol	ADGRA3	1
by_gender	male	hugo_symbol	ADGRB1	1
by_gender	male	hugo_symbol	ADGRB2	1
by_gender	male	hugo_symbol	ADGRD1	1
by_gender	male	hugo_symbol	ADGRE2	1
by_gender	male	hugo_symbol	ADGRF3	1
by_gender	male	hugo_symbol	ADGRG4	3
by_gender	male	hugo_symbol	ADGRG5	1
by_gender	male	hugo_symbol	ADGRG7	2
by_gender	male	hugo_symbol	ADGRL1	1
by_gender	male	hugo_symbol	ADGRL2	5
by_gender	male	hugo_symbol	ADGRL4	3
by_gender	male	hugo_symbol	ADPGK	1
by_gender	male	hugo_symbol	ADRA1A	1
by_gender	male	hugo_symbol	ADRA2C	1
by_gender	male	hugo_symbol	ADRM1	2
by_gender	male	hugo_symbol	ADSS1	1
by_gender	male	hugo_symbol	AEBP1	1
by_gender	male	hugo_symbol	AFDN	1
by_gender	male	hugo_symbol	AFF1	1
by_gender	male	hugo_symbol	AFF2	2
by_gender	male	hugo_symbol	AFF3	1
by_gender	male	hugo_symbol	AGAP2	1
by_gender	male	hugo_symbol	AGAP6	1
by_gender	male	hugo_symbol	AGBL5	1
by_gender	male	hugo_symbol	AGGF1	1
by_gender	male	hugo_symbol	AGL	1
by_gender	male	hugo_symbol	AGPAT3	1
by_gender	male	hugo_symbol	AHNAK	1
by_gender	male	hugo_symbol	AHR	1
by_gender	male	hugo_symbol	AHRR	2
by_gender	male	hugo_symbol	AIFM1	1
by_gender	male	hugo_symbol	AKAP11	1
by_gender	male	hugo_symbol	AKAP6	1
by_gender	male	hugo_symbol	AKAP9	1
by_gender	male	hugo_symbol	AKT3	1
by_gender	male	hugo_symbol	AL353804.6	1
by_gender	male	hugo_symbol	ALAS2	1
by_gender	male	hugo_symbol	ALCAM	2
by_gender	male	hugo_symbol	ALDH16A1	2
by_gender	male	hugo_symbol	ALDH1L1	1
by_gender	male	hugo_symbol	ALDH1L2	1
by_gender	male	hugo_symbol	ALG10B	1
by_gender	male	hugo_symbol	ALG12	1
by_gender	male	hugo_symbol	ALK	1
by_gender	male	hugo_symbol	ALMS1	1
by_gender	male	hugo_symbol	ALOX15	1
by_gender	male	hugo_symbol	ALPK2	2
by_gender	male	hugo_symbol	ALS2CL	2
by_gender	male	hugo_symbol	AMER3	1
by_gender	male	hugo_symbol	AMH	1
by_gender	male	hugo_symbol	AMPD1	1
by_gender	male	hugo_symbol	AMY2A	1
by_gender	male	hugo_symbol	ANAPC7	1
by_gender	male	hugo_symbol	ANGPTL2	1
by_gender	male	hugo_symbol	ANK1	1
by_gender	male	hugo_symbol	ANK2	1
by_gender	male	hugo_symbol	ANK3	2
by_gender	male	hugo_symbol	ANKK1	1
by_gender	male	hugo_symbol	ANKMY1	1
by_gender	male	hugo_symbol	ANKRD13C	1
by_gender	male	hugo_symbol	ANKRD13D	1
by_gender	male	hugo_symbol	ANKRD24	2
by_gender	male	hugo_symbol	ANKRD26	1
by_gender	male	hugo_symbol	ANKRD30A	2
by_gender	male	hugo_symbol	ANKRD34B	1
by_gender	male	hugo_symbol	ANKRD50	1
by_gender	male	hugo_symbol	ANKRD53	1
by_gender	male	hugo_symbol	ANKS1B	2
by_gender	male	hugo_symbol	ANO3	2
by_gender	male	hugo_symbol	ANO6	2
by_gender	male	hugo_symbol	ANXA11	1
by_gender	male	hugo_symbol	ANXA7	1
by_gender	male	hugo_symbol	AOPEP	1
by_gender	male	hugo_symbol	AP000769.3	1
by_gender	male	hugo_symbol	AP1B1	1
by_gender	male	hugo_symbol	AP5B1	1
by_gender	male	hugo_symbol	APBA1	1
by_gender	male	hugo_symbol	APBA2	2
by_gender	male	hugo_symbol	APC	3
by_gender	male	hugo_symbol	APCDD1	2
by_gender	male	hugo_symbol	APLF	1
by_gender	male	hugo_symbol	APLP2	1
by_gender	male	hugo_symbol	APOA4	1
by_gender	male	hugo_symbol	APOB	2
by_gender	male	hugo_symbol	APOL5	1
by_gender	male	hugo_symbol	AQP4	1
by_gender	male	hugo_symbol	AQP9	1
by_gender	male	hugo_symbol	ARAP1	1
by_gender	male	hugo_symbol	AREL1	1
by_gender	male	hugo_symbol	ARG1	1
by_gender	male	hugo_symbol	ARHGAP15	1
by_gender	male	hugo_symbol	ARHGAP18	1
by_gender	male	hugo_symbol	ARHGAP21	2
by_gender	male	hugo_symbol	ARHGAP31	1
by_gender	male	hugo_symbol	ARHGAP32	1
by_gender	male	hugo_symbol	ARHGAP36	1
by_gender	male	hugo_symbol	ARHGAP4	1
by_gender	male	hugo_symbol	ARHGAP44	1
by_gender	male	hugo_symbol	ARHGAP5	1
by_gender	male	hugo_symbol	ARHGEF10	1
by_gender	male	hugo_symbol	ARHGEF11	1
by_gender	male	hugo_symbol	ARHGEF12	1
by_gender	male	hugo_symbol	ARHGEF17	1
by_gender	male	hugo_symbol	ARHGEF3	1
by_gender	male	hugo_symbol	ARID1A	6
by_gender	male	hugo_symbol	ARID2	1
by_gender	male	hugo_symbol	ARL5B	1
by_gender	male	hugo_symbol	ARMC3	1
by_gender	male	hugo_symbol	ARMC7	1
by_gender	male	hugo_symbol	ARMCX1	1
by_gender	male	hugo_symbol	ARMH3	1
by_gender	male	hugo_symbol	ARRDC1	1
by_gender	male	hugo_symbol	ARSD	1
by_gender	male	hugo_symbol	ARSI	1
by_gender	male	hugo_symbol	ARSK	1
by_gender	male	hugo_symbol	ASB15	1
by_gender	male	hugo_symbol	ASB4	1
by_gender	male	hugo_symbol	ASGR2	1
by_gender	male	hugo_symbol	ASH2L	1
by_gender	male	hugo_symbol	ASIC1	1
by_gender	male	hugo_symbol	ASPM	1
by_gender	male	hugo_symbol	ASPRV1	1
by_gender	male	hugo_symbol	ASTN1	1
by_gender	male	hugo_symbol	ASTN2	2
by_gender	male	hugo_symbol	ATAD2	1
by_gender	male	hugo_symbol	ATAD2B	1
by_gender	male	hugo_symbol	ATAD5	1
by_gender	male	hugo_symbol	ATG10	1
by_gender	male	hugo_symbol	ATG2A	1
by_gender	male	hugo_symbol	ATG2B	1
by_gender	male	hugo_symbol	ATG9A	1
by_gender	male	hugo_symbol	ATL1	1
by_gender	male	hugo_symbol	ATM	5
by_gender	male	hugo_symbol	ATP10A	3
by_gender	male	hugo_symbol	ATP12A	2
by_gender	male	hugo_symbol	ATP1A2	1
by_gender	male	hugo_symbol	ATP2A1	1
by_gender	male	hugo_symbol	ATP2B2	1
by_gender	male	hugo_symbol	ATP2C1	1
by_gender	male	hugo_symbol	ATP5MC3	1
by_gender	male	hugo_symbol	ATP6V0A2	1
by_gender	male	hugo_symbol	ATP6V1H	1
by_gender	male	hugo_symbol	ATP7A	1
by_gender	male	hugo_symbol	ATP8A1	1
by_gender	male	hugo_symbol	ATP8A2	1
by_gender	male	hugo_symbol	ATP8B2	1
by_gender	male	hugo_symbol	ATP8B3	1
by_gender	male	hugo_symbol	ATP8B4	1
by_gender	male	hugo_symbol	ATPAF1	1
by_gender	male	hugo_symbol	ATR	1
by_gender	male	hugo_symbol	ATRNL1	2
by_gender	male	hugo_symbol	ATRX	1
by_gender	male	hugo_symbol	ATXN2L	1
by_gender	male	hugo_symbol	AURKC	1
by_gender	male	hugo_symbol	AVPR1A	1
by_gender	male	hugo_symbol	AXIN1	2
by_gender	male	hugo_symbol	AXIN2	1
by_gender	male	hugo_symbol	B3GALT2	1
by_gender	male	hugo_symbol	B3GAT1	2
by_gender	male	hugo_symbol	B3GAT3	1
by_gender	male	hugo_symbol	B4GALNT1	1
by_gender	male	hugo_symbol	BAALC	1
by_gender	male	hugo_symbol	BACH1	2
by_gender	male	hugo_symbol	BAHD1	1
by_gender	male	hugo_symbol	BAP1	2
by_gender	male	hugo_symbol	BARD1	1
by_gender	male	hugo_symbol	BAZ1B	1
by_gender	male	hugo_symbol	BCAM	2
by_gender	male	hugo_symbol	BCAT1	1
by_gender	male	hugo_symbol	BCAT2	1
by_gender	male	hugo_symbol	BCHE	1
by_gender	male	hugo_symbol	BCL11A	1
by_gender	male	hugo_symbol	BCL6	1
by_gender	male	hugo_symbol	BCORL1	1
by_gender	male	hugo_symbol	BDKRB1	1
by_gender	male	hugo_symbol	BDP1	1
by_gender	male	hugo_symbol	BECN1	1
by_gender	male	hugo_symbol	BEGAIN	1
by_gender	male	hugo_symbol	BEND3	1
by_gender	male	hugo_symbol	BEND4	1
by_gender	male	hugo_symbol	BEST1	2
by_gender	male	hugo_symbol	BEST3	1
by_gender	male	hugo_symbol	BFAR	1
by_gender	male	hugo_symbol	BFSP2	2
by_gender	male	hugo_symbol	BICRAL	1
by_gender	male	hugo_symbol	BIN2	1
by_gender	male	hugo_symbol	BIRC6	2
by_gender	male	hugo_symbol	BIRC7	1
by_gender	male	hugo_symbol	BLCAP	1
by_gender	male	hugo_symbol	BLOC1S3	1
by_gender	male	hugo_symbol	BMERB1	1
by_gender	male	hugo_symbol	BMP2	2
by_gender	male	hugo_symbol	BMP5	2
by_gender	male	hugo_symbol	BMP7	1
by_gender	male	hugo_symbol	BMPR1A	1
by_gender	male	hugo_symbol	BPTF	1
by_gender	male	hugo_symbol	BRAF	2
by_gender	male	hugo_symbol	BRD4	1
by_gender	male	hugo_symbol	BRF1	1
by_gender	male	hugo_symbol	BRINP1	1
by_gender	male	hugo_symbol	BRINP2	2
by_gender	male	hugo_symbol	BRINP3	2
by_gender	male	hugo_symbol	BRWD1	2
by_gender	male	hugo_symbol	BSN	1
by_gender	male	hugo_symbol	BSX	1
by_gender	male	hugo_symbol	BTAF1	1
by_gender	male	hugo_symbol	BTBD11	1
by_gender	male	hugo_symbol	BTBD3	1
by_gender	male	hugo_symbol	BTN2A3P	1
by_gender	male	hugo_symbol	BTN3A1	2
by_gender	male	hugo_symbol	BTRC	1
by_gender	male	hugo_symbol	BUB1	1
by_gender	male	hugo_symbol	BVES	1
by_gender	male	hugo_symbol	C10orf71	2
by_gender	male	hugo_symbol	C10orf90	2
by_gender	male	hugo_symbol	C11orf40	1
by_gender	male	hugo_symbol	C12orf66	2
by_gender	male	hugo_symbol	C16orf70	1
by_gender	male	hugo_symbol	C19orf57	1
by_gender	male	hugo_symbol	C1QL3	1
by_gender	male	hugo_symbol	C1QTNF1	1
by_gender	male	hugo_symbol	C1R	1
by_gender	male	hugo_symbol	C1RL	1
by_gender	male	hugo_symbol	C1S	2
by_gender	male	hugo_symbol	C1orf162	1
by_gender	male	hugo_symbol	C1orf43	1
by_gender	male	hugo_symbol	C3	1
by_gender	male	hugo_symbol	C3orf22	1
by_gender	male	hugo_symbol	C4orf17	1
by_gender	male	hugo_symbol	C5	1
by_gender	male	hugo_symbol	C5AR1	1
by_gender	male	hugo_symbol	C5orf49	1
by_gender	male	hugo_symbol	C6	1
by_gender	male	hugo_symbol	C6orf118	1
by_gender	male	hugo_symbol	C7	1
by_gender	male	hugo_symbol	C8orf34	1
by_gender	male	hugo_symbol	C9	1
by_gender	male	hugo_symbol	CA5A	1
by_gender	male	hugo_symbol	CA6	1
by_gender	male	hugo_symbol	CABP5	1
by_gender	male	hugo_symbol	CACNA1B	3
by_gender	male	hugo_symbol	CACNA1C	2
by_gender	male	hugo_symbol	CACNA1F	1
by_gender	male	hugo_symbol	CACNA1G	1
by_gender	male	hugo_symbol	CACNA1H	3
by_gender	male	hugo_symbol	CACNA1S	1
by_gender	male	hugo_symbol	CACNG2	1
by_gender	male	hugo_symbol	CACNG3	1
by_gender	male	hugo_symbol	CADM2	2
by_gender	male	hugo_symbol	CADPS2	1
by_gender	male	hugo_symbol	CALD1	1
by_gender	male	hugo_symbol	CALN1	1
by_gender	male	hugo_symbol	CAMK4	1
by_gender	male	hugo_symbol	CAMSAP3	2
by_gender	male	hugo_symbol	CAND2	1
by_gender	male	hugo_symbol	CARD11	1
by_gender	male	hugo_symbol	CARD9	1
by_gender	male	hugo_symbol	CARMIL3	1
by_gender	male	hugo_symbol	CASQ2	1
by_gender	male	hugo_symbol	CASR	1
by_gender	male	hugo_symbol	CASS4	1
by_gender	male	hugo_symbol	CATSPER4	1
by_gender	male	hugo_symbol	CATSPERD	1
by_gender	male	hugo_symbol	CAVIN2	1
by_gender	male	hugo_symbol	CBFA2T2	1
by_gender	male	hugo_symbol	CBL	1
by_gender	male	hugo_symbol	CBLIF	1
by_gender	male	hugo_symbol	CBLL1	1
by_gender	male	hugo_symbol	CBLN1	1
by_gender	male	hugo_symbol	CC2D2A	1
by_gender	male	hugo_symbol	CCAR1	1
by_gender	male	hugo_symbol	CCDC105	1
by_gender	male	hugo_symbol	CCDC114	1
by_gender	male	hugo_symbol	CCDC116	1
by_gender	male	hugo_symbol	CCDC138	1
by_gender	male	hugo_symbol	CCDC148	1
by_gender	male	hugo_symbol	CCDC170	1
by_gender	male	hugo_symbol	CCDC171	1
by_gender	male	hugo_symbol	CCDC180	1
by_gender	male	hugo_symbol	CCDC191	1
by_gender	male	hugo_symbol	CCDC198	1
by_gender	male	hugo_symbol	CCDC28B	1
by_gender	male	hugo_symbol	CCDC33	1
by_gender	male	hugo_symbol	CCDC39	1
by_gender	male	hugo_symbol	CCDC6	1
by_gender	male	hugo_symbol	CCDC69	1
by_gender	male	hugo_symbol	CCDC8	2
by_gender	male	hugo_symbol	CCDC88B	1
by_gender	male	hugo_symbol	CCKAR	1
by_gender	male	hugo_symbol	CCL26	1
by_gender	male	hugo_symbol	CCR10	1
by_gender	male	hugo_symbol	CCT3	2
by_gender	male	hugo_symbol	CD1D	1
by_gender	male	hugo_symbol	CD207	1
by_gender	male	hugo_symbol	CD300LD	1
by_gender	male	hugo_symbol	CD33	1
by_gender	male	hugo_symbol	CD58	1
by_gender	male	hugo_symbol	CD59	1
by_gender	male	hugo_symbol	CD81	1
by_gender	male	hugo_symbol	CD8B	2
by_gender	male	hugo_symbol	CDC20	1
by_gender	male	hugo_symbol	CDC20B	1
by_gender	male	hugo_symbol	CDC25A	1
by_gender	male	hugo_symbol	CDC25B	1
by_gender	male	hugo_symbol	CDC27	1
by_gender	male	hugo_symbol	CDC42	1
by_gender	male	hugo_symbol	CDC42BPG	1
by_gender	male	hugo_symbol	CDC45	1
by_gender	male	hugo_symbol	CDC73	2
by_gender	male	hugo_symbol	CDCP2	1
by_gender	male	hugo_symbol	CDH11	1
by_gender	male	hugo_symbol	CDH2	1
by_gender	male	hugo_symbol	CDH20	1
by_gender	male	hugo_symbol	CDH22	1
by_gender	male	hugo_symbol	CDH8	2
by_gender	male	hugo_symbol	CDH9	1
by_gender	male	hugo_symbol	CDHR1	1
by_gender	male	hugo_symbol	CDIPT	1
by_gender	male	hugo_symbol	CDKAL1	1
by_gender	male	hugo_symbol	CDKN2A	19
by_gender	male	hugo_symbol	CDR2	1
by_gender	male	hugo_symbol	CDYL2	1
by_gender	male	hugo_symbol	CEACAM20	1
by_gender	male	hugo_symbol	CEACAM3	1
by_gender	male	hugo_symbol	CEACAM8	1
by_gender	male	hugo_symbol	CEBPZ	1
by_gender	male	hugo_symbol	CELF3	1
by_gender	male	hugo_symbol	CELF4	1
by_gender	male	hugo_symbol	CELF6	1
by_gender	male	hugo_symbol	CELSR1	2
by_gender	male	hugo_symbol	CELSR3	3
by_gender	male	hugo_symbol	CEMIP	1
by_gender	male	hugo_symbol	CENPC	1
by_gender	male	hugo_symbol	CENPF	1
by_gender	male	hugo_symbol	CENPJ	2
by_gender	male	hugo_symbol	CEP126	1
by_gender	male	hugo_symbol	CEP170B	1
by_gender	male	hugo_symbol	CEP290	1
by_gender	male	hugo_symbol	CEP295	1
by_gender	male	hugo_symbol	CEP350	4
by_gender	male	hugo_symbol	CEP44	1
by_gender	male	hugo_symbol	CEP63	2
by_gender	male	hugo_symbol	CEP85	1
by_gender	male	hugo_symbol	CEP97	1
by_gender	male	hugo_symbol	CES3	1
by_gender	male	hugo_symbol	CFAP299	1
by_gender	male	hugo_symbol	CFAP45	1
by_gender	male	hugo_symbol	CFAP47	1
by_gender	male	hugo_symbol	CFAP58	1
by_gender	male	hugo_symbol	CFAP65	1
by_gender	male	hugo_symbol	CFAP94	1
by_gender	male	hugo_symbol	CFH	2
by_gender	male	hugo_symbol	CFTR	1
by_gender	male	hugo_symbol	CGRRF1	1
by_gender	male	hugo_symbol	CHAT	1
by_gender	male	hugo_symbol	CHD3	1
by_gender	male	hugo_symbol	CHD4	2
by_gender	male	hugo_symbol	CHD6	3
by_gender	male	hugo_symbol	CHD8	1
by_gender	male	hugo_symbol	CHEK2	1
by_gender	male	hugo_symbol	CHL1	1
by_gender	male	hugo_symbol	CHML	2
by_gender	male	hugo_symbol	CHMP4C	1
by_gender	male	hugo_symbol	CHRNA1	1
by_gender	male	hugo_symbol	CHRNA2	1
by_gender	male	hugo_symbol	CHRNA7	1
by_gender	male	hugo_symbol	CHRNB2	1
by_gender	male	hugo_symbol	CHRNB4	1
by_gender	male	hugo_symbol	CHST11	1
by_gender	male	hugo_symbol	CHST4	1
by_gender	male	hugo_symbol	CHST6	1
by_gender	male	hugo_symbol	CHST8	1
by_gender	male	hugo_symbol	CIAO1	1
by_gender	male	hugo_symbol	CIC	1
by_gender	male	hugo_symbol	CISH	1
by_gender	male	hugo_symbol	CKAP2L	1
by_gender	male	hugo_symbol	CKMT1B	1
by_gender	male	hugo_symbol	CKMT2	1
by_gender	male	hugo_symbol	CLCA1	1
by_gender	male	hugo_symbol	CLCC1	1
by_gender	male	hugo_symbol	CLCN2	1
by_gender	male	hugo_symbol	CLCN6	1
by_gender	male	hugo_symbol	CLEC14A	1
by_gender	male	hugo_symbol	CLEC1B	2
by_gender	male	hugo_symbol	CLEC3A	1
by_gender	male	hugo_symbol	CLK3	1
by_gender	male	hugo_symbol	CLSTN1	1
by_gender	male	hugo_symbol	CLSTN2	1
by_gender	male	hugo_symbol	CLTC	1
by_gender	male	hugo_symbol	CLTCL1	1
by_gender	male	hugo_symbol	CMIP	1
by_gender	male	hugo_symbol	CMYA5	3
by_gender	male	hugo_symbol	CNBD1	1
by_gender	male	hugo_symbol	CNGA4	2
by_gender	male	hugo_symbol	CNIH3	1
by_gender	male	hugo_symbol	CNOT3	1
by_gender	male	hugo_symbol	CNPY4	1
by_gender	male	hugo_symbol	CNTLN	1
by_gender	male	hugo_symbol	CNTN1	2
by_gender	male	hugo_symbol	CNTN4	2
by_gender	male	hugo_symbol	CNTN5	1
by_gender	male	hugo_symbol	CNTNAP2	1
by_gender	male	hugo_symbol	CNTNAP5	1
by_gender	male	hugo_symbol	CNTRL	1
by_gender	male	hugo_symbol	COCH	1
by_gender	male	hugo_symbol	COG6	1
by_gender	male	hugo_symbol	COG8	1
by_gender	male	hugo_symbol	COL11A1	3
by_gender	male	hugo_symbol	COL12A1	1
by_gender	male	hugo_symbol	COL1A1	1
by_gender	male	hugo_symbol	COL1A2	1
by_gender	male	hugo_symbol	COL22A1	3
by_gender	male	hugo_symbol	COL23A1	1
by_gender	male	hugo_symbol	COL24A1	1
by_gender	male	hugo_symbol	COL25A1	1
by_gender	male	hugo_symbol	COL27A1	1
by_gender	male	hugo_symbol	COL2A1	1
by_gender	male	hugo_symbol	COL3A1	2
by_gender	male	hugo_symbol	COL4A4	1
by_gender	male	hugo_symbol	COL5A1	5
by_gender	male	hugo_symbol	COL5A2	1
by_gender	male	hugo_symbol	COL5A3	1
by_gender	male	hugo_symbol	COL6A2	3
by_gender	male	hugo_symbol	COL6A6	2
by_gender	male	hugo_symbol	COMMD8	1
by_gender	male	hugo_symbol	COQ6	1
by_gender	male	hugo_symbol	CORIN	1
by_gender	male	hugo_symbol	CORO1B	1
by_gender	male	hugo_symbol	CORO2B	1
by_gender	male	hugo_symbol	CORO7-PAM16	1
by_gender	male	hugo_symbol	CORT	1
by_gender	male	hugo_symbol	COX4I2	1
by_gender	male	hugo_symbol	CPAMD8	1
by_gender	male	hugo_symbol	CPB1	2
by_gender	male	hugo_symbol	CPE	1
by_gender	male	hugo_symbol	CPEB4	1
by_gender	male	hugo_symbol	CPLANE1	1
by_gender	male	hugo_symbol	CPN2	1
by_gender	male	hugo_symbol	CPNE2	1
by_gender	male	hugo_symbol	CPNE4	1
by_gender	male	hugo_symbol	CPNE5	1
by_gender	male	hugo_symbol	CPNE8	1
by_gender	male	hugo_symbol	CPO	1
by_gender	male	hugo_symbol	CPPED1	1
by_gender	male	hugo_symbol	CPSF2	1
by_gender	male	hugo_symbol	CPXM2	2
by_gender	male	hugo_symbol	CR1L	1
by_gender	male	hugo_symbol	CR2	3
by_gender	male	hugo_symbol	CRACD	1
by_gender	male	hugo_symbol	CRB1	1
by_gender	male	hugo_symbol	CRB2	1
by_gender	male	hugo_symbol	CREB1	1
by_gender	male	hugo_symbol	CREB5	1
by_gender	male	hugo_symbol	CREBBP	1
by_gender	male	hugo_symbol	CREBZF	1
by_gender	male	hugo_symbol	CRNKL1	1
by_gender	male	hugo_symbol	CRNN	2
by_gender	male	hugo_symbol	CRPPA	1
by_gender	male	hugo_symbol	CRTAC1	1
by_gender	male	hugo_symbol	CRYBB1	1
by_gender	male	hugo_symbol	CRYBG1	1
by_gender	male	hugo_symbol	CRYZL1	1
by_gender	male	hugo_symbol	CSF3R	1
by_gender	male	hugo_symbol	CSGALNACT1	1
by_gender	male	hugo_symbol	CSK	1
by_gender	male	hugo_symbol	CSMD1	1
by_gender	male	hugo_symbol	CSMD2	4
by_gender	male	hugo_symbol	CSMD3	3
by_gender	male	hugo_symbol	CSNK1G2	1
by_gender	male	hugo_symbol	CSNK1G3	1
by_gender	male	hugo_symbol	CSPG4	1
by_gender	male	hugo_symbol	CSPG5	1
by_gender	male	hugo_symbol	CSPP1	2
by_gender	male	hugo_symbol	CSTF2T	1
by_gender	male	hugo_symbol	CTBP2	1
by_gender	male	hugo_symbol	CTDSP1	1
by_gender	male	hugo_symbol	CTNNA2	1
by_gender	male	hugo_symbol	CTNNB1	2
by_gender	male	hugo_symbol	CTNND1	2
by_gender	male	hugo_symbol	CTNND2	1
by_gender	male	hugo_symbol	CTSF	1
by_gender	male	hugo_symbol	CTTNBP2	1
by_gender	male	hugo_symbol	CUBN	3
by_gender	male	hugo_symbol	CUL1	1
by_gender	male	hugo_symbol	CUL2	1
by_gender	male	hugo_symbol	CUL4B	1
by_gender	male	hugo_symbol	CUL7	1
by_gender	male	hugo_symbol	CXCR1	1
by_gender	male	hugo_symbol	CXorf66	1
by_gender	male	hugo_symbol	CYB5R1	2
by_gender	male	hugo_symbol	CYB5R3	1
by_gender	male	hugo_symbol	CYBB	1
by_gender	male	hugo_symbol	CYLC1	2
by_gender	male	hugo_symbol	CYP11A1	2
by_gender	male	hugo_symbol	CYP1A1	1
by_gender	male	hugo_symbol	CYP21A2	1
by_gender	male	hugo_symbol	CYP27B1	1
by_gender	male	hugo_symbol	CYP2A6	1
by_gender	male	hugo_symbol	CYP2A7	1
by_gender	male	hugo_symbol	CYP2F1	1
by_gender	male	hugo_symbol	CYP2R1	1
by_gender	male	hugo_symbol	CYP4B1	1
by_gender	male	hugo_symbol	CYP4F22	1
by_gender	male	hugo_symbol	CYSLTR1	1
by_gender	male	hugo_symbol	CYTH4	1
by_gender	male	hugo_symbol	DAAM1	2
by_gender	male	hugo_symbol	DACH2	1
by_gender	male	hugo_symbol	DACT1	1
by_gender	male	hugo_symbol	DAGLA	1
by_gender	male	hugo_symbol	DAND5	1
by_gender	male	hugo_symbol	DAPP1	1
by_gender	male	hugo_symbol	DAW1	1
by_gender	male	hugo_symbol	DCAF17	1
by_gender	male	hugo_symbol	DCAF8	1
by_gender	male	hugo_symbol	DCHS1	1
by_gender	male	hugo_symbol	DCHS2	1
by_gender	male	hugo_symbol	DCLK3	1
by_gender	male	hugo_symbol	DCLRE1B	1
by_gender	male	hugo_symbol	DCP1B	1
by_gender	male	hugo_symbol	DCSTAMP	1
by_gender	male	hugo_symbol	DDC	1
by_gender	male	hugo_symbol	DDHD1	1
by_gender	male	hugo_symbol	DDHD2	2
by_gender	male	hugo_symbol	DDR2	1
by_gender	male	hugo_symbol	DDX31	1
by_gender	male	hugo_symbol	DDX4	1
by_gender	male	hugo_symbol	DDX46	1
by_gender	male	hugo_symbol	DDX59	1
by_gender	male	hugo_symbol	DDX60	1
by_gender	male	hugo_symbol	DEF8	1
by_gender	male	hugo_symbol	DEFB119	2
by_gender	male	hugo_symbol	DEFB126	1
by_gender	male	hugo_symbol	DEFB136	1
by_gender	male	hugo_symbol	DEK	1
by_gender	male	hugo_symbol	DENND4B	1
by_gender	male	hugo_symbol	DENND5A	1
by_gender	male	hugo_symbol	DEPDC7	1
by_gender	male	hugo_symbol	DGAT2	1
by_gender	male	hugo_symbol	DGKB	1
by_gender	male	hugo_symbol	DGKH	1
by_gender	male	hugo_symbol	DGKI	2
by_gender	male	hugo_symbol	DGKQ	1
by_gender	male	hugo_symbol	DHRS4	1
by_gender	male	hugo_symbol	DHRS4L1	1
by_gender	male	hugo_symbol	DHTKD1	1
by_gender	male	hugo_symbol	DHX15	1
by_gender	male	hugo_symbol	DHX33	1
by_gender	male	hugo_symbol	DHX35	1
by_gender	male	hugo_symbol	DHX36	2
by_gender	male	hugo_symbol	DHX37	1
by_gender	male	hugo_symbol	DHX38	1
by_gender	male	hugo_symbol	DHX40	1
by_gender	male	hugo_symbol	DHX8	1
by_gender	male	hugo_symbol	DIAPH1	1
by_gender	male	hugo_symbol	DIAPH2	1
by_gender	male	hugo_symbol	DICER1	2
by_gender	male	hugo_symbol	DIDO1	1
by_gender	male	hugo_symbol	DIO3	2
by_gender	male	hugo_symbol	DIPK1B	1
by_gender	male	hugo_symbol	DIRAS3	1
by_gender	male	hugo_symbol	DISC1	2
by_gender	male	hugo_symbol	DISP1	1
by_gender	male	hugo_symbol	DISP2	1
by_gender	male	hugo_symbol	DISP3	2
by_gender	male	hugo_symbol	DIXDC1	1
by_gender	male	hugo_symbol	DKC1	2
by_gender	male	hugo_symbol	DLEC1	1
by_gender	male	hugo_symbol	DLG4	1
by_gender	male	hugo_symbol	DLGAP2	2
by_gender	male	hugo_symbol	DLGAP4	1
by_gender	male	hugo_symbol	DLGAP5	1
by_gender	male	hugo_symbol	DLL4	1
by_gender	male	hugo_symbol	DLX5	1
by_gender	male	hugo_symbol	DMAP1	1
by_gender	male	hugo_symbol	DMBT1	1
by_gender	male	hugo_symbol	DMD	1
by_gender	male	hugo_symbol	DMRT2	1
by_gender	male	hugo_symbol	DMXL1	1
by_gender	male	hugo_symbol	DNAAF2	1
by_gender	male	hugo_symbol	DNAAF3	1
by_gender	male	hugo_symbol	DNAAF5	2
by_gender	male	hugo_symbol	DNAH1	1
by_gender	male	hugo_symbol	DNAH10	3
by_gender	male	hugo_symbol	DNAH11	2
by_gender	male	hugo_symbol	DNAH2	1
by_gender	male	hugo_symbol	DNAH3	2
by_gender	male	hugo_symbol	DNAH5	1
by_gender	male	hugo_symbol	DNAH6	1
by_gender	male	hugo_symbol	DNAH7	1
by_gender	male	hugo_symbol	DNAH8	2
by_gender	male	hugo_symbol	DNAH9	1
by_gender	male	hugo_symbol	DNAI4	1
by_gender	male	hugo_symbol	DNAJB11	1
by_gender	male	hugo_symbol	DNAJB14	1
by_gender	male	hugo_symbol	DNAJC13	1
by_gender	male	hugo_symbol	DND1	1
by_gender	male	hugo_symbol	DNER	1
by_gender	male	hugo_symbol	DNHD1	1
by_gender	male	hugo_symbol	DNM1L	1
by_gender	male	hugo_symbol	DNMBP	1
by_gender	male	hugo_symbol	DNMT3A	3
by_gender	male	hugo_symbol	DNMT3B	1
by_gender	male	hugo_symbol	DNPEP	1
by_gender	male	hugo_symbol	DOCK1	1
by_gender	male	hugo_symbol	DOCK10	1
by_gender	male	hugo_symbol	DOCK2	1
by_gender	male	hugo_symbol	DOCK3	3
by_gender	male	hugo_symbol	DOCK4	1
by_gender	male	hugo_symbol	DOP1A	1
by_gender	male	hugo_symbol	DOP1B	1
by_gender	male	hugo_symbol	DPEP2	1
by_gender	male	hugo_symbol	DPP10	1
by_gender	male	hugo_symbol	DPP6	1
by_gender	male	hugo_symbol	DPYD	1
by_gender	male	hugo_symbol	DRC7	1
by_gender	male	hugo_symbol	DRD1	1
by_gender	male	hugo_symbol	DRD2	1
by_gender	male	hugo_symbol	DSC1	1
by_gender	male	hugo_symbol	DSCAM	3
by_gender	male	hugo_symbol	DSCAML1	3
by_gender	male	hugo_symbol	DSCR4	1
by_gender	male	hugo_symbol	DSEL	2
by_gender	male	hugo_symbol	DSG2	1
by_gender	male	hugo_symbol	DSP	1
by_gender	male	hugo_symbol	DSPP	1
by_gender	male	hugo_symbol	DST	5
by_gender	male	hugo_symbol	DTX2	1
by_gender	male	hugo_symbol	DTYMK	1
by_gender	male	hugo_symbol	DUOXA2	1
by_gender	male	hugo_symbol	DUS3L	1
by_gender	male	hugo_symbol	DYM	1
by_gender	male	hugo_symbol	DYNC1I1	1
by_gender	male	hugo_symbol	DYNC2H1	1
by_gender	male	hugo_symbol	DYRK1A	1
by_gender	male	hugo_symbol	DYRK3	1
by_gender	male	hugo_symbol	DYSF	2
by_gender	male	hugo_symbol	E2F8	1
by_gender	male	hugo_symbol	EBF3	1
by_gender	male	hugo_symbol	ECD	1
by_gender	male	hugo_symbol	ECM1	1
by_gender	male	hugo_symbol	ECT2	1
by_gender	male	hugo_symbol	EDA2R	1
by_gender	male	hugo_symbol	EDAR	1
by_gender	male	hugo_symbol	EED	1
by_gender	male	hugo_symbol	EEF2	1
by_gender	male	hugo_symbol	EFCAB6	1
by_gender	male	hugo_symbol	EFEMP2	1
by_gender	male	hugo_symbol	EFTUD2	1
by_gender	male	hugo_symbol	EGF	2
by_gender	male	hugo_symbol	EGFLAM	1
by_gender	male	hugo_symbol	EIF3A	1
by_gender	male	hugo_symbol	EIF4E1B	1
by_gender	male	hugo_symbol	EIF4ENIF1	2
by_gender	male	hugo_symbol	EIF5	1
by_gender	male	hugo_symbol	ELAVL2	1
by_gender	male	hugo_symbol	ELF3	1
by_gender	male	hugo_symbol	ELF4	1
by_gender	male	hugo_symbol	ELK1	2
by_gender	male	hugo_symbol	ELMO1	2
by_gender	male	hugo_symbol	ELMO3	2
by_gender	male	hugo_symbol	ELMOD1	1
by_gender	male	hugo_symbol	ELMOD3	1
by_gender	male	hugo_symbol	ELOVL2	1
by_gender	male	hugo_symbol	ELP4	1
by_gender	male	hugo_symbol	EML1	1
by_gender	male	hugo_symbol	EML4	2
by_gender	male	hugo_symbol	EMP3	1
by_gender	male	hugo_symbol	EMSY	1
by_gender	male	hugo_symbol	ENAM	1
by_gender	male	hugo_symbol	ENC1	2
by_gender	male	hugo_symbol	ENGASE	1
by_gender	male	hugo_symbol	ENOX1	1
by_gender	male	hugo_symbol	ENPP4	1
by_gender	male	hugo_symbol	ENTPD4	1
by_gender	male	hugo_symbol	ENY2	1
by_gender	male	hugo_symbol	EOMES	1
by_gender	male	hugo_symbol	EP300	2
by_gender	male	hugo_symbol	EP400	1
by_gender	male	hugo_symbol	EPB41L3	2
by_gender	male	hugo_symbol	EPB42	1
by_gender	male	hugo_symbol	EPC1	1
by_gender	male	hugo_symbol	EPC2	1
by_gender	male	hugo_symbol	EPHA10	1
by_gender	male	hugo_symbol	EPHA4	2
by_gender	male	hugo_symbol	EPHA7	2
by_gender	male	hugo_symbol	EPHB2	1
by_gender	male	hugo_symbol	EPHB3	1
by_gender	male	hugo_symbol	EPPK1	1
by_gender	male	hugo_symbol	ERBB2	1
by_gender	male	hugo_symbol	ERBB4	1
by_gender	male	hugo_symbol	ERBIN	1
by_gender	male	hugo_symbol	ERC1	1
by_gender	male	hugo_symbol	ERCC2	1
by_gender	male	hugo_symbol	ERCC4	1
by_gender	male	hugo_symbol	ERCC6	1
by_gender	male	hugo_symbol	ERCC6L2	1
by_gender	male	hugo_symbol	ERI1	1
by_gender	male	hugo_symbol	ERICH6	1
by_gender	male	hugo_symbol	ESAM	1
by_gender	male	hugo_symbol	ESPL1	2
by_gender	male	hugo_symbol	ESR2	1
by_gender	male	hugo_symbol	ESRRA	1
by_gender	male	hugo_symbol	ESRRB	1
by_gender	male	hugo_symbol	ETNPPL	1
by_gender	male	hugo_symbol	ETS1	1
by_gender	male	hugo_symbol	ETV5	1
by_gender	male	hugo_symbol	ETV6	1
by_gender	male	hugo_symbol	EVC	1
by_gender	male	hugo_symbol	EVPL	1
by_gender	male	hugo_symbol	EXD1	1
by_gender	male	hugo_symbol	EXOSC8	1
by_gender	male	hugo_symbol	EXPH5	1
by_gender	male	hugo_symbol	EYS	2
by_gender	male	hugo_symbol	F12	1
by_gender	male	hugo_symbol	F5	2
by_gender	male	hugo_symbol	FABP5P3	1
by_gender	male	hugo_symbol	FADS3	1
by_gender	male	hugo_symbol	FAM107A	1
by_gender	male	hugo_symbol	FAM114A1	1
by_gender	male	hugo_symbol	FAM120C	1
by_gender	male	hugo_symbol	FAM135B	4
by_gender	male	hugo_symbol	FAM153B	1
by_gender	male	hugo_symbol	FAM180A	2
by_gender	male	hugo_symbol	FAM183BP	1
by_gender	male	hugo_symbol	FAM184A	1
by_gender	male	hugo_symbol	FAM189A2	1
by_gender	male	hugo_symbol	FAM217B	1
by_gender	male	hugo_symbol	FAM234A	1
by_gender	male	hugo_symbol	FAM47C	1
by_gender	male	hugo_symbol	FAM71A	1
by_gender	male	hugo_symbol	FAM71B	1
by_gender	male	hugo_symbol	FAM83H	1
by_gender	male	hugo_symbol	FANCC	1
by_gender	male	hugo_symbol	FANCD2	1
by_gender	male	hugo_symbol	FANCM	1
by_gender	male	hugo_symbol	FANK1	1
by_gender	male	hugo_symbol	FAR1	1
by_gender	male	hugo_symbol	FARP2	3
by_gender	male	hugo_symbol	FARS2	1
by_gender	male	hugo_symbol	FASN	1
by_gender	male	hugo_symbol	FASTK	2
by_gender	male	hugo_symbol	FASTKD1	2
by_gender	male	hugo_symbol	FASTKD5	1
by_gender	male	hugo_symbol	FAT1	1
by_gender	male	hugo_symbol	FAT2	4
by_gender	male	hugo_symbol	FAT3	3
by_gender	male	hugo_symbol	FAT4	2
by_gender	male	hugo_symbol	FBLN2	1
by_gender	male	hugo_symbol	FBN1	2
by_gender	male	hugo_symbol	FBN2	2
by_gender	male	hugo_symbol	FBN3	3
by_gender	male	hugo_symbol	FBXL16	1
by_gender	male	hugo_symbol	FBXL5	1
by_gender	male	hugo_symbol	FBXO10	1
by_gender	male	hugo_symbol	FBXO16	1
by_gender	male	hugo_symbol	FBXO3	1
by_gender	male	hugo_symbol	FBXW10	1
by_gender	male	hugo_symbol	FBXW5	1
by_gender	male	hugo_symbol	FBXW7	2
by_gender	male	hugo_symbol	FCER1G	1
by_gender	male	hugo_symbol	FCN1	1
by_gender	male	hugo_symbol	FCRLB	1
by_gender	male	hugo_symbol	FDXACB1	1
by_gender	male	hugo_symbol	FEM1B	1
by_gender	male	hugo_symbol	FER1L5	1
by_gender	male	hugo_symbol	FGD4	1
by_gender	male	hugo_symbol	FGF13	1
by_gender	male	hugo_symbol	FGF6	1
by_gender	male	hugo_symbol	FHIT	1
by_gender	male	hugo_symbol	FHOD1	1
by_gender	male	hugo_symbol	FHOD3	1
by_gender	male	hugo_symbol	FIBIN	1
by_gender	male	hugo_symbol	FILIP1L	1
by_gender	male	hugo_symbol	FLACC1	1
by_gender	male	hugo_symbol	FLG	3
by_gender	male	hugo_symbol	FLNC	1
by_gender	male	hugo_symbol	FLRT2	2
by_gender	male	hugo_symbol	FLT1	1
by_gender	male	hugo_symbol	FLT3	1
by_gender	male	hugo_symbol	FLT4	3
by_gender	male	hugo_symbol	FLVCR1	1
by_gender	male	hugo_symbol	FMN2	1
by_gender	male	hugo_symbol	FMNL3	3
by_gender	male	hugo_symbol	FMO2	1
by_gender	male	hugo_symbol	FN1	2
by_gender	male	hugo_symbol	FNBP1	1
by_gender	male	hugo_symbol	FNDC3B	1
by_gender	male	hugo_symbol	FOSL2	1
by_gender	male	hugo_symbol	FOXD3	1
by_gender	male	hugo_symbol	FOXD4L4	1
by_gender	male	hugo_symbol	FOXF1	2
by_gender	male	hugo_symbol	FOXG1	1
by_gender	male	hugo_symbol	FOXI1	1
by_gender	male	hugo_symbol	FOXN4	1
by_gender	male	hugo_symbol	FPGS	1
by_gender	male	hugo_symbol	FPGT-TNNI3K	1
by_gender	male	hugo_symbol	FPR1	1
by_gender	male	hugo_symbol	FREM2	1
by_gender	male	hugo_symbol	FRMPD2B	1
by_gender	male	hugo_symbol	FRMPD3	1
by_gender	male	hugo_symbol	FRY	1
by_gender	male	hugo_symbol	FRYL	2
by_gender	male	hugo_symbol	FSHR	2
by_gender	male	hugo_symbol	FSTL4	1
by_gender	male	hugo_symbol	FSTL5	2
by_gender	male	hugo_symbol	FTSJ3	1
by_gender	male	hugo_symbol	FURIN	1
by_gender	male	hugo_symbol	FUT7	1
by_gender	male	hugo_symbol	FUT9	1
by_gender	male	hugo_symbol	FUZ	1
by_gender	male	hugo_symbol	FXR1	1
by_gender	male	hugo_symbol	FYB1	1
by_gender	male	hugo_symbol	FZD3	1
by_gender	male	hugo_symbol	GABBR1	1
by_gender	male	hugo_symbol	GABRA6	1
by_gender	male	hugo_symbol	GABRB1	2
by_gender	male	hugo_symbol	GABRD	1
by_gender	male	hugo_symbol	GABRG2	1
by_gender	male	hugo_symbol	GABRG3	1
by_gender	male	hugo_symbol	GAD1	1
by_gender	male	hugo_symbol	GAD2	1
by_gender	male	hugo_symbol	GALNT1	1
by_gender	male	hugo_symbol	GALNT10	1
by_gender	male	hugo_symbol	GALNT14	1
by_gender	male	hugo_symbol	GALNT16	1
by_gender	male	hugo_symbol	GALNT18	1
by_gender	male	hugo_symbol	GALNT5	1
by_gender	male	hugo_symbol	GANAB	1
by_gender	male	hugo_symbol	GATA3	1
by_gender	male	hugo_symbol	GATB	1
by_gender	male	hugo_symbol	GBA	2
by_gender	male	hugo_symbol	GBA2	1
by_gender	male	hugo_symbol	GBA3	2
by_gender	male	hugo_symbol	GBX1	1
by_gender	male	hugo_symbol	GCC2	1
by_gender	male	hugo_symbol	GCM2	1
by_gender	male	hugo_symbol	GCN1	1
by_gender	male	hugo_symbol	GDE1	1
by_gender	male	hugo_symbol	GDPGP1	1
by_gender	male	hugo_symbol	GEMIN2	1
by_gender	male	hugo_symbol	GFER	1
by_gender	male	hugo_symbol	GFUS	1
by_gender	male	hugo_symbol	GGCX	1
by_gender	male	hugo_symbol	GJB4	1
by_gender	male	hugo_symbol	GJC1	1
by_gender	male	hugo_symbol	GJC3	1
by_gender	male	hugo_symbol	GK2	1
by_gender	male	hugo_symbol	GLB1	1
by_gender	male	hugo_symbol	GLB1L2	1
by_gender	male	hugo_symbol	GLI2	1
by_gender	male	hugo_symbol	GLI3	3
by_gender	male	hugo_symbol	GLIS3	1
by_gender	male	hugo_symbol	GLMN	2
by_gender	male	hugo_symbol	GLRA1	1
by_gender	male	hugo_symbol	GLYATL1	1
by_gender	male	hugo_symbol	GMDS	1
by_gender	male	hugo_symbol	GMPPA	1
by_gender	male	hugo_symbol	GMPR	1
by_gender	male	hugo_symbol	GNA15	1
by_gender	male	hugo_symbol	GNAS	5
by_gender	male	hugo_symbol	GNB3	1
by_gender	male	hugo_symbol	GNL3	2
by_gender	male	hugo_symbol	GNPDA2	1
by_gender	male	hugo_symbol	GNS	1
by_gender	male	hugo_symbol	GOLGA1	1
by_gender	male	hugo_symbol	GOT1	1
by_gender	male	hugo_symbol	GP2	1
by_gender	male	hugo_symbol	GPAT3	1
by_gender	male	hugo_symbol	GPATCH8	1
by_gender	male	hugo_symbol	GPD2	1
by_gender	male	hugo_symbol	GPM6B	1
by_gender	male	hugo_symbol	GPR12	1
by_gender	male	hugo_symbol	GPR132	1
by_gender	male	hugo_symbol	GPR15	1
by_gender	male	hugo_symbol	GPR151	1
by_gender	male	hugo_symbol	GPR156	1
by_gender	male	hugo_symbol	GPR158	1
by_gender	male	hugo_symbol	GPR183	1
by_gender	male	hugo_symbol	GPR21	1
by_gender	male	hugo_symbol	GPR26	1
by_gender	male	hugo_symbol	GPR39	1
by_gender	male	hugo_symbol	GPR50	1
by_gender	male	hugo_symbol	GPRC6A	1
by_gender	male	hugo_symbol	GPSM1	1
by_gender	male	hugo_symbol	GPT2	1
by_gender	male	hugo_symbol	GPX5	2
by_gender	male	hugo_symbol	GRAMD1A	1
by_gender	male	hugo_symbol	GRAMD1C	1
by_gender	male	hugo_symbol	GREB1	3
by_gender	male	hugo_symbol	GRHL2	1
by_gender	male	hugo_symbol	GRIA1	1
by_gender	male	hugo_symbol	GRIA4	1
by_gender	male	hugo_symbol	GRID1	1
by_gender	male	hugo_symbol	GRIK2	2
by_gender	male	hugo_symbol	GRIN2B	2
by_gender	male	hugo_symbol	GRIN2D	1
by_gender	male	hugo_symbol	GRIN3B	1
by_gender	male	hugo_symbol	GRINA	1
by_gender	male	hugo_symbol	GRK7	1
by_gender	male	hugo_symbol	GRM1	2
by_gender	male	hugo_symbol	GRM7	1
by_gender	male	hugo_symbol	GRM8	4
by_gender	male	hugo_symbol	GSDMD	1
by_gender	male	hugo_symbol	GTF3C1	1
by_gender	male	hugo_symbol	GTF3C3	1
by_gender	male	hugo_symbol	GTF3C4	1
by_gender	male	hugo_symbol	GUCY2F	1
by_gender	male	hugo_symbol	GYS2	1
by_gender	male	hugo_symbol	H1-4	2
by_gender	male	hugo_symbol	H1-5	1
by_gender	male	hugo_symbol	H2AC6	1
by_gender	male	hugo_symbol	H2BC4	1
by_gender	male	hugo_symbol	HAGH	1
by_gender	male	hugo_symbol	HAUS5	1
by_gender	male	hugo_symbol	HAUS8	1
by_gender	male	hugo_symbol	HBE1	2
by_gender	male	hugo_symbol	HCK	1
by_gender	male	hugo_symbol	HCN1	2
by_gender	male	hugo_symbol	HCN4	2
by_gender	male	hugo_symbol	HDAC9	1
by_gender	male	hugo_symbol	HDGFL2	1
by_gender	male	hugo_symbol	HEATR5B	1
by_gender	male	hugo_symbol	HECTD2	1
by_gender	male	hugo_symbol	HECW1	1
by_gender	male	hugo_symbol	HECW2	3
by_gender	male	hugo_symbol	HELQ	1
by_gender	male	hugo_symbol	HELZ2	1
by_gender	male	hugo_symbol	HEPACAM	1
by_gender	male	hugo_symbol	HERC1	1
by_gender	male	hugo_symbol	HERC2	2
by_gender	male	hugo_symbol	HERPUD1	1
by_gender	male	hugo_symbol	HEXIM1	1
by_gender	male	hugo_symbol	HIPK3	1
by_gender	male	hugo_symbol	HIVEP1	2
by_gender	male	hugo_symbol	HIVEP3	1
by_gender	male	hugo_symbol	HJURP	1
by_gender	male	hugo_symbol	HK3	1
by_gender	male	hugo_symbol	HLCS	1
by_gender	male	hugo_symbol	HM13	1
by_gender	male	hugo_symbol	HMCES	1
by_gender	male	hugo_symbol	HMCN1	4
by_gender	male	hugo_symbol	HMX2	1
by_gender	male	hugo_symbol	HNF1B	1
by_gender	male	hugo_symbol	HNRNPA1	1
by_gender	male	hugo_symbol	HNRNPLL	1
by_gender	male	hugo_symbol	HOXA3	1
by_gender	male	hugo_symbol	HOXA4	1
by_gender	male	hugo_symbol	HOXA9	1
by_gender	male	hugo_symbol	HOXB3	1
by_gender	male	hugo_symbol	HOXC11	1
by_gender	male	hugo_symbol	HOXC4	1
by_gender	male	hugo_symbol	HOXD3	1
by_gender	male	hugo_symbol	HPS1	1
by_gender	male	hugo_symbol	HRC	1
by_gender	male	hugo_symbol	HRH3	1
by_gender	male	hugo_symbol	HROB	1
by_gender	male	hugo_symbol	HS3ST2	1
by_gender	male	hugo_symbol	HS3ST3B1	1
by_gender	male	hugo_symbol	HS3ST4	1
by_gender	male	hugo_symbol	HS3ST6	1
by_gender	male	hugo_symbol	HSD17B12	1
by_gender	male	hugo_symbol	HSD17B13	1
by_gender	male	hugo_symbol	HSD17B7	1
by_gender	male	hugo_symbol	HSP90B1	1
by_gender	male	hugo_symbol	HSPA12A	1
by_gender	male	hugo_symbol	HSPA1B	1
by_gender	male	hugo_symbol	HSPA4	1
by_gender	male	hugo_symbol	HSPA8	1
by_gender	male	hugo_symbol	HTR2A	2
by_gender	male	hugo_symbol	HTR2C	2
by_gender	male	hugo_symbol	HYAL4	1
by_gender	male	hugo_symbol	HYDIN	3
by_gender	male	hugo_symbol	IAPP	1
by_gender	male	hugo_symbol	IBSP	1
by_gender	male	hugo_symbol	IDO1	1
by_gender	male	hugo_symbol	IFFO1	1
by_gender	male	hugo_symbol	IFNGR1	1
by_gender	male	hugo_symbol	IFRD2	1
by_gender	male	hugo_symbol	IFT46	2
by_gender	male	hugo_symbol	IFT88	1
by_gender	male	hugo_symbol	IGBP1P2	1
by_gender	male	hugo_symbol	IGDCC4	1
by_gender	male	hugo_symbol	IGF2BP2	1
by_gender	male	hugo_symbol	IGF2R	2
by_gender	male	hugo_symbol	IGFALS	1
by_gender	male	hugo_symbol	IGHA1	1
by_gender	male	hugo_symbol	IGHG4	1
by_gender	male	hugo_symbol	IGHM	1
by_gender	male	hugo_symbol	IGHMBP2	1
by_gender	male	hugo_symbol	IGHV1-58	1
by_gender	male	hugo_symbol	IGKV1D-42	1
by_gender	male	hugo_symbol	IGKV2D-28	1
by_gender	male	hugo_symbol	IGLV2-11	1
by_gender	male	hugo_symbol	IGSF10	3
by_gender	male	hugo_symbol	IGSF22	2
by_gender	male	hugo_symbol	IGSF9B	1
by_gender	male	hugo_symbol	IKBKB	2
by_gender	male	hugo_symbol	IKZF2	2
by_gender	male	hugo_symbol	IL18RAP	1
by_gender	male	hugo_symbol	IL1RN	2
by_gender	male	hugo_symbol	IL20RA	1
by_gender	male	hugo_symbol	IL21	1
by_gender	male	hugo_symbol	IL27	1
by_gender	male	hugo_symbol	IL2RA	1
by_gender	male	hugo_symbol	IL3RA	1
by_gender	male	hugo_symbol	IL4R	1
by_gender	male	hugo_symbol	IL6ST	1
by_gender	male	hugo_symbol	IMP3	1
by_gender	male	hugo_symbol	IMPDH2	1
by_gender	male	hugo_symbol	IMPG2	1
by_gender	male	hugo_symbol	INA	1
by_gender	male	hugo_symbol	ING1	1
by_gender	male	hugo_symbol	INHBA	1
by_gender	male	hugo_symbol	INHBB	1
by_gender	male	hugo_symbol	INPP5J	1
by_gender	male	hugo_symbol	INSM1	1
by_gender	male	hugo_symbol	INSR	1
by_gender	male	hugo_symbol	INTS1	1
by_gender	male	hugo_symbol	INTS11	1
by_gender	male	hugo_symbol	INTS13	1
by_gender	male	hugo_symbol	INTS14	1
by_gender	male	hugo_symbol	INTS3	1
by_gender	male	hugo_symbol	IP6K2	1
by_gender	male	hugo_symbol	IP6K3	1
by_gender	male	hugo_symbol	IPO5	1
by_gender	male	hugo_symbol	IPO7	1
by_gender	male	hugo_symbol	IQCD	1
by_gender	male	hugo_symbol	IQCF2	1
by_gender	male	hugo_symbol	IQCJ	1
by_gender	male	hugo_symbol	IQGAP1	1
by_gender	male	hugo_symbol	IRF2	1
by_gender	male	hugo_symbol	IRF7	2
by_gender	male	hugo_symbol	IRF8	1
by_gender	male	hugo_symbol	IRS1	4
by_gender	male	hugo_symbol	IRS2	1
by_gender	male	hugo_symbol	IRS4	1
by_gender	male	hugo_symbol	IRX6	1
by_gender	male	hugo_symbol	ISLR2	1
by_gender	male	hugo_symbol	ITFG1	1
by_gender	male	hugo_symbol	ITGA1	1
by_gender	male	hugo_symbol	ITGA4	1
by_gender	male	hugo_symbol	ITGA6	2
by_gender	male	hugo_symbol	ITGA7	1
by_gender	male	hugo_symbol	ITGAE	1
by_gender	male	hugo_symbol	ITGAX	1
by_gender	male	hugo_symbol	ITGB6	1
by_gender	male	hugo_symbol	ITIH5	1
by_gender	male	hugo_symbol	ITK	1
by_gender	male	hugo_symbol	ITPR1	2
by_gender	male	hugo_symbol	ITPR2	2
by_gender	male	hugo_symbol	IVL	1
by_gender	male	hugo_symbol	IZUMO1	1
by_gender	male	hugo_symbol	JADE2	1
by_gender	male	hugo_symbol	JAKMIP1	1
by_gender	male	hugo_symbol	JAKMIP3	1
by_gender	male	hugo_symbol	JMJD7-PLA2G4B	1
by_gender	male	hugo_symbol	JPH1	1
by_gender	male	hugo_symbol	KALRN	1
by_gender	male	hugo_symbol	KANSL1	1
by_gender	male	hugo_symbol	KANSL1L	1
by_gender	male	hugo_symbol	KANSL2	1
by_gender	male	hugo_symbol	KAT6A	2
by_gender	male	hugo_symbol	KAT6B	1
by_gender	male	hugo_symbol	KATNB1	1
by_gender	male	hugo_symbol	KATNIP	2
by_gender	male	hugo_symbol	KBTBD12	1
by_gender	male	hugo_symbol	KBTBD2	1
by_gender	male	hugo_symbol	KCNA1	2
by_gender	male	hugo_symbol	KCNA4	4
by_gender	male	hugo_symbol	KCNA5	2
by_gender	male	hugo_symbol	KCNB2	5
by_gender	male	hugo_symbol	KCNG3	1
by_gender	male	hugo_symbol	KCNH1	1
by_gender	male	hugo_symbol	KCNH3	1
by_gender	male	hugo_symbol	KCNH4	2
by_gender	male	hugo_symbol	KCNH5	2
by_gender	male	hugo_symbol	KCNIP2	1
by_gender	male	hugo_symbol	KCNJ12	1
by_gender	male	hugo_symbol	KCNJ6	1
by_gender	male	hugo_symbol	KCNK13	1
by_gender	male	hugo_symbol	KCNK3	1
by_gender	male	hugo_symbol	KCNK7	1
by_gender	male	hugo_symbol	KCNN1	1
by_gender	male	hugo_symbol	KCNN4	1
by_gender	male	hugo_symbol	KCNQ1	1
by_gender	male	hugo_symbol	KCNQ2	2
by_gender	male	hugo_symbol	KCNQ3	1
by_gender	male	hugo_symbol	KCNQ5	1
by_gender	male	hugo_symbol	KCTD19	1
by_gender	male	hugo_symbol	KCTD8	1
by_gender	male	hugo_symbol	KDM2B	1
by_gender	male	hugo_symbol	KDM4C	1
by_gender	male	hugo_symbol	KDM5A	1
by_gender	male	hugo_symbol	KDM5B	1
by_gender	male	hugo_symbol	KDM6A	3
by_gender	male	hugo_symbol	KEL	1
by_gender	male	hugo_symbol	KHDRBS2	2
by_gender	male	hugo_symbol	KHDRBS3	1
by_gender	male	hugo_symbol	KHSRP	1
by_gender	male	hugo_symbol	KIAA0100	1
by_gender	male	hugo_symbol	KIAA0232	1
by_gender	male	hugo_symbol	KIAA0319	1
by_gender	male	hugo_symbol	KIAA0586	1
by_gender	male	hugo_symbol	KIAA0895	2
by_gender	male	hugo_symbol	KIAA1210	1
by_gender	male	hugo_symbol	KIAA1217	1
by_gender	male	hugo_symbol	KIAA1549	1
by_gender	male	hugo_symbol	KIAA1755	3
by_gender	male	hugo_symbol	KIDINS220	1
by_gender	male	hugo_symbol	KIF17	1
by_gender	male	hugo_symbol	KIF1A	4
by_gender	male	hugo_symbol	KIF20A	1
by_gender	male	hugo_symbol	KIF24	2
by_gender	male	hugo_symbol	KIF26A	1
by_gender	male	hugo_symbol	KIF26B	1
by_gender	male	hugo_symbol	KIF27	2
by_gender	male	hugo_symbol	KIF4B	2
by_gender	male	hugo_symbol	KIF9	1
by_gender	male	hugo_symbol	KIFC1	1
by_gender	male	hugo_symbol	KIFC3	2
by_gender	male	hugo_symbol	KIR3DL3	1
by_gender	male	hugo_symbol	KIR3DX1	3
by_gender	male	hugo_symbol	KLF4	1
by_gender	male	hugo_symbol	KLHDC8A	1
by_gender	male	hugo_symbol	KLHL25	1
by_gender	male	hugo_symbol	KLHL26	1
by_gender	male	hugo_symbol	KLHL3	1
by_gender	male	hugo_symbol	KLHL34	1
by_gender	male	hugo_symbol	KLHL36	1
by_gender	male	hugo_symbol	KLHL38	1
by_gender	male	hugo_symbol	KLHL4	1
by_gender	male	hugo_symbol	KLHL40	2
by_gender	male	hugo_symbol	KLK15	2
by_gender	male	hugo_symbol	KLK8	1
by_gender	male	hugo_symbol	KLKB1	1
by_gender	male	hugo_symbol	KLRC3	2
by_gender	male	hugo_symbol	KMT2A	3
by_gender	male	hugo_symbol	KMT2B	1
by_gender	male	hugo_symbol	KMT2C	1
by_gender	male	hugo_symbol	KMT2D	2
by_gender	male	hugo_symbol	KMT2E	2
by_gender	male	hugo_symbol	KNDC1	1
by_gender	male	hugo_symbol	KPNA4	1
by_gender	male	hugo_symbol	KRAS	69
by_gender	male	hugo_symbol	KRBA1	1
by_gender	male	hugo_symbol	KRT26	1
by_gender	male	hugo_symbol	KRT28	1
by_gender	male	hugo_symbol	KRT37	1
by_gender	male	hugo_symbol	KRT39	1
by_gender	male	hugo_symbol	KRT6A	1
by_gender	male	hugo_symbol	KRT6C	1
by_gender	male	hugo_symbol	KRT76	1
by_gender	male	hugo_symbol	KRT78	1
by_gender	male	hugo_symbol	KRT83	1
by_gender	male	hugo_symbol	KRTAP11-1	1
by_gender	male	hugo_symbol	KRTAP12-3	1
by_gender	male	hugo_symbol	KRTAP19-3	1
by_gender	male	hugo_symbol	KRTAP24-1	1
by_gender	male	hugo_symbol	KRTAP4-2	1
by_gender	male	hugo_symbol	KRTAP5-3	1
by_gender	male	hugo_symbol	KRTAP9-3	1
by_gender	male	hugo_symbol	KSR2	2
by_gender	male	hugo_symbol	L1CAM	3
by_gender	male	hugo_symbol	L2HGDH	1
by_gender	male	hugo_symbol	L3HYPDH	1
by_gender	male	hugo_symbol	L3MBTL2	1
by_gender	male	hugo_symbol	L3MBTL4	1
by_gender	male	hugo_symbol	LAMA1	1
by_gender	male	hugo_symbol	LAMA2	1
by_gender	male	hugo_symbol	LAMA4	1
by_gender	male	hugo_symbol	LAMB3	1
by_gender	male	hugo_symbol	LAMC1	1
by_gender	male	hugo_symbol	LARGE2	1
by_gender	male	hugo_symbol	LARS2	1
by_gender	male	hugo_symbol	LATS1	1
by_gender	male	hugo_symbol	LATS2	1
by_gender	male	hugo_symbol	LCE2B	1
by_gender	male	hugo_symbol	LCE2C	1
by_gender	male	hugo_symbol	LCMT2	1
by_gender	male	hugo_symbol	LCP1	1
by_gender	male	hugo_symbol	LCT	2
by_gender	male	hugo_symbol	LDB1	1
by_gender	male	hugo_symbol	LEPR	1
by_gender	male	hugo_symbol	LGALS3BP	1
by_gender	male	hugo_symbol	LGR6	1
by_gender	male	hugo_symbol	LHB	1
by_gender	male	hugo_symbol	LHFPL2	1
by_gender	male	hugo_symbol	LHX3	1
by_gender	male	hugo_symbol	LHX5	1
by_gender	male	hugo_symbol	LHX6	1
by_gender	male	hugo_symbol	LIAS	1
by_gender	male	hugo_symbol	LILRA2	1
by_gender	male	hugo_symbol	LILRB1	1
by_gender	male	hugo_symbol	LIN28B	1
by_gender	male	hugo_symbol	LIN54	1
by_gender	male	hugo_symbol	LINC01565	1
by_gender	male	hugo_symbol	LINC02870	1
by_gender	male	hugo_symbol	LINGO1	1
by_gender	male	hugo_symbol	LINGO2	1
by_gender	male	hugo_symbol	LINS1	1
by_gender	male	hugo_symbol	LMAN1L	2
by_gender	male	hugo_symbol	LMAN2L	1
by_gender	male	hugo_symbol	LMF2	1
by_gender	male	hugo_symbol	LMLN	1
by_gender	male	hugo_symbol	LMX1B	1
by_gender	male	hugo_symbol	LNX2	1
by_gender	male	hugo_symbol	LONRF3	1
by_gender	male	hugo_symbol	LOX	1
by_gender	male	hugo_symbol	LPA	1
by_gender	male	hugo_symbol	LPIN3	1
by_gender	male	hugo_symbol	LPXN	1
by_gender	male	hugo_symbol	LRBA	2
by_gender	male	hugo_symbol	LRCH1	1
by_gender	male	hugo_symbol	LRCH3	1
by_gender	male	hugo_symbol	LRFN1	1
by_gender	male	hugo_symbol	LRFN5	2
by_gender	male	hugo_symbol	LRIG1	1
by_gender	male	hugo_symbol	LRP1	2
by_gender	male	hugo_symbol	LRP1B	3
by_gender	male	hugo_symbol	LRP2	1
by_gender	male	hugo_symbol	LRP6	1
by_gender	male	hugo_symbol	LRRC40	1
by_gender	male	hugo_symbol	LRRC42	1
by_gender	male	hugo_symbol	LRRC45	1
by_gender	male	hugo_symbol	LRRC4C	1
by_gender	male	hugo_symbol	LRRC55	1
by_gender	male	hugo_symbol	LRRC7	4
by_gender	male	hugo_symbol	LRRC8D	1
by_gender	male	hugo_symbol	LRRCC1	1
by_gender	male	hugo_symbol	LRRIQ1	1
by_gender	male	hugo_symbol	LRRIQ4	1
by_gender	male	hugo_symbol	LRRK2	2
by_gender	male	hugo_symbol	LSM14A	1
by_gender	male	hugo_symbol	LTB4R	2
by_gender	male	hugo_symbol	LTBP2	1
by_gender	male	hugo_symbol	LTN1	1
by_gender	male	hugo_symbol	LUC7L3	1
by_gender	male	hugo_symbol	LUZP1	1
by_gender	male	hugo_symbol	LYZL4	1
by_gender	male	hugo_symbol	MACF1	1
by_gender	male	hugo_symbol	MAGEA8	1
by_gender	male	hugo_symbol	MAGEB10	1
by_gender	male	hugo_symbol	MAGEB2	1
by_gender	male	hugo_symbol	MAGEB6B	1
by_gender	male	hugo_symbol	MAGED2	1
by_gender	male	hugo_symbol	MAGEE2	1
by_gender	male	hugo_symbol	MAGEL2	1
by_gender	male	hugo_symbol	MAML1	1
by_gender	male	hugo_symbol	MAN2B1	1
by_gender	male	hugo_symbol	MAN2B2	1
by_gender	male	hugo_symbol	MAP10	1
by_gender	male	hugo_symbol	MAP1B	3
by_gender	male	hugo_symbol	MAP1LC3A	1
by_gender	male	hugo_symbol	MAP2	2
by_gender	male	hugo_symbol	MAP2K4	1
by_gender	male	hugo_symbol	MAP2K7	1
by_gender	male	hugo_symbol	MAP3K19	1
by_gender	male	hugo_symbol	MAP3K21	3
by_gender	male	hugo_symbol	MAP3K5	2
by_gender	male	hugo_symbol	MAP3K7CL	1
by_gender	male	hugo_symbol	MAP3K9	1
by_gender	male	hugo_symbol	MAP4K1	1
by_gender	male	hugo_symbol	MAP4K3	1
by_gender	male	hugo_symbol	MAP6	1
by_gender	male	hugo_symbol	MAP7D1	1
by_gender	male	hugo_symbol	MAP7D3	1
by_gender	male	hugo_symbol	MAPK10	1
by_gender	male	hugo_symbol	MAPK8IP3	1
by_gender	male	hugo_symbol	MAPRE3	1
by_gender	male	hugo_symbol	MAPT	2
by_gender	male	hugo_symbol	MARCHF5	1
by_gender	male	hugo_symbol	MARCHF8	1
by_gender	male	hugo_symbol	MARCO	1
by_gender	male	hugo_symbol	MARK2	1
by_gender	male	hugo_symbol	MAST1	1
by_gender	male	hugo_symbol	MAST4	2
by_gender	male	hugo_symbol	MATN4	1
by_gender	male	hugo_symbol	MAZ	1
by_gender	male	hugo_symbol	MBD6	1
by_gender	male	hugo_symbol	MBNL2	1
by_gender	male	hugo_symbol	MBTD1	1
by_gender	male	hugo_symbol	MC3R	1
by_gender	male	hugo_symbol	MCEMP1	1
by_gender	male	hugo_symbol	MCF2L	2
by_gender	male	hugo_symbol	MCF2L2	1
by_gender	male	hugo_symbol	MCHR2	1
by_gender	male	hugo_symbol	MCM2	1
by_gender	male	hugo_symbol	MCM3	1
by_gender	male	hugo_symbol	MCM3AP	1
by_gender	male	hugo_symbol	MCM6	1
by_gender	male	hugo_symbol	MCPH1	1
by_gender	male	hugo_symbol	MDGA1	1
by_gender	male	hugo_symbol	MDGA2	1
by_gender	male	hugo_symbol	MDM1	2
by_gender	male	hugo_symbol	MDM2	1
by_gender	male	hugo_symbol	MDN1	1
by_gender	male	hugo_symbol	ME3	1
by_gender	male	hugo_symbol	MECOM	1
by_gender	male	hugo_symbol	MED1	1
by_gender	male	hugo_symbol	MED12L	1
by_gender	male	hugo_symbol	MED15	1
by_gender	male	hugo_symbol	MED16	1
by_gender	male	hugo_symbol	MED18	1
by_gender	male	hugo_symbol	MEF2C	1
by_gender	male	hugo_symbol	MEF2D	1
by_gender	male	hugo_symbol	MEFV	1
by_gender	male	hugo_symbol	MEGF10	1
by_gender	male	hugo_symbol	MEGF8	1
by_gender	male	hugo_symbol	MEN1	1
by_gender	male	hugo_symbol	MERTK	1
by_gender	male	hugo_symbol	METAP1	1
by_gender	male	hugo_symbol	METTL27	1
by_gender	male	hugo_symbol	MEX3C	1
by_gender	male	hugo_symbol	MFAP3L	1
by_gender	male	hugo_symbol	MFHAS1	1
by_gender	male	hugo_symbol	MFSD14B	1
by_gender	male	hugo_symbol	MGA	1
by_gender	male	hugo_symbol	MGAT3	1
by_gender	male	hugo_symbol	MGAT5	1
by_gender	male	hugo_symbol	MIA2	1
by_gender	male	hugo_symbol	MIA3	1
by_gender	male	hugo_symbol	MICAL2	1
by_gender	male	hugo_symbol	MICU3	1
by_gender	male	hugo_symbol	MIR19B2	1
by_gender	male	hugo_symbol	MIR520H	1
by_gender	male	hugo_symbol	MIR525	1
by_gender	male	hugo_symbol	MISP	1
by_gender	male	hugo_symbol	MKI67	1
by_gender	male	hugo_symbol	MKX	2
by_gender	male	hugo_symbol	MLF2	1
by_gender	male	hugo_symbol	MLH3	1
by_gender	male	hugo_symbol	MLLT11	1
by_gender	male	hugo_symbol	MMAA	1
by_gender	male	hugo_symbol	MMP16	2
by_gender	male	hugo_symbol	MMRN1	1
by_gender	male	hugo_symbol	MMS19	1
by_gender	male	hugo_symbol	MOCS1	1
by_gender	male	hugo_symbol	MOGS	1
by_gender	male	hugo_symbol	MOK	1
by_gender	male	hugo_symbol	MORF4L2	1
by_gender	male	hugo_symbol	MOS	1
by_gender	male	hugo_symbol	MPHOSPH8	1
by_gender	male	hugo_symbol	MPP2	1
by_gender	male	hugo_symbol	MPZL1	1
by_gender	male	hugo_symbol	MRC1	1
by_gender	male	hugo_symbol	MRGPRF	1
by_gender	male	hugo_symbol	MROH2B	1
by_gender	male	hugo_symbol	MROH5	1
by_gender	male	hugo_symbol	MROH6	1
by_gender	male	hugo_symbol	MROH7	1
by_gender	male	hugo_symbol	MRPL15	1
by_gender	male	hugo_symbol	MRPL35	1
by_gender	male	hugo_symbol	MRPL48	1
by_gender	male	hugo_symbol	MRPS30	1
by_gender	male	hugo_symbol	MRTFA	1
by_gender	male	hugo_symbol	MS4A1	1
by_gender	male	hugo_symbol	MSC	1
by_gender	male	hugo_symbol	MSRB3	1
by_gender	male	hugo_symbol	MST1R	1
by_gender	male	hugo_symbol	MTERF3	1
by_gender	male	hugo_symbol	MTG2	2
by_gender	male	hugo_symbol	MTMR12	2
by_gender	male	hugo_symbol	MTNR1B	1
by_gender	male	hugo_symbol	MTOR	1
by_gender	male	hugo_symbol	MTUS2	2
by_gender	male	hugo_symbol	MUC16	6
by_gender	male	hugo_symbol	MUC17	3
by_gender	male	hugo_symbol	MUC2	2
by_gender	male	hugo_symbol	MUC5AC	2
by_gender	male	hugo_symbol	MUC6	2
by_gender	male	hugo_symbol	MUS81	1
by_gender	male	hugo_symbol	MUTYH	1
by_gender	male	hugo_symbol	MVP	1
by_gender	male	hugo_symbol	MX2	1
by_gender	male	hugo_symbol	MYBBP1A	1
by_gender	male	hugo_symbol	MYBPH	1
by_gender	male	hugo_symbol	MYEOV	1
by_gender	male	hugo_symbol	MYH10	1
by_gender	male	hugo_symbol	MYH11	1
by_gender	male	hugo_symbol	MYH13	1
by_gender	male	hugo_symbol	MYH14	1
by_gender	male	hugo_symbol	MYH15	3
by_gender	male	hugo_symbol	MYH4	2
by_gender	male	hugo_symbol	MYH6	1
by_gender	male	hugo_symbol	MYH7	3
by_gender	male	hugo_symbol	MYH7B	1
by_gender	male	hugo_symbol	MYL9	1
by_gender	male	hugo_symbol	MYLK	1
by_gender	male	hugo_symbol	MYO10	1
by_gender	male	hugo_symbol	MYO15A	2
by_gender	male	hugo_symbol	MYO16	2
by_gender	male	hugo_symbol	MYO18B	2
by_gender	male	hugo_symbol	MYO1F	1
by_gender	male	hugo_symbol	MYO3A	1
by_gender	male	hugo_symbol	MYO3B	1
by_gender	male	hugo_symbol	MYO5A	2
by_gender	male	hugo_symbol	MYO5C	1
by_gender	male	hugo_symbol	MYO7B	1
by_gender	male	hugo_symbol	MYO9A	1
by_gender	male	hugo_symbol	MYO9B	2
by_gender	male	hugo_symbol	MYOM1	1
by_gender	male	hugo_symbol	MYOM2	2
by_gender	male	hugo_symbol	MYOT	2
by_gender	male	hugo_symbol	MYRF	2
by_gender	male	hugo_symbol	MYT1L	1
by_gender	male	hugo_symbol	NAA16	1
by_gender	male	hugo_symbol	NAA25	1
by_gender	male	hugo_symbol	NAA60	1
by_gender	male	hugo_symbol	NAALAD2	1
by_gender	male	hugo_symbol	NAB2	2
by_gender	male	hugo_symbol	NACA	2
by_gender	male	hugo_symbol	NACC2	1
by_gender	male	hugo_symbol	NADSYN1	1
by_gender	male	hugo_symbol	NAGPA	1
by_gender	male	hugo_symbol	NAIP	1
by_gender	male	hugo_symbol	NALCN	1
by_gender	male	hugo_symbol	NARS2	1
by_gender	male	hugo_symbol	NBPF11	1
by_gender	male	hugo_symbol	NCAM1	2
by_gender	male	hugo_symbol	NCAPD3	2
by_gender	male	hugo_symbol	NCAPG	1
by_gender	male	hugo_symbol	NCAPH	2
by_gender	male	hugo_symbol	NCBP2L	1
by_gender	male	hugo_symbol	NCF4	1
by_gender	male	hugo_symbol	NCKAP5	1
by_gender	male	hugo_symbol	NCKAP5L	1
by_gender	male	hugo_symbol	NCOA2	2
by_gender	male	hugo_symbol	NDUFA4	1
by_gender	male	hugo_symbol	NEBL	1
by_gender	male	hugo_symbol	NECAB1	1
by_gender	male	hugo_symbol	NECTIN3	1
by_gender	male	hugo_symbol	NEFL	1
by_gender	male	hugo_symbol	NEK10	1
by_gender	male	hugo_symbol	NEK4	1
by_gender	male	hugo_symbol	NEK9	1
by_gender	male	hugo_symbol	NELFA	1
by_gender	male	hugo_symbol	NELFCD	1
by_gender	male	hugo_symbol	NELL1	1
by_gender	male	hugo_symbol	NELL2	2
by_gender	male	hugo_symbol	NES	1
by_gender	male	hugo_symbol	NEU4	1
by_gender	male	hugo_symbol	NEURL4	1
by_gender	male	hugo_symbol	NF1	1
by_gender	male	hugo_symbol	NFAM1	1
by_gender	male	hugo_symbol	NFATC2	1
by_gender	male	hugo_symbol	NFE2L2	1
by_gender	male	hugo_symbol	NFKBIA	1
by_gender	male	hugo_symbol	NFKBIZ	1
by_gender	male	hugo_symbol	NFS1	1
by_gender	male	hugo_symbol	NHLH1	1
by_gender	male	hugo_symbol	NHS	1
by_gender	male	hugo_symbol	NIBAN1	2
by_gender	male	hugo_symbol	NIBAN3	1
by_gender	male	hugo_symbol	NIPA2	1
by_gender	male	hugo_symbol	NIPBL	1
by_gender	male	hugo_symbol	NKD1	1
by_gender	male	hugo_symbol	NLGN1	1
by_gender	male	hugo_symbol	NLGN3	1
by_gender	male	hugo_symbol	NLK	1
by_gender	male	hugo_symbol	NLRC5	1
by_gender	male	hugo_symbol	NLRP10	1
by_gender	male	hugo_symbol	NLRP12	1
by_gender	male	hugo_symbol	NLRP13	2
by_gender	male	hugo_symbol	NLRP2	1
by_gender	male	hugo_symbol	NLRP3	1
by_gender	male	hugo_symbol	NLRP4	1
by_gender	male	hugo_symbol	NLRP5	1
by_gender	male	hugo_symbol	NLRP8	2
by_gender	male	hugo_symbol	NMS	1
by_gender	male	hugo_symbol	NOBOX	1
by_gender	male	hugo_symbol	NOC4L	1
by_gender	male	hugo_symbol	NOD2	1
by_gender	male	hugo_symbol	NOL4	2
by_gender	male	hugo_symbol	NOL4L	1
by_gender	male	hugo_symbol	NOL8	1
by_gender	male	hugo_symbol	NOS1	2
by_gender	male	hugo_symbol	NOS3	1
by_gender	male	hugo_symbol	NOTCH1	1
by_gender	male	hugo_symbol	NOTCH3	1
by_gender	male	hugo_symbol	NOTUM	1
by_gender	male	hugo_symbol	NPAP1	3
by_gender	male	hugo_symbol	NPAS3	1
by_gender	male	hugo_symbol	NPAS4	1
by_gender	male	hugo_symbol	NPAT	1
by_gender	male	hugo_symbol	NPFFR1	1
by_gender	male	hugo_symbol	NPHP3	2
by_gender	male	hugo_symbol	NPHS2	1
by_gender	male	hugo_symbol	NPRL2	1
by_gender	male	hugo_symbol	NPY1R	1
by_gender	male	hugo_symbol	NPY5R	1
by_gender	male	hugo_symbol	NR6A1	1
by_gender	male	hugo_symbol	NRBP1	1
by_gender	male	hugo_symbol	NRK	2
by_gender	male	hugo_symbol	NRP2	1
by_gender	male	hugo_symbol	NRXN2	2
by_gender	male	hugo_symbol	NRXN3	2
by_gender	male	hugo_symbol	NSUN5	1
by_gender	male	hugo_symbol	NT5C1B	1
by_gender	male	hugo_symbol	NTF3	3
by_gender	male	hugo_symbol	NTMT1	1
by_gender	male	hugo_symbol	NTN5	1
by_gender	male	hugo_symbol	NTNG1	3
by_gender	male	hugo_symbol	NTNG2	2
by_gender	male	hugo_symbol	NUAK1	1
by_gender	male	hugo_symbol	NUAK2	1
by_gender	male	hugo_symbol	NUDT6	1
by_gender	male	hugo_symbol	NUDT9	1
by_gender	male	hugo_symbol	NUF2	1
by_gender	male	hugo_symbol	NUGGC	1
by_gender	male	hugo_symbol	NUP153	1
by_gender	male	hugo_symbol	NUP205	1
by_gender	male	hugo_symbol	NUP210L	1
by_gender	male	hugo_symbol	NUP50	1
by_gender	male	hugo_symbol	NUP54	1
by_gender	male	hugo_symbol	NWD1	1
by_gender	male	hugo_symbol	NYAP2	2
by_gender	male	hugo_symbol	NYNRIN	1
by_gender	male	hugo_symbol	OAS2	1
by_gender	male	hugo_symbol	OBSCN	5
by_gender	male	hugo_symbol	OBSL1	1
by_gender	male	hugo_symbol	OCA2	1
by_gender	male	hugo_symbol	ODC1	1
by_gender	male	hugo_symbol	ODF1	1
by_gender	male	hugo_symbol	ODF2	1
by_gender	male	hugo_symbol	OFD1	1
by_gender	male	hugo_symbol	OGT	1
by_gender	male	hugo_symbol	OLFM1	1
by_gender	male	hugo_symbol	OLFM2	1
by_gender	male	hugo_symbol	OLFML2B	1
by_gender	male	hugo_symbol	OLIG3	1
by_gender	male	hugo_symbol	ONECUT2	1
by_gender	male	hugo_symbol	OPA1	1
by_gender	male	hugo_symbol	OPCML	1
by_gender	male	hugo_symbol	OPRK1	1
by_gender	male	hugo_symbol	OPRL1	1
by_gender	male	hugo_symbol	OR10G9	1
by_gender	male	hugo_symbol	OR10J1	1
by_gender	male	hugo_symbol	OR10K2	1
by_gender	male	hugo_symbol	OR10X1	1
by_gender	male	hugo_symbol	OR11H12	1
by_gender	male	hugo_symbol	OR11L1	1
by_gender	male	hugo_symbol	OR13C2	1
by_gender	male	hugo_symbol	OR14A16	1
by_gender	male	hugo_symbol	OR14K1	1
by_gender	male	hugo_symbol	OR1A1	1
by_gender	male	hugo_symbol	OR1C1	2
by_gender	male	hugo_symbol	OR1J2	1
by_gender	male	hugo_symbol	OR1N2	1
by_gender	male	hugo_symbol	OR2G3	1
by_gender	male	hugo_symbol	OR2L13	1
by_gender	male	hugo_symbol	OR2L2	1
by_gender	male	hugo_symbol	OR2M2	1
by_gender	male	hugo_symbol	OR2M4	2
by_gender	male	hugo_symbol	OR2T1	1
by_gender	male	hugo_symbol	OR2T3	1
by_gender	male	hugo_symbol	OR2W5	2
by_gender	male	hugo_symbol	OR2Y1	1
by_gender	male	hugo_symbol	OR4A47	2
by_gender	male	hugo_symbol	OR4B1	1
by_gender	male	hugo_symbol	OR4C15	1
by_gender	male	hugo_symbol	OR4C6	2
by_gender	male	hugo_symbol	OR4D5	1
by_gender	male	hugo_symbol	OR4E2	1
by_gender	male	hugo_symbol	OR4F6	1
by_gender	male	hugo_symbol	OR4M1	1
by_gender	male	hugo_symbol	OR4S1	1
by_gender	male	hugo_symbol	OR4S2	1
by_gender	male	hugo_symbol	OR51A2	1
by_gender	male	hugo_symbol	OR51A7	1
by_gender	male	hugo_symbol	OR51F2	1
by_gender	male	hugo_symbol	OR51I2	1
by_gender	male	hugo_symbol	OR52D1	1
by_gender	male	hugo_symbol	OR52K2	1
by_gender	male	hugo_symbol	OR5A1	1
by_gender	male	hugo_symbol	OR5B17	1
by_gender	male	hugo_symbol	OR5H1	1
by_gender	male	hugo_symbol	OR5K3	1
by_gender	male	hugo_symbol	OR5L2	1
by_gender	male	hugo_symbol	OR5M1	1
by_gender	male	hugo_symbol	OR5M8	1
by_gender	male	hugo_symbol	OR6C6	2
by_gender	male	hugo_symbol	OR6K3	1
by_gender	male	hugo_symbol	OR6Y1	1
by_gender	male	hugo_symbol	OR8B12	2
by_gender	male	hugo_symbol	OR8B8	1
by_gender	male	hugo_symbol	OR8G2P	1
by_gender	male	hugo_symbol	OR8G5	1
by_gender	male	hugo_symbol	OR8H2	1
by_gender	male	hugo_symbol	OR8J3	1
by_gender	male	hugo_symbol	OR9Q2	1
by_gender	male	hugo_symbol	ORC3	1
by_gender	male	hugo_symbol	OSBPL10	1
by_gender	male	hugo_symbol	OSBPL5	2
by_gender	male	hugo_symbol	OSBPL6	1
by_gender	male	hugo_symbol	OSBPL7	1
by_gender	male	hugo_symbol	OSGIN1	1
by_gender	male	hugo_symbol	OSTF1	1
by_gender	male	hugo_symbol	OTOF	3
by_gender	male	hugo_symbol	OTOGL	1
by_gender	male	hugo_symbol	OTUD6B	1
by_gender	male	hugo_symbol	OTUD7B	1
by_gender	male	hugo_symbol	OXCT2	1
by_gender	male	hugo_symbol	OXNAD1	1
by_gender	male	hugo_symbol	OXR1	1
by_gender	male	hugo_symbol	OXSM	1
by_gender	male	hugo_symbol	P2RY6	1
by_gender	male	hugo_symbol	P2RY8	1
by_gender	male	hugo_symbol	P4HA1	2
by_gender	male	hugo_symbol	PABPC5	1
by_gender	male	hugo_symbol	PACRG	1
by_gender	male	hugo_symbol	PACS2	1
by_gender	male	hugo_symbol	PACSIN1	1
by_gender	male	hugo_symbol	PAGE1	1
by_gender	male	hugo_symbol	PALD1	1
by_gender	male	hugo_symbol	PAMR1	1
by_gender	male	hugo_symbol	PANX1	1
by_gender	male	hugo_symbol	PAPLN	1
by_gender	male	hugo_symbol	PAPOLB	1
by_gender	male	hugo_symbol	PAPPA	1
by_gender	male	hugo_symbol	PAPPA2	2
by_gender	male	hugo_symbol	PAPSS2	1
by_gender	male	hugo_symbol	PAQR3	1
by_gender	male	hugo_symbol	PAQR6	1
by_gender	male	hugo_symbol	PAQR9	1
by_gender	male	hugo_symbol	PARD6A	1
by_gender	male	hugo_symbol	PARP12	1
by_gender	male	hugo_symbol	PARP15	1
by_gender	male	hugo_symbol	PASK	1
by_gender	male	hugo_symbol	PATJ	1
by_gender	male	hugo_symbol	PAWR	1
by_gender	male	hugo_symbol	PAX9	1
by_gender	male	hugo_symbol	PAXBP1	1
by_gender	male	hugo_symbol	PBK	1
by_gender	male	hugo_symbol	PBRM1	2
by_gender	male	hugo_symbol	PCARE	1
by_gender	male	hugo_symbol	PCBP3	1
by_gender	male	hugo_symbol	PCDH11X	1
by_gender	male	hugo_symbol	PCDH11Y	1
by_gender	male	hugo_symbol	PCDH12	2
by_gender	male	hugo_symbol	PCDH15	5
by_gender	male	hugo_symbol	PCDH17	1
by_gender	male	hugo_symbol	PCDH18	1
by_gender	male	hugo_symbol	PCDH9	3
by_gender	male	hugo_symbol	PCDHA1	1
by_gender	male	hugo_symbol	PCDHA11	1
by_gender	male	hugo_symbol	PCDHA2	2
by_gender	male	hugo_symbol	PCDHA3	1
by_gender	male	hugo_symbol	PCDHA7	2
by_gender	male	hugo_symbol	PCDHA8	1
by_gender	male	hugo_symbol	PCDHA9	1
by_gender	male	hugo_symbol	PCDHB13	2
by_gender	male	hugo_symbol	PCDHB14	1
by_gender	male	hugo_symbol	PCDHB2	2
by_gender	male	hugo_symbol	PCDHB3	2
by_gender	male	hugo_symbol	PCDHB5	1
by_gender	male	hugo_symbol	PCDHB6	1
by_gender	male	hugo_symbol	PCDHB7	3
by_gender	male	hugo_symbol	PCDHB8	1
by_gender	male	hugo_symbol	PCDHGA2	2
by_gender	male	hugo_symbol	PCDHGA5	1
by_gender	male	hugo_symbol	PCDHGA6	2
by_gender	male	hugo_symbol	PCDHGB1	2
by_gender	male	hugo_symbol	PCDHGB4	1
by_gender	male	hugo_symbol	PCDHGB7	2
by_gender	male	hugo_symbol	PCDHGC5	1
by_gender	male	hugo_symbol	PCNA	1
by_gender	male	hugo_symbol	PCNX1	1
by_gender	male	hugo_symbol	PCOLCE	1
by_gender	male	hugo_symbol	PCSK2	1
by_gender	male	hugo_symbol	PCYT2	1
by_gender	male	hugo_symbol	PDAP1	1
by_gender	male	hugo_symbol	PDC	1
by_gender	male	hugo_symbol	PDCD11	2
by_gender	male	hugo_symbol	PDCD2L	1
by_gender	male	hugo_symbol	PDE10A	2
by_gender	male	hugo_symbol	PDE3A	4
by_gender	male	hugo_symbol	PDE8B	1
by_gender	male	hugo_symbol	PDGFC	1
by_gender	male	hugo_symbol	PDYN	1
by_gender	male	hugo_symbol	PDZRN3	2
by_gender	male	hugo_symbol	PDZRN4	1
by_gender	male	hugo_symbol	PEAK1	1
by_gender	male	hugo_symbol	PEG10	1
by_gender	male	hugo_symbol	PEG3	1
by_gender	male	hugo_symbol	PER1	1
by_gender	male	hugo_symbol	PES1	1
by_gender	male	hugo_symbol	PEX16	1
by_gender	male	hugo_symbol	PEX5L	1
by_gender	male	hugo_symbol	PFAS	1
by_gender	male	hugo_symbol	PFKFB4	2
by_gender	male	hugo_symbol	PFKP	1
by_gender	male	hugo_symbol	PGAP2	1
by_gender	male	hugo_symbol	PGBD5	1
by_gender	male	hugo_symbol	PGGT1B	1
by_gender	male	hugo_symbol	PGM2	1
by_gender	male	hugo_symbol	PHACTR1	2
by_gender	male	hugo_symbol	PHACTR3	1
by_gender	male	hugo_symbol	PHB	1
by_gender	male	hugo_symbol	PHEX	1
by_gender	male	hugo_symbol	PHF24	1
by_gender	male	hugo_symbol	PHF3	1
by_gender	male	hugo_symbol	PHIP	1
by_gender	male	hugo_symbol	PHKB	1
by_gender	male	hugo_symbol	PHLDB2	1
by_gender	male	hugo_symbol	PHLPP1	1
by_gender	male	hugo_symbol	PHOSPHO1	1
by_gender	male	hugo_symbol	PHYKPL	1
by_gender	male	hugo_symbol	PI4KB	1
by_gender	male	hugo_symbol	PIAS4	1
by_gender	male	hugo_symbol	PIF1	1
by_gender	male	hugo_symbol	PIGO	2
by_gender	male	hugo_symbol	PIK3CA	3
by_gender	male	hugo_symbol	PIK3CG	2
by_gender	male	hugo_symbol	PIKFYVE	1
by_gender	male	hugo_symbol	PIP4K2A	1
by_gender	male	hugo_symbol	PITPNM2	1
by_gender	male	hugo_symbol	PITRM1	1
by_gender	male	hugo_symbol	PIWIL1	1
by_gender	male	hugo_symbol	PIWIL3	1
by_gender	male	hugo_symbol	PKD1	1
by_gender	male	hugo_symbol	PKD1L2	1
by_gender	male	hugo_symbol	PKD2	1
by_gender	male	hugo_symbol	PKDCC	1
by_gender	male	hugo_symbol	PKHD1	3
by_gender	male	hugo_symbol	PKN1	1
by_gender	male	hugo_symbol	PKNOX2	1
by_gender	male	hugo_symbol	PKP2	1
by_gender	male	hugo_symbol	PLAAT4	1
by_gender	male	hugo_symbol	PLAAT5	1
by_gender	male	hugo_symbol	PLB1	1
by_gender	male	hugo_symbol	PLCB3	1
by_gender	male	hugo_symbol	PLCE1	2
by_gender	male	hugo_symbol	PLCG2	1
by_gender	male	hugo_symbol	PLD3	1
by_gender	male	hugo_symbol	PLD5	2
by_gender	male	hugo_symbol	PLEC	2
by_gender	male	hugo_symbol	PLEK	1
by_gender	male	hugo_symbol	PLEKHA4	1
by_gender	male	hugo_symbol	PLEKHA5	1
by_gender	male	hugo_symbol	PLEKHA8	1
by_gender	male	hugo_symbol	PLEKHA8P1	1
by_gender	male	hugo_symbol	PLEKHG1	1
by_gender	male	hugo_symbol	PLEKHG2	1
by_gender	male	hugo_symbol	PLEKHH1	1
by_gender	male	hugo_symbol	PLEKHH2	2
by_gender	male	hugo_symbol	PLPP4	1
by_gender	male	hugo_symbol	PLPPR5	1
by_gender	male	hugo_symbol	PLS1	1
by_gender	male	hugo_symbol	PLXDC2	1
by_gender	male	hugo_symbol	PLXNA2	1
by_gender	male	hugo_symbol	PLXNB1	2
by_gender	male	hugo_symbol	PMEPA1	3
by_gender	male	hugo_symbol	PNMA5	1
by_gender	male	hugo_symbol	PNPLA7	1
by_gender	male	hugo_symbol	PODN	1
by_gender	male	hugo_symbol	POGLUT3	1
by_gender	male	hugo_symbol	POLA1	1
by_gender	male	hugo_symbol	POLE	1
by_gender	male	hugo_symbol	POLR1B	1
by_gender	male	hugo_symbol	POLR2B	1
by_gender	male	hugo_symbol	POLR2G	1
by_gender	male	hugo_symbol	POM121L12	3
by_gender	male	hugo_symbol	POMC	1
by_gender	male	hugo_symbol	POTEE	2
by_gender	male	hugo_symbol	POU4F3	1
by_gender	male	hugo_symbol	PPARGC1B	1
by_gender	male	hugo_symbol	PPFIA2	1
by_gender	male	hugo_symbol	PPIL1	1
by_gender	male	hugo_symbol	PPIL2	1
by_gender	male	hugo_symbol	PPM1G	1
by_gender	male	hugo_symbol	PPOX	1
by_gender	male	hugo_symbol	PPP1R16B	1
by_gender	male	hugo_symbol	PPP1R1B	1
by_gender	male	hugo_symbol	PPP1R3A	2
by_gender	male	hugo_symbol	PPP1R9A	1
by_gender	male	hugo_symbol	PPP1R9B	1
by_gender	male	hugo_symbol	PPP2CA	1
by_gender	male	hugo_symbol	PPP2R1A	1
by_gender	male	hugo_symbol	PPP2R1B	2
by_gender	male	hugo_symbol	PPP2R3A	1
by_gender	male	hugo_symbol	PPP4R2	1
by_gender	male	hugo_symbol	PRAM1	1
by_gender	male	hugo_symbol	PRAMEF17	1
by_gender	male	hugo_symbol	PRAMEF19	2
by_gender	male	hugo_symbol	PRAMEF4	1
by_gender	male	hugo_symbol	PRB1	1
by_gender	male	hugo_symbol	PRC1	1
by_gender	male	hugo_symbol	PRDM13	1
by_gender	male	hugo_symbol	PRDM16	1
by_gender	male	hugo_symbol	PRDM5	1
by_gender	male	hugo_symbol	PRELID3B	1
by_gender	male	hugo_symbol	PREX1	2
by_gender	male	hugo_symbol	PREX2	1
by_gender	male	hugo_symbol	PRG4	1
by_gender	male	hugo_symbol	PRICKLE1	1
by_gender	male	hugo_symbol	PRICKLE2	1
by_gender	male	hugo_symbol	PRIMA1	1
by_gender	male	hugo_symbol	PRKACB	1
by_gender	male	hugo_symbol	PRKCH	1
by_gender	male	hugo_symbol	PRKD1	1
by_gender	male	hugo_symbol	PRL	2
by_gender	male	hugo_symbol	PRODH2	2
by_gender	male	hugo_symbol	PROKR1	1
by_gender	male	hugo_symbol	PROM2	1
by_gender	male	hugo_symbol	PROP1	1
by_gender	male	hugo_symbol	PROSER3	1
by_gender	male	hugo_symbol	PROZ	1
by_gender	male	hugo_symbol	PRPF8	1
by_gender	male	hugo_symbol	PRPS1L1	1
by_gender	male	hugo_symbol	PRR12	1
by_gender	male	hugo_symbol	PRR16	1
by_gender	male	hugo_symbol	PRR22	1
by_gender	male	hugo_symbol	PRR27	1
by_gender	male	hugo_symbol	PRR5L	2
by_gender	male	hugo_symbol	PRRX1	1
by_gender	male	hugo_symbol	PRRX2	1
by_gender	male	hugo_symbol	PRSS1	1
by_gender	male	hugo_symbol	PRSS23	1
by_gender	male	hugo_symbol	PRSS35	1
by_gender	male	hugo_symbol	PRSS38	1
by_gender	male	hugo_symbol	PRTFDC1	1
by_gender	male	hugo_symbol	PRX	1
by_gender	male	hugo_symbol	PSD	3
by_gender	male	hugo_symbol	PSG7	3
by_gender	male	hugo_symbol	PSG8	1
by_gender	male	hugo_symbol	PSME4	2
by_gender	male	hugo_symbol	PSMG3	1
by_gender	male	hugo_symbol	PTCH1	1
by_gender	male	hugo_symbol	PTCH2	1
by_gender	male	hugo_symbol	PTCHD3	1
by_gender	male	hugo_symbol	PTDSS1	2
by_gender	male	hugo_symbol	PTDSS2	1
by_gender	male	hugo_symbol	PTGES	1
by_gender	male	hugo_symbol	PTGIS	1
by_gender	male	hugo_symbol	PTHLH	1
by_gender	male	hugo_symbol	PTP4A2	1
by_gender	male	hugo_symbol	PTPDC1	1
by_gender	male	hugo_symbol	PTPN12	2
by_gender	male	hugo_symbol	PTPN13	2
by_gender	male	hugo_symbol	PTPN14	1
by_gender	male	hugo_symbol	PTPN23	1
by_gender	male	hugo_symbol	PTPN5	1
by_gender	male	hugo_symbol	PTPRE	3
by_gender	male	hugo_symbol	PTPRF	1
by_gender	male	hugo_symbol	PTPRG	1
by_gender	male	hugo_symbol	PTPRH	1
by_gender	male	hugo_symbol	PTPRN2	1
by_gender	male	hugo_symbol	PTPRS	1
by_gender	male	hugo_symbol	PTX4	1
by_gender	male	hugo_symbol	PUM2	1
by_gender	male	hugo_symbol	PUS3	1
by_gender	male	hugo_symbol	PUSL1	1
by_gender	male	hugo_symbol	PWP1	1
by_gender	male	hugo_symbol	PXDN	1
by_gender	male	hugo_symbol	PXDNL	1
by_gender	male	hugo_symbol	PXK	1
by_gender	male	hugo_symbol	PXT1	1
by_gender	male	hugo_symbol	QARS1	1
by_gender	male	hugo_symbol	QPCT	1
by_gender	male	hugo_symbol	QRICH2	2
by_gender	male	hugo_symbol	RAB12	1
by_gender	male	hugo_symbol	RAB25	1
by_gender	male	hugo_symbol	RAB3GAP2	1
by_gender	male	hugo_symbol	RAB40B	1
by_gender	male	hugo_symbol	RAB6B	1
by_gender	male	hugo_symbol	RAD23B	1
by_gender	male	hugo_symbol	RAD51AP1	1
by_gender	male	hugo_symbol	RAG1	3
by_gender	male	hugo_symbol	RALYL	1
by_gender	male	hugo_symbol	RANBP3	1
by_gender	male	hugo_symbol	RANBP9	1
by_gender	male	hugo_symbol	RAPGEF2	1
by_gender	male	hugo_symbol	RARB	1
by_gender	male	hugo_symbol	RARS2	1
by_gender	male	hugo_symbol	RASAL3	1
by_gender	male	hugo_symbol	RASGEF1C	1
by_gender	male	hugo_symbol	RASGRF2	1
by_gender	male	hugo_symbol	RASSF2	1
by_gender	male	hugo_symbol	RAVER1	1
by_gender	male	hugo_symbol	RAX2	1
by_gender	male	hugo_symbol	RBBP6	1
by_gender	male	hugo_symbol	RBBP8	1
by_gender	male	hugo_symbol	RBFOX1	1
by_gender	male	hugo_symbol	RBM10	1
by_gender	male	hugo_symbol	RBM15	1
by_gender	male	hugo_symbol	RBM27	2
by_gender	male	hugo_symbol	RBM45	1
by_gender	male	hugo_symbol	RBM5	1
by_gender	male	hugo_symbol	RBM6	1
by_gender	male	hugo_symbol	RBMXL2	1
by_gender	male	hugo_symbol	RBP3	1
by_gender	male	hugo_symbol	RCAN3	1
by_gender	male	hugo_symbol	RCC1L	1
by_gender	male	hugo_symbol	RCOR2	1
by_gender	male	hugo_symbol	RDH5	1
by_gender	male	hugo_symbol	RECK	1
by_gender	male	hugo_symbol	RECQL5	1
by_gender	male	hugo_symbol	RELCH	1
by_gender	male	hugo_symbol	RELN	2
by_gender	male	hugo_symbol	RFPL1	1
by_gender	male	hugo_symbol	RFTN2	1
by_gender	male	hugo_symbol	RFX3	1
by_gender	male	hugo_symbol	RFX7	1
by_gender	male	hugo_symbol	RGMA	1
by_gender	male	hugo_symbol	RGPD2	1
by_gender	male	hugo_symbol	RGS2	1
by_gender	male	hugo_symbol	RGS22	1
by_gender	male	hugo_symbol	RHBDF1	1
by_gender	male	hugo_symbol	RHOBTB2	1
by_gender	male	hugo_symbol	RICTOR	1
by_gender	male	hugo_symbol	RIMBP3	1
by_gender	male	hugo_symbol	RIMS1	1
by_gender	male	hugo_symbol	RIMS2	5
by_gender	male	hugo_symbol	RIMS4	1
by_gender	male	hugo_symbol	RIN2	2
by_gender	male	hugo_symbol	RING1	1
by_gender	male	hugo_symbol	RINT1	1
by_gender	male	hugo_symbol	RIOX1	1
by_gender	male	hugo_symbol	RIPOR1	1
by_gender	male	hugo_symbol	RMDN3	1
by_gender	male	hugo_symbol	RMND5B	1
by_gender	male	hugo_symbol	RND1	1
by_gender	male	hugo_symbol	RNF111	1
by_gender	male	hugo_symbol	RNF114	1
by_gender	male	hugo_symbol	RNF135	1
by_gender	male	hugo_symbol	RNF165	1
by_gender	male	hugo_symbol	RNF180	1
by_gender	male	hugo_symbol	RNF213	4
by_gender	male	hugo_symbol	RNF38	2
by_gender	male	hugo_symbol	RNF40	1
by_gender	male	hugo_symbol	RNF43	7
by_gender	male	hugo_symbol	ROBO1	1
by_gender	male	hugo_symbol	ROBO2	2
by_gender	male	hugo_symbol	ROBO3	2
by_gender	male	hugo_symbol	ROCK1	3
by_gender	male	hugo_symbol	RORB	1
by_gender	male	hugo_symbol	RORC	1
by_gender	male	hugo_symbol	RP1	3
by_gender	male	hugo_symbol	RP1L1	2
by_gender	male	hugo_symbol	RPL10L	1
by_gender	male	hugo_symbol	RPL14	1
by_gender	male	hugo_symbol	RPL15	1
by_gender	male	hugo_symbol	RPP40	1
by_gender	male	hugo_symbol	RPS6KA2	1
by_gender	male	hugo_symbol	RPS6KA6	1
by_gender	male	hugo_symbol	RPTOR	1
by_gender	male	hugo_symbol	RREB1	4
by_gender	male	hugo_symbol	RRM1	1
by_gender	male	hugo_symbol	RRP8	1
by_gender	male	hugo_symbol	RSBN1L	1
by_gender	male	hugo_symbol	RSPO4	1
by_gender	male	hugo_symbol	RSRC2	2
by_gender	male	hugo_symbol	RSU1	1
by_gender	male	hugo_symbol	RTKN2	2
by_gender	male	hugo_symbol	RTN1	1
by_gender	male	hugo_symbol	RTN4	1
by_gender	male	hugo_symbol	RTN4RL1	1
by_gender	male	hugo_symbol	RUBCNL	1
by_gender	male	hugo_symbol	RXRA	1
by_gender	male	hugo_symbol	RYBP	1
by_gender	male	hugo_symbol	RYR1	7
by_gender	male	hugo_symbol	RYR2	2
by_gender	male	hugo_symbol	RYR3	2
by_gender	male	hugo_symbol	S100A3	1
by_gender	male	hugo_symbol	S1PR1	1
by_gender	male	hugo_symbol	SAC3D1	1
by_gender	male	hugo_symbol	SACS	1
by_gender	male	hugo_symbol	SAFB	1
by_gender	male	hugo_symbol	SAMD15	2
by_gender	male	hugo_symbol	SAMD7	1
by_gender	male	hugo_symbol	SAMM50	1
by_gender	male	hugo_symbol	SARDH	1
by_gender	male	hugo_symbol	SBF2	1
by_gender	male	hugo_symbol	SBNO2	1
by_gender	male	hugo_symbol	SCAF1	1
by_gender	male	hugo_symbol	SCAF11	1
by_gender	male	hugo_symbol	SCG2	1
by_gender	male	hugo_symbol	SCN11A	1
by_gender	male	hugo_symbol	SCN1A	2
by_gender	male	hugo_symbol	SCN3A	1
by_gender	male	hugo_symbol	SCN5A	3
by_gender	male	hugo_symbol	SCN7A	1
by_gender	male	hugo_symbol	SCN8A	2
by_gender	male	hugo_symbol	SCN9A	2
by_gender	male	hugo_symbol	SCRIB	3
by_gender	male	hugo_symbol	SCUBE1	1
by_gender	male	hugo_symbol	SDCBP	1
by_gender	male	hugo_symbol	SDCCAG8	1
by_gender	male	hugo_symbol	SDK1	1
by_gender	male	hugo_symbol	SDK2	1
by_gender	male	hugo_symbol	SDR39U1	1
by_gender	male	hugo_symbol	SDR9C7	1
by_gender	male	hugo_symbol	SEC24C	1
by_gender	male	hugo_symbol	SEC31B	2
by_gender	male	hugo_symbol	SEC61B	1
by_gender	male	hugo_symbol	SEL1L2	1
by_gender	male	hugo_symbol	SEMA3A	1
by_gender	male	hugo_symbol	SEMA4G	1
by_gender	male	hugo_symbol	SEMA5A	1
by_gender	male	hugo_symbol	SEMA5B	1
by_gender	male	hugo_symbol	SEMA6D	1
by_gender	male	hugo_symbol	SEPTIN4	1
by_gender	male	hugo_symbol	SEPTIN7	1
by_gender	male	hugo_symbol	SERINC1	1
by_gender	male	hugo_symbol	SERPINA3	1
by_gender	male	hugo_symbol	SERPINA6	1
by_gender	male	hugo_symbol	SERPINA7	1
by_gender	male	hugo_symbol	SERPINB7	1
by_gender	male	hugo_symbol	SERPINI1	1
by_gender	male	hugo_symbol	SESN1	1
by_gender	male	hugo_symbol	SESTD1	1
by_gender	male	hugo_symbol	SETD2	1
by_gender	male	hugo_symbol	SETD5	1
by_gender	male	hugo_symbol	SEZ6L	2
by_gender	male	hugo_symbol	SF3B1	3
by_gender	male	hugo_symbol	SFXN4	1
by_gender	male	hugo_symbol	SGCD	1
by_gender	male	hugo_symbol	SGCG	1
by_gender	male	hugo_symbol	SGIP1	2
by_gender	male	hugo_symbol	SGSM1	2
by_gender	male	hugo_symbol	SH2D3C	1
by_gender	male	hugo_symbol	SH3TC2	1
by_gender	male	hugo_symbol	SHANK1	1
by_gender	male	hugo_symbol	SHARPIN	1
by_gender	male	hugo_symbol	SHC4	1
by_gender	male	hugo_symbol	SHKBP1	1
by_gender	male	hugo_symbol	SHROOM2	1
by_gender	male	hugo_symbol	SI	1
by_gender	male	hugo_symbol	SIAH2	1
by_gender	male	hugo_symbol	SIGIRR	1
by_gender	male	hugo_symbol	SIGLEC1	1
by_gender	male	hugo_symbol	SIGLEC5	1
by_gender	male	hugo_symbol	SIGLEC8	1
by_gender	male	hugo_symbol	SIGLECL1	1
by_gender	male	hugo_symbol	SIK3	1
by_gender	male	hugo_symbol	SIN3A	1
by_gender	male	hugo_symbol	SIRPB1	1
by_gender	male	hugo_symbol	SKOR1	1
by_gender	male	hugo_symbol	SKP2	1
by_gender	male	hugo_symbol	SLAIN2	1
by_gender	male	hugo_symbol	SLC10A6	1
by_gender	male	hugo_symbol	SLC11A1	2
by_gender	male	hugo_symbol	SLC12A2	2
by_gender	male	hugo_symbol	SLC12A3	1
by_gender	male	hugo_symbol	SLC12A7	1
by_gender	male	hugo_symbol	SLC12A9	1
by_gender	male	hugo_symbol	SLC15A1	1
by_gender	male	hugo_symbol	SLC16A10	2
by_gender	male	hugo_symbol	SLC16A3	1
by_gender	male	hugo_symbol	SLC17A6	1
by_gender	male	hugo_symbol	SLC18A2	1
by_gender	male	hugo_symbol	SLC19A1	1
by_gender	male	hugo_symbol	SLC1A3	1
by_gender	male	hugo_symbol	SLC22A11	1
by_gender	male	hugo_symbol	SLC24A2	1
by_gender	male	hugo_symbol	SLC25A13	1
by_gender	male	hugo_symbol	SLC25A36	2
by_gender	male	hugo_symbol	SLC26A1	1
by_gender	male	hugo_symbol	SLC27A3	1
by_gender	male	hugo_symbol	SLC2A10	1
by_gender	male	hugo_symbol	SLC2A13	1
by_gender	male	hugo_symbol	SLC30A1	1
by_gender	male	hugo_symbol	SLC30A8	1
by_gender	male	hugo_symbol	SLC35A2	1
by_gender	male	hugo_symbol	SLC3A1	1
by_gender	male	hugo_symbol	SLC3A2	2
by_gender	male	hugo_symbol	SLC41A3	1
by_gender	male	hugo_symbol	SLC45A4	2
by_gender	male	hugo_symbol	SLC49A3	1
by_gender	male	hugo_symbol	SLC4A3	1
by_gender	male	hugo_symbol	SLC6A15	1
by_gender	male	hugo_symbol	SLC6A17	1
by_gender	male	hugo_symbol	SLC6A2	1
by_gender	male	hugo_symbol	SLC6A3	1
by_gender	male	hugo_symbol	SLC6A4	1
by_gender	male	hugo_symbol	SLC7A7	1
by_gender	male	hugo_symbol	SLC8A2	2
by_gender	male	hugo_symbol	SLC8A3	2
by_gender	male	hugo_symbol	SLC9A3	1
by_gender	male	hugo_symbol	SLC9A3R2	1
by_gender	male	hugo_symbol	SLC9A9	2
by_gender	male	hugo_symbol	SLC9C2	1
by_gender	male	hugo_symbol	SLCO3A1	1
by_gender	male	hugo_symbol	SLCO4C1	1
by_gender	male	hugo_symbol	SLCO5A1	1
by_gender	male	hugo_symbol	SLF2	1
by_gender	male	hugo_symbol	SLIT1	1
by_gender	male	hugo_symbol	SLIT2	1
by_gender	male	hugo_symbol	SLIT3	2
by_gender	male	hugo_symbol	SLITRK2	1
by_gender	male	hugo_symbol	SLITRK3	1
by_gender	male	hugo_symbol	SLTM	1
by_gender	male	hugo_symbol	SMAD2	1
by_gender	male	hugo_symbol	SMAD3	1
by_gender	male	hugo_symbol	SMAD4	20
by_gender	male	hugo_symbol	SMARCA1	1
by_gender	male	hugo_symbol	SMARCE1	2
by_gender	male	hugo_symbol	SMC2	1
by_gender	male	hugo_symbol	SMCHD1	1
by_gender	male	hugo_symbol	SMG9	1
by_gender	male	hugo_symbol	SNAP25	2
by_gender	male	hugo_symbol	SNAP47	2
by_gender	male	hugo_symbol	SNORD109A	1
by_gender	male	hugo_symbol	SNPH	1
by_gender	male	hugo_symbol	SNRPE	1
by_gender	male	hugo_symbol	SNTG1	1
by_gender	male	hugo_symbol	SNX2	1
by_gender	male	hugo_symbol	SNX24	1
by_gender	male	hugo_symbol	SNX27	1
by_gender	male	hugo_symbol	SNX6	1
by_gender	male	hugo_symbol	SNX7	1
by_gender	male	hugo_symbol	SOCS5	1
by_gender	male	hugo_symbol	SON	2
by_gender	male	hugo_symbol	SORCS1	2
by_gender	male	hugo_symbol	SORCS2	2
by_gender	male	hugo_symbol	SORCS3	1
by_gender	male	hugo_symbol	SORT1	1
by_gender	male	hugo_symbol	SOX10	1
by_gender	male	hugo_symbol	SOX14	1
by_gender	male	hugo_symbol	SOX17	1
by_gender	male	hugo_symbol	SOX5	1
by_gender	male	hugo_symbol	SOX8	1
by_gender	male	hugo_symbol	SP100	1
by_gender	male	hugo_symbol	SP140	1
by_gender	male	hugo_symbol	SPACA7	1
by_gender	male	hugo_symbol	SPAG16	1
by_gender	male	hugo_symbol	SPAG17	1
by_gender	male	hugo_symbol	SPANXD	1
by_gender	male	hugo_symbol	SPART	1
by_gender	male	hugo_symbol	SPATA1	1
by_gender	male	hugo_symbol	SPATA16	1
by_gender	male	hugo_symbol	SPATA18	1
by_gender	male	hugo_symbol	SPATA20	1
by_gender	male	hugo_symbol	SPATA31D1	1
by_gender	male	hugo_symbol	SPATC1L	1
by_gender	male	hugo_symbol	SPDYE1	1
by_gender	male	hugo_symbol	SPECC1L	1
by_gender	male	hugo_symbol	SPEF2	2
by_gender	male	hugo_symbol	SPEN	1
by_gender	male	hugo_symbol	SPG11	1
by_gender	male	hugo_symbol	SPG7	2
by_gender	male	hugo_symbol	SPHKAP	1
by_gender	male	hugo_symbol	SPINK2	1
by_gender	male	hugo_symbol	SPINK5	1
by_gender	male	hugo_symbol	SPOCK1	1
by_gender	male	hugo_symbol	SPSB4	1
by_gender	male	hugo_symbol	SPTA1	2
by_gender	male	hugo_symbol	SPTB	1
by_gender	male	hugo_symbol	SPTBN1	1
by_gender	male	hugo_symbol	SPTBN5	1
by_gender	male	hugo_symbol	SPZ1	1
by_gender	male	hugo_symbol	SQSTM1	1
by_gender	male	hugo_symbol	SRFBP1	2
by_gender	male	hugo_symbol	SRGAP3	1
by_gender	male	hugo_symbol	SRMS	1
by_gender	male	hugo_symbol	SRP72	1
by_gender	male	hugo_symbol	SRP9	1
by_gender	male	hugo_symbol	SRPK1	1
by_gender	male	hugo_symbol	SRPK3	1
by_gender	male	hugo_symbol	SRPX2	1
by_gender	male	hugo_symbol	SRRM4	1
by_gender	male	hugo_symbol	SSH3	1
by_gender	male	hugo_symbol	SSPOP	1
by_gender	male	hugo_symbol	SST	1
by_gender	male	hugo_symbol	SSUH2	1
by_gender	male	hugo_symbol	SSX2IP	1
by_gender	male	hugo_symbol	ST6GAL2	1
by_gender	male	hugo_symbol	ST6GALNAC3	1
by_gender	male	hugo_symbol	ST6GALNAC5	1
by_gender	male	hugo_symbol	ST8SIA5	1
by_gender	male	hugo_symbol	STAB1	1
by_gender	male	hugo_symbol	STAC	1
by_gender	male	hugo_symbol	STAG3L4	1
by_gender	male	hugo_symbol	STAT1	1
by_gender	male	hugo_symbol	STAU2	1
by_gender	male	hugo_symbol	STC2	1
by_gender	male	hugo_symbol	STEAP4	1
by_gender	male	hugo_symbol	STIL	1
by_gender	male	hugo_symbol	STK11	1
by_gender	male	hugo_symbol	STK31	1
by_gender	male	hugo_symbol	STOX2	2
by_gender	male	hugo_symbol	STPG3	1
by_gender	male	hugo_symbol	STRAP	1
by_gender	male	hugo_symbol	STRIP2	1
by_gender	male	hugo_symbol	STS	2
by_gender	male	hugo_symbol	STX11	1
by_gender	male	hugo_symbol	STXBP1	1
by_gender	male	hugo_symbol	STXBP5	1
by_gender	male	hugo_symbol	STYXL2	1
by_gender	male	hugo_symbol	SUGT1	1
by_gender	male	hugo_symbol	SUN1	1
by_gender	male	hugo_symbol	SUPT20HL1	2
by_gender	male	hugo_symbol	SURF4	1
by_gender	male	hugo_symbol	SV2A	1
by_gender	male	hugo_symbol	SVEP1	1
by_gender	male	hugo_symbol	SVIL	1
by_gender	male	hugo_symbol	SYCP1	1
by_gender	male	hugo_symbol	SYNE1	1
by_gender	male	hugo_symbol	SYNE2	2
by_gender	male	hugo_symbol	SYNPO2L	1
by_gender	male	hugo_symbol	SYT3	1
by_gender	male	hugo_symbol	SYT4	1
by_gender	male	hugo_symbol	SZT2	1
by_gender	male	hugo_symbol	TAF1	1
by_gender	male	hugo_symbol	TAF2	1
by_gender	male	hugo_symbol	TAF4	2
by_gender	male	hugo_symbol	TAFA2	1
by_gender	male	hugo_symbol	TAGLN2	1
by_gender	male	hugo_symbol	TANC1	1
by_gender	male	hugo_symbol	TANGO6	1
by_gender	male	hugo_symbol	TAOK2	1
by_gender	male	hugo_symbol	TAP1	1
by_gender	male	hugo_symbol	TARS1	1
by_gender	male	hugo_symbol	TARS3	1
by_gender	male	hugo_symbol	TAS2R4	1
by_gender	male	hugo_symbol	TAS2R8	1
by_gender	male	hugo_symbol	TASOR	1
by_gender	male	hugo_symbol	TASOR2	1
by_gender	male	hugo_symbol	TASP1	1
by_gender	male	hugo_symbol	TBC1D1	1
by_gender	male	hugo_symbol	TBC1D10A	1
by_gender	male	hugo_symbol	TBC1D16	1
by_gender	male	hugo_symbol	TBC1D17	1
by_gender	male	hugo_symbol	TBC1D2B	1
by_gender	male	hugo_symbol	TBC1D32	1
by_gender	male	hugo_symbol	TBC1D9	2
by_gender	male	hugo_symbol	TBCCD1	1
by_gender	male	hugo_symbol	TBL3	1
by_gender	male	hugo_symbol	TBX20	1
by_gender	male	hugo_symbol	TBX22	1
by_gender	male	hugo_symbol	TBX5	2
by_gender	male	hugo_symbol	TCF20	1
by_gender	male	hugo_symbol	TCF4	3
by_gender	male	hugo_symbol	TCF7	1
by_gender	male	hugo_symbol	TCF7L1	2
by_gender	male	hugo_symbol	TCN2	1
by_gender	male	hugo_symbol	TCP1	1
by_gender	male	hugo_symbol	TCTE1	1
by_gender	male	hugo_symbol	TDG	1
by_gender	male	hugo_symbol	TDP2	1
by_gender	male	hugo_symbol	TDRP	1
by_gender	male	hugo_symbol	TECPR1	1
by_gender	male	hugo_symbol	TECTA	1
by_gender	male	hugo_symbol	TEK	1
by_gender	male	hugo_symbol	TENM2	1
by_gender	male	hugo_symbol	TENM3	3
by_gender	male	hugo_symbol	TENM4	1
by_gender	male	hugo_symbol	TEX14	1
by_gender	male	hugo_symbol	TEX19	2
by_gender	male	hugo_symbol	TEX2	1
by_gender	male	hugo_symbol	TFAP2C	2
by_gender	male	hugo_symbol	TGFBR1	2
by_gender	male	hugo_symbol	TGFBR2	4
by_gender	male	hugo_symbol	TGM4	1
by_gender	male	hugo_symbol	TGS1	1
by_gender	male	hugo_symbol	THADA	1
by_gender	male	hugo_symbol	THAP12	1
by_gender	male	hugo_symbol	THAP2	1
by_gender	male	hugo_symbol	THBS1	1
by_gender	male	hugo_symbol	THBS4	1
by_gender	male	hugo_symbol	THRAP3	2
by_gender	male	hugo_symbol	THSD7B	2
by_gender	male	hugo_symbol	TIAM1	5
by_gender	male	hugo_symbol	TIAM2	1
by_gender	male	hugo_symbol	TICRR	1
by_gender	male	hugo_symbol	TIE1	1
by_gender	male	hugo_symbol	TIGD2	1
by_gender	male	hugo_symbol	TIGD5	1
by_gender	male	hugo_symbol	TIMELESS	1
by_gender	male	hugo_symbol	TIMM44	1
by_gender	male	hugo_symbol	TINF2	1
by_gender	male	hugo_symbol	TJP1	1
by_gender	male	hugo_symbol	TLL2	1
by_gender	male	hugo_symbol	TLN2	1
by_gender	male	hugo_symbol	TLNRD1	1
by_gender	male	hugo_symbol	TLR1	1
by_gender	male	hugo_symbol	TLR6	1
by_gender	male	hugo_symbol	TLR8	1
by_gender	male	hugo_symbol	TMC5	2
by_gender	male	hugo_symbol	TMC7	1
by_gender	male	hugo_symbol	TMCC2	1
by_gender	male	hugo_symbol	TMEM108	2
by_gender	male	hugo_symbol	TMEM116	1
by_gender	male	hugo_symbol	TMEM117	1
by_gender	male	hugo_symbol	TMEM131L	2
by_gender	male	hugo_symbol	TMEM132D	2
by_gender	male	hugo_symbol	TMEM151A	1
by_gender	male	hugo_symbol	TMEM178A	1
by_gender	male	hugo_symbol	TMEM18	1
by_gender	male	hugo_symbol	TMEM198	2
by_gender	male	hugo_symbol	TMEM199	1
by_gender	male	hugo_symbol	TMEM200C	1
by_gender	male	hugo_symbol	TMEM214	1
by_gender	male	hugo_symbol	TMEM26	2
by_gender	male	hugo_symbol	TMEM260	1
by_gender	male	hugo_symbol	TMEM30A	1
by_gender	male	hugo_symbol	TMEM37	1
by_gender	male	hugo_symbol	TMEM45B	1
by_gender	male	hugo_symbol	TMEM52	1
by_gender	male	hugo_symbol	TMEM87A	1
by_gender	male	hugo_symbol	TMPRSS11D	1
by_gender	male	hugo_symbol	TMPRSS11E	1
by_gender	male	hugo_symbol	TMTC3	1
by_gender	male	hugo_symbol	TMX1	1
by_gender	male	hugo_symbol	TNC	1
by_gender	male	hugo_symbol	TNFRSF10B	1
by_gender	male	hugo_symbol	TNFRSF11A	1
by_gender	male	hugo_symbol	TNIK	2
by_gender	male	hugo_symbol	TNKS1BP1	1
by_gender	male	hugo_symbol	TNNI3	1
by_gender	male	hugo_symbol	TNNI3K	1
by_gender	male	hugo_symbol	TNPO1	1
by_gender	male	hugo_symbol	TNPO2	1
by_gender	male	hugo_symbol	TNPO3	1
by_gender	male	hugo_symbol	TNR	2
by_gender	male	hugo_symbol	TNRC6B	1
by_gender	male	hugo_symbol	TNXB	7
by_gender	male	hugo_symbol	TOGARAM1	1
by_gender	male	hugo_symbol	TOMM22	1
by_gender	male	hugo_symbol	TOMM40L	2
by_gender	male	hugo_symbol	TONSL	1
by_gender	male	hugo_symbol	TOP2A	2
by_gender	male	hugo_symbol	TOP2B	2
by_gender	male	hugo_symbol	TOR1AIP1	1
by_gender	male	hugo_symbol	TOX2	1
by_gender	male	hugo_symbol	TP53	59
by_gender	male	hugo_symbol	TPCN1	1
by_gender	male	hugo_symbol	TPM1	1
by_gender	male	hugo_symbol	TPO	1
by_gender	male	hugo_symbol	TPP2	1
by_gender	male	hugo_symbol	TPSD1	1
by_gender	male	hugo_symbol	TPTE	1
by_gender	male	hugo_symbol	TRAK1	1
by_gender	male	hugo_symbol	TRAPPC10	1
by_gender	male	hugo_symbol	TRAT1	1
by_gender	male	hugo_symbol	TRAV17	1
by_gender	male	hugo_symbol	TRAV38-2DV8	1
by_gender	male	hugo_symbol	TRBV3-1	1
by_gender	male	hugo_symbol	TRDJ3	1
by_gender	male	hugo_symbol	TRDN	1
by_gender	male	hugo_symbol	TREX1	1
by_gender	male	hugo_symbol	TREX2	1
by_gender	male	hugo_symbol	TRGV5	1
by_gender	male	hugo_symbol	TRIM33	1
by_gender	male	hugo_symbol	TRIM37	1
by_gender	male	hugo_symbol	TRIM38	1
by_gender	male	hugo_symbol	TRIM42	3
by_gender	male	hugo_symbol	TRIM58	1
by_gender	male	hugo_symbol	TRIM67	1
by_gender	male	hugo_symbol	TRIML1	1
by_gender	male	hugo_symbol	TRIOBP	2
by_gender	male	hugo_symbol	TRIP12	2
by_gender	male	hugo_symbol	TRMT1	1
by_gender	male	hugo_symbol	TRMT13	1
by_gender	male	hugo_symbol	TROAP	1
by_gender	male	hugo_symbol	TRPA1	1
by_gender	male	hugo_symbol	TRPC3	1
by_gender	male	hugo_symbol	TRPC4	1
by_gender	male	hugo_symbol	TRPC6	2
by_gender	male	hugo_symbol	TRPM1	1
by_gender	male	hugo_symbol	TRPM2	1
by_gender	male	hugo_symbol	TRPM4	2
by_gender	male	hugo_symbol	TRPM6	2
by_gender	male	hugo_symbol	TRPS1	1
by_gender	male	hugo_symbol	TRPV3	1
by_gender	male	hugo_symbol	TSHZ2	2
by_gender	male	hugo_symbol	TSHZ3	2
by_gender	male	hugo_symbol	TSNARE1	1
by_gender	male	hugo_symbol	TSNAXIP1	1
by_gender	male	hugo_symbol	TTC13	1
by_gender	male	hugo_symbol	TTC19	1
by_gender	male	hugo_symbol	TTI1	1
by_gender	male	hugo_symbol	TTLL8	1
by_gender	male	hugo_symbol	TTN	20
by_gender	male	hugo_symbol	TUBA1A	1
by_gender	male	hugo_symbol	TUBA3C	1
by_gender	male	hugo_symbol	TUBA8	1
by_gender	male	hugo_symbol	TULP4	1
by_gender	male	hugo_symbol	TUT4	1
by_gender	male	hugo_symbol	TWNK	1
by_gender	male	hugo_symbol	TXK	1
by_gender	male	hugo_symbol	TYR	1
by_gender	male	hugo_symbol	TYRP1	1
by_gender	male	hugo_symbol	TYSND1	1
by_gender	male	hugo_symbol	UBA2	1
by_gender	male	hugo_symbol	UBA7	2
by_gender	male	hugo_symbol	UBASH3B	3
by_gender	male	hugo_symbol	UBB	1
by_gender	male	hugo_symbol	UBC	1
by_gender	male	hugo_symbol	UBE2Q1	1
by_gender	male	hugo_symbol	UBN2	1
by_gender	male	hugo_symbol	UBQLN2	1
by_gender	male	hugo_symbol	UBQLN3	1
by_gender	male	hugo_symbol	UBR2	1
by_gender	male	hugo_symbol	UBR3	1
by_gender	male	hugo_symbol	UBR4	1
by_gender	male	hugo_symbol	UBTFL2	1
by_gender	male	hugo_symbol	UFSP2	1
by_gender	male	hugo_symbol	UGP2	2
by_gender	male	hugo_symbol	UGT1A4	1
by_gender	male	hugo_symbol	UGT3A2	1
by_gender	male	hugo_symbol	ULK1	1
by_gender	male	hugo_symbol	UMODL1	1
by_gender	male	hugo_symbol	UNC13C	2
by_gender	male	hugo_symbol	UNC50	1
by_gender	male	hugo_symbol	UNC5D	1
by_gender	male	hugo_symbol	UNC79	1
by_gender	male	hugo_symbol	UNC80	1
by_gender	male	hugo_symbol	UQCRC2	1
by_gender	male	hugo_symbol	URI1	1
by_gender	male	hugo_symbol	USH2A	3
by_gender	male	hugo_symbol	USP10	2
by_gender	male	hugo_symbol	USP34	1
by_gender	male	hugo_symbol	USP37	1
by_gender	male	hugo_symbol	USP39	1
by_gender	male	hugo_symbol	USP44	1
by_gender	male	hugo_symbol	USP5	1
by_gender	male	hugo_symbol	UTRN	1
by_gender	male	hugo_symbol	UVRAG	1
by_gender	male	hugo_symbol	UXS1	1
by_gender	male	hugo_symbol	VARS1	1
by_gender	male	hugo_symbol	VAV1	1
by_gender	male	hugo_symbol	VCAN	2
by_gender	male	hugo_symbol	VCL	1
by_gender	male	hugo_symbol	VDAC2	1
by_gender	male	hugo_symbol	VLDLR	1
by_gender	male	hugo_symbol	VPS13A	1
by_gender	male	hugo_symbol	VPS13B	2
by_gender	male	hugo_symbol	VPS13D	2
by_gender	male	hugo_symbol	VPS18	1
by_gender	male	hugo_symbol	VPS25	1
by_gender	male	hugo_symbol	VPS33B	1
by_gender	male	hugo_symbol	VPS36	1
by_gender	male	hugo_symbol	VSTM4	1
by_gender	male	hugo_symbol	VTA1	1
by_gender	male	hugo_symbol	VWA5A	1
by_gender	male	hugo_symbol	VWA7	1
by_gender	male	hugo_symbol	VWA8	1
by_gender	male	hugo_symbol	Vault	1
by_gender	male	hugo_symbol	WAPL	1
by_gender	male	hugo_symbol	WASF3	1
by_gender	male	hugo_symbol	WASL	1
by_gender	male	hugo_symbol	WDR17	1
by_gender	male	hugo_symbol	WDR3	2
by_gender	male	hugo_symbol	WDR33	1
by_gender	male	hugo_symbol	WDR37	1
by_gender	male	hugo_symbol	WDR47	1
by_gender	male	hugo_symbol	WDR48	1
by_gender	male	hugo_symbol	WDR5	1
by_gender	male	hugo_symbol	WDR6	1
by_gender	male	hugo_symbol	WDR82	1
by_gender	male	hugo_symbol	WDR89	1
by_gender	male	hugo_symbol	WFIKKN2	1
by_gender	male	hugo_symbol	WLS	1
by_gender	male	hugo_symbol	WNK4	1
by_gender	male	hugo_symbol	WNT3A	2
by_gender	male	hugo_symbol	WNT7B	1
by_gender	male	hugo_symbol	WRN	1
by_gender	male	hugo_symbol	WTAP	2
by_gender	male	hugo_symbol	WWC3	1
by_gender	male	hugo_symbol	XIRP2	2
by_gender	male	hugo_symbol	XIST	1
by_gender	male	hugo_symbol	XKR4	1
by_gender	male	hugo_symbol	XPO7	1
by_gender	male	hugo_symbol	XXYLT1	1
by_gender	male	hugo_symbol	XYLT1	1
by_gender	male	hugo_symbol	YLPM1	1
by_gender	male	hugo_symbol	YWHAE	1
by_gender	male	hugo_symbol	ZAN	3
by_gender	male	hugo_symbol	ZAP70	1
by_gender	male	hugo_symbol	ZBED4	1
by_gender	male	hugo_symbol	ZBP1	1
by_gender	male	hugo_symbol	ZBTB17	1
by_gender	male	hugo_symbol	ZBTB38	1
by_gender	male	hugo_symbol	ZBTB4	1
by_gender	male	hugo_symbol	ZBTB47	1
by_gender	male	hugo_symbol	ZBTB7A	1
by_gender	male	hugo_symbol	ZC2HC1C	1
by_gender	male	hugo_symbol	ZC3H11A	1
by_gender	male	hugo_symbol	ZC3H12A	2
by_gender	male	hugo_symbol	ZDBF2	1
by_gender	male	hugo_symbol	ZDHHC4	1
by_gender	male	hugo_symbol	ZDHHC5	1
by_gender	male	hugo_symbol	ZEB1	1
by_gender	male	hugo_symbol	ZEB2	2
by_gender	male	hugo_symbol	ZFHX3	3
by_gender	male	hugo_symbol	ZFHX4	1
by_gender	male	hugo_symbol	ZFP42	1
by_gender	male	hugo_symbol	ZFP57	1
by_gender	male	hugo_symbol	ZFP91	1
by_gender	male	hugo_symbol	ZFPM2	2
by_gender	male	hugo_symbol	ZFYVE1	1
by_gender	male	hugo_symbol	ZHX1	1
by_gender	male	hugo_symbol	ZHX3	1
by_gender	male	hugo_symbol	ZIC1	1
by_gender	male	hugo_symbol	ZIC5	1
by_gender	male	hugo_symbol	ZKSCAN2	1
by_gender	male	hugo_symbol	ZMAT4	1
by_gender	male	hugo_symbol	ZMIZ2	2
by_gender	male	hugo_symbol	ZMYM3	1
by_gender	male	hugo_symbol	ZMYND8	2
by_gender	male	hugo_symbol	ZNF114	2
by_gender	male	hugo_symbol	ZNF141	1
by_gender	male	hugo_symbol	ZNF142	1
by_gender	male	hugo_symbol	ZNF157	1
by_gender	male	hugo_symbol	ZNF180	1
by_gender	male	hugo_symbol	ZNF182	1
by_gender	male	hugo_symbol	ZNF184	1
by_gender	male	hugo_symbol	ZNF202	1
by_gender	male	hugo_symbol	ZNF212	1
by_gender	male	hugo_symbol	ZNF215	1
by_gender	male	hugo_symbol	ZNF224	1
by_gender	male	hugo_symbol	ZNF267	1
by_gender	male	hugo_symbol	ZNF274	1
by_gender	male	hugo_symbol	ZNF276	1
by_gender	male	hugo_symbol	ZNF28	1
by_gender	male	hugo_symbol	ZNF3	1
by_gender	male	hugo_symbol	ZNF318	1
by_gender	male	hugo_symbol	ZNF341	1
by_gender	male	hugo_symbol	ZNF345	1
by_gender	male	hugo_symbol	ZNF365	1
by_gender	male	hugo_symbol	ZNF382	1
by_gender	male	hugo_symbol	ZNF385D	1
by_gender	male	hugo_symbol	ZNF398	1
by_gender	male	hugo_symbol	ZNF441	1
by_gender	male	hugo_symbol	ZNF45	1
by_gender	male	hugo_symbol	ZNF462	1
by_gender	male	hugo_symbol	ZNF468	1
by_gender	male	hugo_symbol	ZNF470	1
by_gender	male	hugo_symbol	ZNF471	1
by_gender	male	hugo_symbol	ZNF480	1
by_gender	male	hugo_symbol	ZNF496	2
by_gender	male	hugo_symbol	ZNF497	1
by_gender	male	hugo_symbol	ZNF500	1
by_gender	male	hugo_symbol	ZNF503	1
by_gender	male	hugo_symbol	ZNF506	1
by_gender	male	hugo_symbol	ZNF514	1
by_gender	male	hugo_symbol	ZNF517	1
by_gender	male	hugo_symbol	ZNF532	1
by_gender	male	hugo_symbol	ZNF554	1
by_gender	male	hugo_symbol	ZNF556	1
by_gender	male	hugo_symbol	ZNF566	1
by_gender	male	hugo_symbol	ZNF569	1
by_gender	male	hugo_symbol	ZNF577	1
by_gender	male	hugo_symbol	ZNF582	1
by_gender	male	hugo_symbol	ZNF585B	2
by_gender	male	hugo_symbol	ZNF605	1
by_gender	male	hugo_symbol	ZNF606	1
by_gender	male	hugo_symbol	ZNF611	1
by_gender	male	hugo_symbol	ZNF613	1
by_gender	male	hugo_symbol	ZNF615	1
by_gender	male	hugo_symbol	ZNF638	1
by_gender	male	hugo_symbol	ZNF648	1
by_gender	male	hugo_symbol	ZNF658	1
by_gender	male	hugo_symbol	ZNF658B	1
by_gender	male	hugo_symbol	ZNF671	1
by_gender	male	hugo_symbol	ZNF675	1
by_gender	male	hugo_symbol	ZNF676	1
by_gender	male	hugo_symbol	ZNF681	2
by_gender	male	hugo_symbol	ZNF688	1
by_gender	male	hugo_symbol	ZNF692	1
by_gender	male	hugo_symbol	ZNF70	1
by_gender	male	hugo_symbol	ZNF700	2
by_gender	male	hugo_symbol	ZNF709	1
by_gender	male	hugo_symbol	ZNF721	1
by_gender	male	hugo_symbol	ZNF746	1
by_gender	male	hugo_symbol	ZNF750	1
by_gender	male	hugo_symbol	ZNF75A	1
by_gender	male	hugo_symbol	ZNF772	1
by_gender	male	hugo_symbol	ZNF773	1
by_gender	male	hugo_symbol	ZNF777	1
by_gender	male	hugo_symbol	ZNF780A	1
by_gender	male	hugo_symbol	ZNF780B	1
by_gender	male	hugo_symbol	ZNF781	1
by_gender	male	hugo_symbol	ZNF787	1
by_gender	male	hugo_symbol	ZNF799	1
by_gender	male	hugo_symbol	ZNF804A	1
by_gender	male	hugo_symbol	ZNF831	1
by_gender	male	hugo_symbol	ZNF835	1
by_gender	male	hugo_symbol	ZNF99	2
by_gender	male	hugo_symbol	ZNFX1	1
by_gender	male	hugo_symbol	ZNRF3	1
by_gender	male	hugo_symbol	ZNRF4	1
by_gender	male	hugo_symbol	ZPLD1	1
by_gender	male	hugo_symbol	ZRANB3	2
by_gender	male	hugo_symbol	ZSCAN16	1
by_gender	male	hugo_symbol	ZSCAN2	1
by_gender	male	hugo_symbol	ZSCAN21	1
by_gender	male	hugo_symbol	ZSWIM5	1
by_gender	male	impact	HIGH	465
by_gender	male	impact	LOW	2
by_gender	male	impact	MODERATE	2900
by_gender	male	impact	MODIFIER	89
by_gender	male	locationaa	A1BG_p.Arg261Cys	1
by_gender	male	locationaa	A4GNT_p.Asp112ArgfsTer15	1
by_gender	male	locationaa	AADACL3_p.Ile65Met	1
by_gender	male	locationaa	AASDH_p.Ile167LysfsTer5	1
by_gender	male	locationaa	ABCA12_p.Ala364Thr	1
by_gender	male	locationaa	ABCA13_p.Ala1491Thr	1
by_gender	male	locationaa	ABCA13_p.Val3635Ile	1
by_gender	male	locationaa	ABCA4_p.Arg2149Ter	1
by_gender	male	locationaa	ABCA4_p.Val2124SerfsTer21	1
by_gender	male	locationaa	ABCB1_p.Asp1097Tyr	1
by_gender	male	locationaa	ABCB5_p.Asp1187Asn	1
by_gender	male	locationaa	ABCB6_p.Arg344Trp	1
by_gender	male	locationaa	ABCC10_p.Arg1094Cys	1
by_gender	male	locationaa	ABCC11_p.Ala414Val	1
by_gender	male	locationaa	ABCC1_p.Thr552Ile	1
by_gender	male	locationaa	ABCC6_p.Leu530ProfsTer34	1
by_gender	male	locationaa	ABCC6_p.Pro1329Ala	1
by_gender	male	locationaa	ABCC9_p.Gly720Ser	1
by_gender	male	locationaa	ABCG1_p.Gln294Arg	1
by_gender	male	locationaa	ABCG4_p.Thr494Met	1
by_gender	male	locationaa	ABCG5_p.Ser306Pro	1
by_gender	male	locationaa	ABCG8_p.Ala550Val	2
by_gender	male	locationaa	ABI2_p.Asn388GlufsTer105	1
by_gender	male	locationaa	ABLIM1_p.Asp232His	1
by_gender	male	locationaa	ABLIM1_p.Leu10Phe	1
by_gender	male	locationaa	ABRA_p.Pro69Ser	1
by_gender	male	locationaa	ABTB2_p.Ala696Val	1
by_gender	male	locationaa	ABTB2_p.Glu397Ter	1
by_gender	male	locationaa	AC005324.2_p.Pro362His	1
by_gender	male	locationaa	AC011462.1_p.Arg36Thr	1
by_gender	male	locationaa	AC013477.1_p.Glu851Ter	1
by_gender	male	locationaa	AC100868.1_p.Ala429LeufsTer4	1
by_gender	male	locationaa	ACADM_p.Thr370Ala	1
by_gender	male	locationaa	ACAN_p.Glu415Lys	1
by_gender	male	locationaa	ACAP2_p.Gln357Ter	1
by_gender	male	locationaa	ACCS_p.Leu47Val	1
by_gender	male	locationaa	ACE_p.Leu536Val	1
by_gender	male	locationaa	ACHE_p.Ala238Thr	1
by_gender	male	locationaa	ACLY_p.Ser839Leu	1
by_gender	male	locationaa	ACOT12_p.Phe81Leu	1
by_gender	male	locationaa	ACOX2_p.Thr373SerfsTer12	1
by_gender	male	locationaa	ACSM3_p.Arg11Cys	1
by_gender	male	locationaa	ACSS1_p.Asp571Asn	1
by_gender	male	locationaa	ACSS3_p.Phe528LeufsTer31	1
by_gender	male	locationaa	ACTA1_p.Val141Met	1
by_gender	male	locationaa	ACTB_p.Val10del	1
by_gender	male	locationaa	ACTC1_p.Arg179His	1
by_gender	male	locationaa	ACTG2_p.Pro103Leu	1
by_gender	male	locationaa	ACTL7A_p.Arg373His	1
by_gender	male	locationaa	ACTL7B_p.Asp91Asn	1
by_gender	male	locationaa	ACTL9_p.His367Gln	1
by_gender	male	locationaa	ACTL9_p.Val313Ile	1
by_gender	male	locationaa	ACTN3_p.Gly63Asp	1
by_gender	male	locationaa	ACTN4_p.Arg311_Trp315del	1
by_gender	male	locationaa	ADAM17_p.Glu253Val	1
by_gender	male	locationaa	ADAM23_p.Arg598His	1
by_gender	male	locationaa	ADAM29_p.Ile355Leu	1
by_gender	male	locationaa	ADAM2_p.Val200Phe	1
by_gender	male	locationaa	ADAMTS10_p.Pro206Thr	1
by_gender	male	locationaa	ADAMTS12_p.Asn1006Lys	1
by_gender	male	locationaa	ADAMTS12_p.Gln1165His	1
by_gender	male	locationaa	ADAMTS12_p.Glu303Ter	1
by_gender	male	locationaa	ADAMTS12_p.Val1392Met	1
by_gender	male	locationaa	ADAMTS15_p.Arg100His	1
by_gender	male	locationaa	ADAMTS15_p.Arg795His	1
by_gender	male	locationaa	ADAMTS16_p.Arg878His	1
by_gender	male	locationaa	ADAMTS16_p.Asn636Ser	1
by_gender	male	locationaa	ADAMTS16_p.Val933Met	1
by_gender	male	locationaa	ADAMTS19_p.Ala1008Thr	1
by_gender	male	locationaa	ADAMTS19_p.Arg1063His	1
by_gender	male	locationaa	ADAMTS19_p.Arg634Lys	1
by_gender	male	locationaa	ADAMTS19_p.Gln375Ter	1
by_gender	male	locationaa	ADAMTS2_p.Asp357Asn	1
by_gender	male	locationaa	ADAMTS4_p.Arg212Cys	1
by_gender	male	locationaa	ADAMTS5_p.Ser245Leu	1
by_gender	male	locationaa	ADAMTS8_p.Ala431Val	1
by_gender	male	locationaa	ADAMTS9_p.Arg1809Trp	1
by_gender	male	locationaa	ADAMTS9_p.Tyr183Cys	1
by_gender	male	locationaa	ADAMTSL1_p.Gly930Ser	1
by_gender	male	locationaa	ADAMTSL3_p.Arg1336Thr	1
by_gender	male	locationaa	ADARB2_p.Ala93Val	1
by_gender	male	locationaa	ADARB2_p.Gly289Arg	1
by_gender	male	locationaa	ADCY3_p.Asp958Asn	1
by_gender	male	locationaa	ADCY5_p.Arg649Trp	1
by_gender	male	locationaa	ADCY8_p.Gly246Ser	1
by_gender	male	locationaa	ADGRA2_p.Asp404Glu	1
by_gender	male	locationaa	ADGRA2_p.Glu585Lys	1
by_gender	male	locationaa	ADGRA2_p.Pro623Leu	1
by_gender	male	locationaa	ADGRA3_p.Arg150Gln	1
by_gender	male	locationaa	ADGRB1_p.Arg1052His	1
by_gender	male	locationaa	ADGRB2_p.Arg82Gly	1
by_gender	male	locationaa	ADGRD1_p.Val538Ile	1
by_gender	male	locationaa	ADGRE2_p.Thr632Met	1
by_gender	male	locationaa	ADGRF3_p.Ala811Thr	1
by_gender	male	locationaa	ADGRG4_p.Gly2078Arg	1
by_gender	male	locationaa	ADGRG4_p.Ser240Cys	1
by_gender	male	locationaa	ADGRG4_p.Thr1337Lys	1
by_gender	male	locationaa	ADGRG5_p.Leu300Pro	1
by_gender	male	locationaa	ADGRG7_p.Arg274Cys	1
by_gender	male	locationaa	ADGRG7_p.Gln399Ter	1
by_gender	male	locationaa	ADGRL1_p.Val1095Ile	1
by_gender	male	locationaa	ADGRL2_p.Arg179His	1
by_gender	male	locationaa	ADGRL2_p.Arg66Gln	1
by_gender	male	locationaa	ADGRL2_p.Asp611Asn	1
by_gender	male	locationaa	ADGRL2_p.Thr180Ala	1
by_gender	male	locationaa	ADGRL4_p.Ser414Tyr	1
by_gender	male	locationaa	ADGRL4_p.Thr248Lys	1
by_gender	male	locationaa	ADGRL4_p.Trp373Ter	1
by_gender	male	locationaa	ADPGK_p.Leu358Pro	1
by_gender	male	locationaa	ADRA1A_p.Arg423Trp	1
by_gender	male	locationaa	ADRA2C_p.Arg351His	1
by_gender	male	locationaa	ADRM1_p.Asp403Tyr	1
by_gender	male	locationaa	ADRM1_p.Glu402Asp	1
by_gender	male	locationaa	ADSS1_p.Ile214Val	1
by_gender	male	locationaa	AFDN_p.Ala509GlnfsTer9	1
by_gender	male	locationaa	AFF1_p.Arg223GlyfsTer27	1
by_gender	male	locationaa	AFF2_p.Arg1305Cys	1
by_gender	male	locationaa	AFF2_p.Arg708Gln	1
by_gender	male	locationaa	AFF3_p.Arg642His	1
by_gender	male	locationaa	AGAP2_p.Arg492Cys	1
by_gender	male	locationaa	AGAP6_p.Ser524AlafsTer69	1
by_gender	male	locationaa	AGBL5_p.Arg121Cys	1
by_gender	male	locationaa	AGGF1_p.Asp524Val	1
by_gender	male	locationaa	AGL_p.Val306Ile	1
by_gender	male	locationaa	AGPAT3_p.Glu360Lys	1
by_gender	male	locationaa	AHNAK_p.Pro1302Leu	1
by_gender	male	locationaa	AHRR_p.Arg164His	1
by_gender	male	locationaa	AHRR_p.Trp554Cys	1
by_gender	male	locationaa	AHR_p.Pro502Gln	1
by_gender	male	locationaa	AIFM1_p.Asp485Tyr	1
by_gender	male	locationaa	AKAP11_p.Asp1365His	1
by_gender	male	locationaa	AKAP6_p.Ser958Arg	1
by_gender	male	locationaa	AKAP9_p.Ser1798Tyr	1
by_gender	male	locationaa	AKT3_p.Val190Ala	1
by_gender	male	locationaa	ALAS2_p.Arg170His	1
by_gender	male	locationaa	ALCAM_p.Lys573Glu	2
by_gender	male	locationaa	ALDH16A1_p.Asp670Tyr	1
by_gender	male	locationaa	ALDH1L1_p.Leu123Val	1
by_gender	male	locationaa	ALDH1L2_p.Pro74Ser	1
by_gender	male	locationaa	ALG10B_p.Lys204Met	1
by_gender	male	locationaa	ALG12_p.Ala179Thr	1
by_gender	male	locationaa	ALK_p.Arg1212His	1
by_gender	male	locationaa	ALMS1_p.Arg3440Lys	1
by_gender	male	locationaa	ALOX15_p.Val27Leu	1
by_gender	male	locationaa	ALPK2_p.Asp488Glu	1
by_gender	male	locationaa	ALPK2_p.Trp45Ter	1
by_gender	male	locationaa	ALS2CL_p.Arg48Trp	1
by_gender	male	locationaa	ALS2CL_p.Gly147Asp	1
by_gender	male	locationaa	AMER3_p.Ala557ArgfsTer127	1
by_gender	male	locationaa	AMH_p.Ser226Arg	1
by_gender	male	locationaa	AMPD1_p.Lys673IlefsTer4	1
by_gender	male	locationaa	AMY2A_p.Tyr46Asp	1
by_gender	male	locationaa	ANAPC7_p.Lys462Arg	1
by_gender	male	locationaa	ANGPTL2_p.Tyr453Ter	1
by_gender	male	locationaa	ANK1_p.Arg512Cys	1
by_gender	male	locationaa	ANK2_p.Arg1784Gln	1
by_gender	male	locationaa	ANK3_p.Arg1914Trp	1
by_gender	male	locationaa	ANK3_p.Gly1152Ala	1
by_gender	male	locationaa	ANKK1_p.Ala617Thr	1
by_gender	male	locationaa	ANKMY1_p.Phe250Leu	1
by_gender	male	locationaa	ANKRD13C_p.Phe38LeufsTer26	1
by_gender	male	locationaa	ANKRD24_p.Ala674Thr	1
by_gender	male	locationaa	ANKRD24_p.Arg1004Cys	1
by_gender	male	locationaa	ANKRD26_p.Glu939ArgfsTer6	1
by_gender	male	locationaa	ANKRD30A_p.Ile1078Val	1
by_gender	male	locationaa	ANKRD30A_p.Lys1169Asn	1
by_gender	male	locationaa	ANKRD34B_p.Arg430Ter	1
by_gender	male	locationaa	ANKRD50_p.Thr208TyrfsTer16	1
by_gender	male	locationaa	ANKS1B_p.Arg590Gln	1
by_gender	male	locationaa	ANKS1B_p.Phe446Ile	1
by_gender	male	locationaa	ANO3_p.Arg305Gln	1
by_gender	male	locationaa	ANO3_p.Phe57Leu	1
by_gender	male	locationaa	ANO6_p.Arg648Ter	1
by_gender	male	locationaa	ANO6_p.Pro762Ser	1
by_gender	male	locationaa	ANXA11_p.Tyr120Cys	1
by_gender	male	locationaa	ANXA7_p.Pro121Leu	1
by_gender	male	locationaa	AOPEP_p.Arg767Ser	1
by_gender	male	locationaa	AP1B1_p.Leu834Val	1
by_gender	male	locationaa	AP5B1_p.Leu537ProfsTer67	1
by_gender	male	locationaa	APBA1_p.Arg343Cys	1
by_gender	male	locationaa	APBA2_p.Val675Met	1
by_gender	male	locationaa	APBA2_p.Val77Met	1
by_gender	male	locationaa	APCDD1_p.Leu223Phe	1
by_gender	male	locationaa	APCDD1_p.Tyr271Cys	1
by_gender	male	locationaa	APC_p.Arg499Ter	1
by_gender	male	locationaa	APC_p.Asp1825Gly	1
by_gender	male	locationaa	APC_p.Ser1252Tyr	1
by_gender	male	locationaa	APLF_p.Phe98Ile	1
by_gender	male	locationaa	APLP2_p.Ala358Thr	1
by_gender	male	locationaa	APOA4_p.Pro331Ser	1
by_gender	male	locationaa	APOB_p.Glu1136Ter	1
by_gender	male	locationaa	APOB_p.Ser4409Ter	1
by_gender	male	locationaa	APOL5_p.Pro48Leu	1
by_gender	male	locationaa	AQP4_p.Ala244Thr	1
by_gender	male	locationaa	AQP9_p.Leu264Val	1
by_gender	male	locationaa	ARAP1_p.Val924Met	1
by_gender	male	locationaa	AREL1_p.Glu565Gln	1
by_gender	male	locationaa	ARG1_p.Ile8Thr	1
by_gender	male	locationaa	ARHGAP15_p.His66Tyr	1
by_gender	male	locationaa	ARHGAP18_p.Arg559Gln	1
by_gender	male	locationaa	ARHGAP21_p.His753Tyr	1
by_gender	male	locationaa	ARHGAP21_p.Thr52Pro	1
by_gender	male	locationaa	ARHGAP31_p.Arg478Cys	1
by_gender	male	locationaa	ARHGAP32_p.Asn1329Ser	1
by_gender	male	locationaa	ARHGAP36_p.Arg439Cys	1
by_gender	male	locationaa	ARHGAP44_p.Ser640Asn	1
by_gender	male	locationaa	ARHGAP4_p.Arg56His	1
by_gender	male	locationaa	ARHGAP5_p.Phe1260LeufsTer61	1
by_gender	male	locationaa	ARHGEF10_p.Lys1064Arg	1
by_gender	male	locationaa	ARHGEF11_p.Asp202Gly	1
by_gender	male	locationaa	ARHGEF12_p.Asp1178Tyr	1
by_gender	male	locationaa	ARHGEF17_p.Asp305His	1
by_gender	male	locationaa	ARHGEF3_p.Arg123His	1
by_gender	male	locationaa	ARID1A_p.Arg1276Ter	1
by_gender	male	locationaa	ARID1A_p.Gln1947Ter	1
by_gender	male	locationaa	ARID1A_p.Glu1542Ter	1
by_gender	male	locationaa	ARID1A_p.Gly1926GlufsTer30	1
by_gender	male	locationaa	ARID1A_p.Ser1930Ter	1
by_gender	male	locationaa	ARID2_p.Gly1205Ala	1
by_gender	male	locationaa	ARL5B_p.Ala100GlnfsTer28	1
by_gender	male	locationaa	ARMC3_p.Asp230Asn	1
by_gender	male	locationaa	ARMC7_p.Ser151Leu	1
by_gender	male	locationaa	ARMCX1_p.Thr137Ala	1
by_gender	male	locationaa	ARMH3_p.Phe82Leu	1
by_gender	male	locationaa	ARSD_p.Ala84Val	1
by_gender	male	locationaa	ARSI_p.Gly432Asp	1
by_gender	male	locationaa	ARSK_p.Asn262LysfsTer12	1
by_gender	male	locationaa	ASB15_p.Thr13Ala	1
by_gender	male	locationaa	ASB4_p.Met1?	1
by_gender	male	locationaa	ASGR2_p.Val214Ile	1
by_gender	male	locationaa	ASH2L_p.Asn282Tyr	1
by_gender	male	locationaa	ASIC1_p.Gln84Glu	1
by_gender	male	locationaa	ASPM_p.Arg2032His	1
by_gender	male	locationaa	ASPRV1_p.Trp116Ter	1
by_gender	male	locationaa	ASTN1_p.Glu1257Lys	1
by_gender	male	locationaa	ASTN2_p.Arg269His	1
by_gender	male	locationaa	ASTN2_p.Glu286Val	1
by_gender	male	locationaa	ATAD2B_p.Cys605Tyr	1
by_gender	male	locationaa	ATAD2_p.Asp1066His	1
by_gender	male	locationaa	ATAD5_p.Ser732Cys	1
by_gender	male	locationaa	ATG10_p.Lys36Asn	1
by_gender	male	locationaa	ATG2A_p.Arg1548Trp	1
by_gender	male	locationaa	ATG2B_p.Tyr1622Cys	1
by_gender	male	locationaa	ATG9A_p.Arg289His	1
by_gender	male	locationaa	ATL1_p.Arg403Ter	1
by_gender	male	locationaa	ATM_p.Arg337Cys	1
by_gender	male	locationaa	ATM_p.Glu2423Gly	1
by_gender	male	locationaa	ATM_p.Leu1347Ter	1
by_gender	male	locationaa	ATP10A_p.Ala198Thr	1
by_gender	male	locationaa	ATP10A_p.Arg1479Gln	1
by_gender	male	locationaa	ATP10A_p.Glu806Asp	1
by_gender	male	locationaa	ATP12A_p.Arg528His	1
by_gender	male	locationaa	ATP12A_p.Tyr260Asn	1
by_gender	male	locationaa	ATP1A2_p.Arg421Ter	1
by_gender	male	locationaa	ATP2A1_p.Asp981Ala	1
by_gender	male	locationaa	ATP2B2_p.Val194Met	1
by_gender	male	locationaa	ATP2C1_p.Pro863Arg	1
by_gender	male	locationaa	ATP5MC3_p.Arg15Leu	1
by_gender	male	locationaa	ATP6V0A2_p.Ser843Thr	1
by_gender	male	locationaa	ATP6V1H_p.Ser345Asn	1
by_gender	male	locationaa	ATP7A_p.Glu264Val	1
by_gender	male	locationaa	ATP8A1_p.Ala76Thr	1
by_gender	male	locationaa	ATP8A2_p.Lys789Glu	1
by_gender	male	locationaa	ATP8B2_p.Ala622Thr	1
by_gender	male	locationaa	ATP8B3_p.Lys1137Asn	1
by_gender	male	locationaa	ATP8B4_p.Arg513Gln	1
by_gender	male	locationaa	ATPAF1_p.Leu144His	1
by_gender	male	locationaa	ATRNL1_p.Cys1076Tyr	1
by_gender	male	locationaa	ATRNL1_p.Gln1115LeufsTer8	1
by_gender	male	locationaa	ATRX_p.Leu2266Trp	1
by_gender	male	locationaa	ATR_p.Asn2279Thr	1
by_gender	male	locationaa	ATXN2L_p.Arg295Cys	1
by_gender	male	locationaa	AURKC_p.His100ProfsTer8	1
by_gender	male	locationaa	AVPR1A_p.Arg254Cys	1
by_gender	male	locationaa	AXIN1_p.Glu618Lys	1
by_gender	male	locationaa	AXIN1_p.Ser654Leu	1
by_gender	male	locationaa	AXIN2_p.Asn666GlnfsTer41	1
by_gender	male	locationaa	B3GALT2_p.His46Gln	1
by_gender	male	locationaa	B3GAT1_p.Arg175Cys	1
by_gender	male	locationaa	B3GAT1_p.Arg45Cys	1
by_gender	male	locationaa	B3GAT3_p.Ile17Phe	1
by_gender	male	locationaa	B4GALNT1_p.Pro404Thr	1
by_gender	male	locationaa	BAALC_p.Gly107Ser	1
by_gender	male	locationaa	BACH1_p.Ser314Phe	1
by_gender	male	locationaa	BACH1_p.Val40Ala	1
by_gender	male	locationaa	BAHD1_p.Leu633Val	1
by_gender	male	locationaa	BAP1_p.Met115Leu	1
by_gender	male	locationaa	BARD1_p.Thr394Ala	1
by_gender	male	locationaa	BAZ1B_p.Asn589Thr	1
by_gender	male	locationaa	BCAM_p.Glu120Ala	1
by_gender	male	locationaa	BCAM_p.Thr205Asn	1
by_gender	male	locationaa	BCAT1_p.Asn200Thr	1
by_gender	male	locationaa	BCAT2_p.Val238Met	1
by_gender	male	locationaa	BCHE_p.Thr343Asn	1
by_gender	male	locationaa	BCL11A_p.Asp564Tyr	1
by_gender	male	locationaa	BCL6_p.Glu346Lys	1
by_gender	male	locationaa	BCORL1_p.Arg1617His	1
by_gender	male	locationaa	BDKRB1_p.Ile290Val	1
by_gender	male	locationaa	BDP1_p.Asn26SerfsTer120	1
by_gender	male	locationaa	BECN1_p.Arg114Gln	1
by_gender	male	locationaa	BEGAIN_p.Glu517Lys	1
by_gender	male	locationaa	BEND3_p.Arg286Trp	1
by_gender	male	locationaa	BEND4_p.Pro380Leu	1
by_gender	male	locationaa	BEST1_p.Arg13Cys	1
by_gender	male	locationaa	BEST1_p.Asp520Asn	1
by_gender	male	locationaa	BEST3_p.Ile630Met	1
by_gender	male	locationaa	BFAR_p.Trp258Ser	1
by_gender	male	locationaa	BFSP2_p.Arg72Cys	2
by_gender	male	locationaa	BICRAL_p.Ala849Val	1
by_gender	male	locationaa	BIN2_p.Ala328Glu	1
by_gender	male	locationaa	BIRC6_p.Leu4364Phe	1
by_gender	male	locationaa	BIRC6_p.Ser4374Pro	1
by_gender	male	locationaa	BIRC7_p.Thr26Met	1
by_gender	male	locationaa	BLCAP_p.Gly86Ala	1
by_gender	male	locationaa	BLOC1S3_p.Glu35Ala	1
by_gender	male	locationaa	BMERB1_p.Glu141Gln	1
by_gender	male	locationaa	BMP2_p.Arg130Trp	1
by_gender	male	locationaa	BMP2_p.His321Asp	1
by_gender	male	locationaa	BMP5_p.Glu95Val	1
by_gender	male	locationaa	BMP5_p.Thr132Met	1
by_gender	male	locationaa	BMP7_p.Arg292Trp	1
by_gender	male	locationaa	BMPR1A_p.Arg152Gln	1
by_gender	male	locationaa	BPTF_p.Arg2468His	1
by_gender	male	locationaa	BRAF_p.Arg502Thr	1
by_gender	male	locationaa	BRAF_p.Thr528_Gln533delinsLys	1
by_gender	male	locationaa	BRD4_p.Leu894Phe	1
by_gender	male	locationaa	BRF1_p.His192Gln	1
by_gender	male	locationaa	BRINP1_p.Arg630Ter	1
by_gender	male	locationaa	BRINP2_p.Ala38Val	1
by_gender	male	locationaa	BRINP2_p.Arg746Trp	1
by_gender	male	locationaa	BRINP3_p.Arg719Cys	1
by_gender	male	locationaa	BRINP3_p.Ser583Asn	1
by_gender	male	locationaa	BRWD1_p.Arg1441Trp	1
by_gender	male	locationaa	BRWD1_p.Asn1610Tyr	1
by_gender	male	locationaa	BSN_p.Val131dup	1
by_gender	male	locationaa	BSX_p.Ser136Cys	1
by_gender	male	locationaa	BTAF1_p.Leu1754Phe	1
by_gender	male	locationaa	BTBD11_p.Glu684Lys	1
by_gender	male	locationaa	BTBD3_p.Gly137Glu	1
by_gender	male	locationaa	BTN3A1_p.Glu388Lys	1
by_gender	male	locationaa	BTN3A1_p.Tyr79His	1
by_gender	male	locationaa	BTRC_p.Cys87Trp	1
by_gender	male	locationaa	BUB1_p.Pro825Thr	1
by_gender	male	locationaa	BVES_p.Arg311Trp	1
by_gender	male	locationaa	C10orf71_p.Arg509His	1
by_gender	male	locationaa	C10orf71_p.Gly629Arg	1
by_gender	male	locationaa	C10orf90_p.Arg255Thr	1
by_gender	male	locationaa	C10orf90_p.Arg586Cys	1
by_gender	male	locationaa	C12orf66_p.Arg91His	1
by_gender	male	locationaa	C12orf66_p.Val249Met	1
by_gender	male	locationaa	C16orf70_p.Pro147Ser	1
by_gender	male	locationaa	C19orf57_p.Ala66Val	1
by_gender	male	locationaa	C1QL3_p.Gln136Ter	1
by_gender	male	locationaa	C1QTNF1_p.Lys98Glu	1
by_gender	male	locationaa	C1RL_p.Arg126Lys	1
by_gender	male	locationaa	C1R_p.Val671Ile	1
by_gender	male	locationaa	C1S_p.Ala473Ser	1
by_gender	male	locationaa	C1S_p.Phe180Leu	1
by_gender	male	locationaa	C1orf162_p.Glu129Lys	1
by_gender	male	locationaa	C1orf43_p.Val48Asp	1
by_gender	male	locationaa	C3_p.Arg999Trp	1
by_gender	male	locationaa	C3orf22_p.Ala133Val	1
by_gender	male	locationaa	C4orf17_p.Val267Ala	1
by_gender	male	locationaa	C5AR1_p.Thr32Met	1
by_gender	male	locationaa	C5_p.Pro343ThrfsTer34	1
by_gender	male	locationaa	C5orf49_p.Arg72Gln	1
by_gender	male	locationaa	C6_p.Val416Met	1
by_gender	male	locationaa	C6orf118_p.Leu48Pro	1
by_gender	male	locationaa	C7_p.Ala822Thr	1
by_gender	male	locationaa	C8orf34_p.Arg393His	1
by_gender	male	locationaa	C9_p.Phe176Leu	1
by_gender	male	locationaa	CA5A_p.Glu272Asp	1
by_gender	male	locationaa	CABP5_p.Arg152Trp	1
by_gender	male	locationaa	CACNA1B_p.Ala1614Thr	1
by_gender	male	locationaa	CACNA1B_p.Ala624Thr	1
by_gender	male	locationaa	CACNA1B_p.Thr2024Met	1
by_gender	male	locationaa	CACNA1C_p.Arg858His	1
by_gender	male	locationaa	CACNA1C_p.Thr1075Met	1
by_gender	male	locationaa	CACNA1F_p.Leu1725Val	1
by_gender	male	locationaa	CACNA1G_p.Ser267Asn	1
by_gender	male	locationaa	CACNA1H_p.Arg903His	1
by_gender	male	locationaa	CACNA1H_p.Arg903Ser	1
by_gender	male	locationaa	CACNA1H_p.Val213Met	1
by_gender	male	locationaa	CACNA1S_p.Ile57Met	1
by_gender	male	locationaa	CACNG2_p.Glu55Lys	1
by_gender	male	locationaa	CACNG3_p.Ala138Thr	1
by_gender	male	locationaa	CADM2_p.Arg191Gln	2
by_gender	male	locationaa	CADPS2_p.Ala128Ser	1
by_gender	male	locationaa	CALD1_p.Asp32Asn	1
by_gender	male	locationaa	CALN1_p.Ala196Thr	1
by_gender	male	locationaa	CAMK4_p.Glu367Lys	1
by_gender	male	locationaa	CAMSAP3_p.Ala237Thr	1
by_gender	male	locationaa	CAMSAP3_p.Arg1088His	1
by_gender	male	locationaa	CAND2_p.Arg577Ter	1
by_gender	male	locationaa	CARD11_p.Arg149Cys	1
by_gender	male	locationaa	CARD9_p.Arg382Cys	1
by_gender	male	locationaa	CASQ2_p.Glu283Lys	1
by_gender	male	locationaa	CASR_p.Pro605Leu	1
by_gender	male	locationaa	CASS4_p.Gly50Val	1
by_gender	male	locationaa	CATSPERD_p.Gly220Ser	1
by_gender	male	locationaa	CAVIN2_p.Glu220Lys	1
by_gender	male	locationaa	CBFA2T2_p.Asn522Ile	1
by_gender	male	locationaa	CBLIF_p.His409Arg	1
by_gender	male	locationaa	CBLL1_p.Arg160Gln	1
by_gender	male	locationaa	CBLN1_p.Ser59Ile	1
by_gender	male	locationaa	CBL_p.Ala223Pro	1
by_gender	male	locationaa	CC2D2A_p.Asp1167Tyr	1
by_gender	male	locationaa	CCAR1_p.Val598Ile	1
by_gender	male	locationaa	CCDC105_p.Arg269Ter	1
by_gender	male	locationaa	CCDC114_p.Ser556Phe	1
by_gender	male	locationaa	CCDC116_p.Asp587Tyr	1
by_gender	male	locationaa	CCDC138_p.Phe97Leu	1
by_gender	male	locationaa	CCDC148_p.Lys444Ter	1
by_gender	male	locationaa	CCDC170_p.Glu617Lys	1
by_gender	male	locationaa	CCDC171_p.Asn368Ile	1
by_gender	male	locationaa	CCDC180_p.Glu1440Gly	1
by_gender	male	locationaa	CCDC191_p.Asp139Val	1
by_gender	male	locationaa	CCDC198_p.Met243AsnfsTer7	1
by_gender	male	locationaa	CCDC28B_p.Asp145Asn	1
by_gender	male	locationaa	CCDC33_p.Ala453Asp	1
by_gender	male	locationaa	CCDC39_p.Lys873Thr	1
by_gender	male	locationaa	CCDC69_p.Gly39Ala	1
by_gender	male	locationaa	CCDC6_p.Pro412Leu	1
by_gender	male	locationaa	CCDC88B_p.Arg1143Cys	1
by_gender	male	locationaa	CCDC8_p.Arg118His	1
by_gender	male	locationaa	CCDC8_p.Glu361Lys	1
by_gender	male	locationaa	CCKAR_p.Ser49Ala	1
by_gender	male	locationaa	CCL26_p.Arg48Ter	1
by_gender	male	locationaa	CCR10_p.Ser350Ala	1
by_gender	male	locationaa	CCT3_p.Ala379GlyfsTer2	1
by_gender	male	locationaa	CCT3_p.Arg399His	1
by_gender	male	locationaa	CD207_p.Arg172Trp	1
by_gender	male	locationaa	CD300LD_p.Arg52Trp	1
by_gender	male	locationaa	CD33_p.Pro2Leu	1
by_gender	male	locationaa	CD58_p.Lys62Glu	1
by_gender	male	locationaa	CD59_p.Leu84Arg	1
by_gender	male	locationaa	CD81_p.Ala54Thr	1
by_gender	male	locationaa	CD8B_p.Arg51His	1
by_gender	male	locationaa	CD8B_p.Ile80Leu	1
by_gender	male	locationaa	CDC20_p.Gln355Ter	1
by_gender	male	locationaa	CDC25A_p.Leu227Met	1
by_gender	male	locationaa	CDC25B_p.Arg506His	1
by_gender	male	locationaa	CDC27_p.Thr691Ser	1
by_gender	male	locationaa	CDC42BPG_p.Glu1334Lys	1
by_gender	male	locationaa	CDC42_p.Lys16Arg	1
by_gender	male	locationaa	CDC45_p.Arg247Cys	1
by_gender	male	locationaa	CDC73_p.Glu325_Gln333del	1
by_gender	male	locationaa	CDC73_p.Lys186Glu	1
by_gender	male	locationaa	CDCP2_p.Val344Ter	1
by_gender	male	locationaa	CDH11_p.Arg556Trp	1
by_gender	male	locationaa	CDH20_p.Val32Ile	1
by_gender	male	locationaa	CDH22_p.Arg345Cys	1
by_gender	male	locationaa	CDH2_p.Val491Ile	1
by_gender	male	locationaa	CDH8_p.Ala6Val	1
by_gender	male	locationaa	CDH8_p.Val381Met	1
by_gender	male	locationaa	CDH9_p.Asp724Asn	1
by_gender	male	locationaa	CDHR1_p.Gly390Glu	1
by_gender	male	locationaa	CDIPT_p.Met98Val	1
by_gender	male	locationaa	CDKN2A_p.Arg80Ter	5
by_gender	male	locationaa	CDKN2A_p.Asn42Ile	1
by_gender	male	locationaa	CDKN2A_p.Gln50ArgfsTer3	1
by_gender	male	locationaa	CDKN2A_p.Gln50Ter	1
by_gender	male	locationaa	CDKN2A_p.Glu119Ter	1
by_gender	male	locationaa	CDKN2A_p.Glu120Ter	1
by_gender	male	locationaa	CDKN2A_p.Glu88ArgfsTer58	1
by_gender	male	locationaa	CDKN2A_p.Glu88Ter	1
by_gender	male	locationaa	CDKN2A_p.Gly23Cys	1
by_gender	male	locationaa	CDKN2A_p.His83Asp	1
by_gender	male	locationaa	CDKN2A_p.His83Tyr	2
by_gender	male	locationaa	CDKN2A_p.Leu16ProfsTer9	1
by_gender	male	locationaa	CDKN2A_p.Thr18GlyfsTer23	1
by_gender	male	locationaa	CDKN2A_p.Thr18_Ala19delinsIle	1
by_gender	male	locationaa	CDR2_p.Glu11Gln	1
by_gender	male	locationaa	CDYL2_p.Arg106Trp	1
by_gender	male	locationaa	CEACAM3_p.Gly147Asp	1
by_gender	male	locationaa	CEACAM8_p.Arg12Cys	1
by_gender	male	locationaa	CEBPZ_p.Val139Met	1
by_gender	male	locationaa	CELF3_p.Ser165Leu	1
by_gender	male	locationaa	CELF4_p.Arg138Ter	1
by_gender	male	locationaa	CELF6_p.Arg473Trp	1
by_gender	male	locationaa	CELSR1_p.Pro436Arg	2
by_gender	male	locationaa	CELSR3_p.Arg3117Trp	1
by_gender	male	locationaa	CELSR3_p.Arg3210Trp	1
by_gender	male	locationaa	CELSR3_p.Ser2034Cys	1
by_gender	male	locationaa	CEMIP_p.Asp89Asn	1
by_gender	male	locationaa	CENPC_p.Arg526His	1
by_gender	male	locationaa	CENPF_p.Ser3026Cys	1
by_gender	male	locationaa	CENPJ_p.Ala1072Val	1
by_gender	male	locationaa	CENPJ_p.Asn403Ser	1
by_gender	male	locationaa	CEP126_p.Ile623Phe	1
by_gender	male	locationaa	CEP170B_p.Arg153Trp	1
by_gender	male	locationaa	CEP290_p.Glu543Lys	1
by_gender	male	locationaa	CEP350_p.Asp962His	1
by_gender	male	locationaa	CEP350_p.Gln894CysfsTer18	1
by_gender	male	locationaa	CEP350_p.Glu776Ter	1
by_gender	male	locationaa	CEP350_p.Ser2630Asn	1
by_gender	male	locationaa	CEP44_p.Gln95AlafsTer17	1
by_gender	male	locationaa	CEP63_p.Lys570Asn	1
by_gender	male	locationaa	CEP63_p.Thr571Ile	1
by_gender	male	locationaa	CEP85_p.Ala176Val	1
by_gender	male	locationaa	CES3_p.Gly189Arg	1
by_gender	male	locationaa	CFAP299_p.Asn120Lys	1
by_gender	male	locationaa	CFAP45_p.Gln230Ter	1
by_gender	male	locationaa	CFAP47_p.Glu441Lys	1
by_gender	male	locationaa	CFAP58_p.Arg59His	1
by_gender	male	locationaa	CFAP65_p.Pro1595Gln	1
by_gender	male	locationaa	CFAP94_p.Leu74Ter	1
by_gender	male	locationaa	CFH_p.Asn828SerfsTer37	1
by_gender	male	locationaa	CFH_p.Tyr710His	1
by_gender	male	locationaa	CFTR_p.Ala1025Thr	1
by_gender	male	locationaa	CGRRF1_p.Leu217Val	1
by_gender	male	locationaa	CHAT_p.Gly284Ser	1
by_gender	male	locationaa	CHD3_p.Asp1265Asn	1
by_gender	male	locationaa	CHD4_p.Gly267Ser	1
by_gender	male	locationaa	CHD6_p.Arg1012Thr	1
by_gender	male	locationaa	CHD6_p.Glu914Lys	1
by_gender	male	locationaa	CHD6_p.His1863Arg	1
by_gender	male	locationaa	CHD8_p.Cys934Ser	1
by_gender	male	locationaa	CHEK2_p.Ser56Arg	1
by_gender	male	locationaa	CHL1_p.Tyr953Ter	1
by_gender	male	locationaa	CHML_p.Glu324Lys	1
by_gender	male	locationaa	CHML_p.Pro6Ser	1
by_gender	male	locationaa	CHMP4C_p.Arg211Gln	1
by_gender	male	locationaa	CHRNA1_p.Val177Ile	1
by_gender	male	locationaa	CHRNA2_p.Arg394Cys	1
by_gender	male	locationaa	CHRNA7_p.Ala379Thr	1
by_gender	male	locationaa	CHRNB2_p.Leu281Val	1
by_gender	male	locationaa	CHRNB4_p.His321Pro	1
by_gender	male	locationaa	CHST11_p.Arg81Leu	1
by_gender	male	locationaa	CHST4_p.Ser55Phe	1
by_gender	male	locationaa	CHST6_p.Glu244Lys	1
by_gender	male	locationaa	CIAO1_p.Asp94Glu	1
by_gender	male	locationaa	CIC_p.Tyr1497Cys	1
by_gender	male	locationaa	CISH_p.Arg139Gly	1
by_gender	male	locationaa	CKAP2L_p.Ser292Pro	1
by_gender	male	locationaa	CKMT1B_p.Gly289Arg	1
by_gender	male	locationaa	CKMT2_p.Asp135Asn	1
by_gender	male	locationaa	CLCA1_p.Arg686Trp	1
by_gender	male	locationaa	CLCC1_p.Pro549Leu	1
by_gender	male	locationaa	CLCN2_p.Gln16Pro	1
by_gender	male	locationaa	CLCN6_p.Gln676Arg	1
by_gender	male	locationaa	CLEC14A_p.Arg305Cys	1
by_gender	male	locationaa	CLEC1B_p.Arg163Leu	1
by_gender	male	locationaa	CLEC1B_p.His199Arg	1
by_gender	male	locationaa	CLEC3A_p.Arg44Cys	1
by_gender	male	locationaa	CLK3_p.Leu616Met	1
by_gender	male	locationaa	CLSTN1_p.Pro443Leu	1
by_gender	male	locationaa	CLSTN2_p.Gly360Ser	1
by_gender	male	locationaa	CLTCL1_p.Glu1298Lys	1
by_gender	male	locationaa	CLTC_p.Leu166Ile	1
by_gender	male	locationaa	CMIP_p.Pro86Ala	1
by_gender	male	locationaa	CMYA5_p.Asp1493Gly	1
by_gender	male	locationaa	CMYA5_p.Phe3873Cys	1
by_gender	male	locationaa	CMYA5_p.Ser2374Ter	1
by_gender	male	locationaa	CNBD1_p.Asn212Ser	1
by_gender	male	locationaa	CNGA4_p.Glu243Lys	1
by_gender	male	locationaa	CNGA4_p.Ile463Val	1
by_gender	male	locationaa	CNIH3_p.Ala50Val	1
by_gender	male	locationaa	CNOT3_p.Ala237Val	1
by_gender	male	locationaa	CNPY4_p.Val131Leu	1
by_gender	male	locationaa	CNTLN_p.Ala1005Thr	1
by_gender	male	locationaa	CNTN1_p.Arg186Trp	1
by_gender	male	locationaa	CNTN1_p.Asn885Ser	1
by_gender	male	locationaa	CNTN4_p.Ala659Val	1
by_gender	male	locationaa	CNTN4_p.Pro146Leu	1
by_gender	male	locationaa	CNTN5_p.Phe934Leu	1
by_gender	male	locationaa	CNTNAP2_p.Arg938Cys	1
by_gender	male	locationaa	CNTNAP5_p.Gly612Ser	1
by_gender	male	locationaa	CNTRL_p.Glu1837Lys	1
by_gender	male	locationaa	COCH_p.Ala473ValfsTer4	1
by_gender	male	locationaa	COG6_p.Phe517Leu	1
by_gender	male	locationaa	COG8_p.Arg450Cys	1
by_gender	male	locationaa	COL11A1_p.Ala819Gly	1
by_gender	male	locationaa	COL11A1_p.Pro1148Arg	2
by_gender	male	locationaa	COL12A1_p.Ser117Leu	1
by_gender	male	locationaa	COL1A1_p.Gly326Asp	1
by_gender	male	locationaa	COL1A2_p.Arg830Ter	1
by_gender	male	locationaa	COL22A1_p.Ala161Thr	1
by_gender	male	locationaa	COL22A1_p.Gly1288Ser	1
by_gender	male	locationaa	COL22A1_p.Gly487Glu	1
by_gender	male	locationaa	COL23A1_p.Gly226Val	1
by_gender	male	locationaa	COL24A1_p.Glu420Lys	1
by_gender	male	locationaa	COL25A1_p.Lys384Glu	1
by_gender	male	locationaa	COL27A1_p.Gly1565Asp	1
by_gender	male	locationaa	COL2A1_p.Gly1471Arg	1
by_gender	male	locationaa	COL3A1_p.Arg428Ter	1
by_gender	male	locationaa	COL3A1_p.Gly139Glu	1
by_gender	male	locationaa	COL4A4_p.Gly1483Cys	1
by_gender	male	locationaa	COL5A1_p.Arg828Trp	1
by_gender	male	locationaa	COL5A1_p.Gly1351ArgfsTer14	1
by_gender	male	locationaa	COL5A1_p.Gly208Asp	1
by_gender	male	locationaa	COL5A1_p.Pro657Leu	1
by_gender	male	locationaa	COL5A2_p.Gln1278Pro	1
by_gender	male	locationaa	COL5A3_p.Thr1188Ala	1
by_gender	male	locationaa	COL6A2_p.Ala698Val	1
by_gender	male	locationaa	COL6A2_p.Val662Met	1
by_gender	male	locationaa	COL6A2_p.Val980Met	1
by_gender	male	locationaa	COL6A6_p.Arg1741His	1
by_gender	male	locationaa	COL6A6_p.Phe1065Ile	1
by_gender	male	locationaa	COMMD8_p.Leu70Val	1
by_gender	male	locationaa	COQ6_p.Leu204Phe	1
by_gender	male	locationaa	CORIN_p.Cys428Ser	1
by_gender	male	locationaa	CORO1B_p.Glu129Gln	1
by_gender	male	locationaa	CORO2B_p.Pro10Leu	1
by_gender	male	locationaa	CORO7-PAM16_p.Ala960Asp	1
by_gender	male	locationaa	COX4I2_p.Arg139Trp	1
by_gender	male	locationaa	CPAMD8_p.Val922Ile	1
by_gender	male	locationaa	CPB1_p.Met309Ile	1
by_gender	male	locationaa	CPB1_p.Tyr306Ter	1
by_gender	male	locationaa	CPEB4_p.Arg377Cys	1
by_gender	male	locationaa	CPE_p.Trp467Arg	1
by_gender	male	locationaa	CPN2_p.Pro354Ser	1
by_gender	male	locationaa	CPNE2_p.Trp190Ter	1
by_gender	male	locationaa	CPNE4_p.Asn323Lys	1
by_gender	male	locationaa	CPNE5_p.Ala581Val	1
by_gender	male	locationaa	CPNE8_p.Leu291Met	1
by_gender	male	locationaa	CPO_p.Gln240Lys	1
by_gender	male	locationaa	CPPED1_p.Gln63His	1
by_gender	male	locationaa	CPSF2_p.Gln766Ter	1
by_gender	male	locationaa	CPXM2_p.Arg305Trp	1
by_gender	male	locationaa	CPXM2_p.Val264Ile	1
by_gender	male	locationaa	CR1L_p.Pro227Arg	1
by_gender	male	locationaa	CR2_p.Gly99Arg	1
by_gender	male	locationaa	CR2_p.Ile711Asn	1
by_gender	male	locationaa	CR2_p.Pro277Leu	1
by_gender	male	locationaa	CRACD_p.Pro833Ser	1
by_gender	male	locationaa	CRB1_p.Gln1052Glu	1
by_gender	male	locationaa	CRB2_p.Cys47Tyr	1
by_gender	male	locationaa	CREB1_p.Ter342GluextTer4	1
by_gender	male	locationaa	CREB5_p.Ser140Tyr	1
by_gender	male	locationaa	CREBBP_p.Glu1247Lys	1
by_gender	male	locationaa	CREBZF_p.Glu252Gly	1
by_gender	male	locationaa	CRNKL1_p.Glu725Gly	1
by_gender	male	locationaa	CRNN_p.Ser391Arg	1
by_gender	male	locationaa	CRNN_p.Thr232Ile	1
by_gender	male	locationaa	CRPPA_p.Gln328Ter	1
by_gender	male	locationaa	CRTAC1_p.Ala96Val	1
by_gender	male	locationaa	CRYBB1_p.Arg123His	1
by_gender	male	locationaa	CRYBG1_p.Ile1607Phe	1
by_gender	male	locationaa	CRYZL1_p.Gln266Ter	1
by_gender	male	locationaa	CSF3R_p.Val178Met	1
by_gender	male	locationaa	CSGALNACT1_p.Arg5His	1
by_gender	male	locationaa	CSK_p.Arg94Trp	1
by_gender	male	locationaa	CSMD1_p.Ser719Pro	1
by_gender	male	locationaa	CSMD2_p.Ala1715Thr	1
by_gender	male	locationaa	CSMD2_p.Arg2858Cys	1
by_gender	male	locationaa	CSMD2_p.Gly158Ser	1
by_gender	male	locationaa	CSMD2_p.Ser264Thr	1
by_gender	male	locationaa	CSMD3_p.Ala3445Val	1
by_gender	male	locationaa	CSMD3_p.Arg2561Trp	1
by_gender	male	locationaa	CSMD3_p.Leu761Phe	1
by_gender	male	locationaa	CSNK1G3_p.Gly251Asp	1
by_gender	male	locationaa	CSPG4_p.Ser1333Leu	1
by_gender	male	locationaa	CSPG5_p.Ser379Cys	1
by_gender	male	locationaa	CSPP1_p.His162Leu	1
by_gender	male	locationaa	CSPP1_p.Met700Ile	1
by_gender	male	locationaa	CSTF2T_p.His196Asn	1
by_gender	male	locationaa	CTDSP1_p.Pro61Ser	1
by_gender	male	locationaa	CTNNA2_p.Val338Met	1
by_gender	male	locationaa	CTNNB1_p.Cys619Tyr	1
by_gender	male	locationaa	CTNNB1_p.Ser45Pro	1
by_gender	male	locationaa	CTNND1_p.Glu42Lys	1
by_gender	male	locationaa	CTNND1_p.Gly223ArgfsTer4	1
by_gender	male	locationaa	CTNND2_p.Val1145Gly	1
by_gender	male	locationaa	CTSF_p.Gly293Cys	1
by_gender	male	locationaa	CTTNBP2_p.Thr206Met	1
by_gender	male	locationaa	CUBN_p.Ala3402Val	2
by_gender	male	locationaa	CUL1_p.Glu485Lys	1
by_gender	male	locationaa	CUL2_p.Ala516Val	1
by_gender	male	locationaa	CUL4B_p.Asn557Lys	1
by_gender	male	locationaa	CUL7_p.Val412Ile	1
by_gender	male	locationaa	CXCR1_p.Arg279His	1
by_gender	male	locationaa	CXorf66_p.Met112Leu	1
by_gender	male	locationaa	CYB5R1_p.Leu21His	1
by_gender	male	locationaa	CYB5R1_p.Val257Leu	1
by_gender	male	locationaa	CYB5R3_p.Pro39Leu	1
by_gender	male	locationaa	CYLC1_p.Pro636Thr	1
by_gender	male	locationaa	CYLC1_p.Ser295Ile	1
by_gender	male	locationaa	CYP11A1_p.Phe233Ser	1
by_gender	male	locationaa	CYP11A1_p.Val320Ile	1
by_gender	male	locationaa	CYP1A1_p.Lys165Asn	1
by_gender	male	locationaa	CYP21A2_p.Arg370Trp	1
by_gender	male	locationaa	CYP27B1_p.Glu269Gln	1
by_gender	male	locationaa	CYP2A6_p.Glu279Gln	1
by_gender	male	locationaa	CYP2A7_p.Arg372Cys	1
by_gender	male	locationaa	CYP2F1_p.Asp90Tyr	1
by_gender	male	locationaa	CYP2R1_p.Glu306Ter	1
by_gender	male	locationaa	CYP4B1_p.Arg473Cys	1
by_gender	male	locationaa	CYP4F22_p.Arg257His	1
by_gender	male	locationaa	CYSLTR1_p.Ser220IlefsTer10	1
by_gender	male	locationaa	CYTH4_p.Glu292Lys	1
by_gender	male	locationaa	DAAM1_p.Met455AsnfsTer7	1
by_gender	male	locationaa	DAAM1_p.Val790Ala	1
by_gender	male	locationaa	DACH2_p.Ile367Met	1
by_gender	male	locationaa	DACT1_p.Ala707Val	1
by_gender	male	locationaa	DAGLA_p.Ala672Thr	1
by_gender	male	locationaa	DAND5_p.Arg170His	1
by_gender	male	locationaa	DAPP1_p.Asp209His	1
by_gender	male	locationaa	DAW1_p.Ala151Thr	1
by_gender	male	locationaa	DCAF17_p.Ile345Asn	1
by_gender	male	locationaa	DCAF8_p.Ala15Thr	1
by_gender	male	locationaa	DCHS1_p.Glu1653Gln	1
by_gender	male	locationaa	DCLK3_p.Lys168Arg	1
by_gender	male	locationaa	DCLRE1B_p.Phe285Cys	1
by_gender	male	locationaa	DCP1B_p.Lys237Glu	1
by_gender	male	locationaa	DCSTAMP_p.Ala60Val	1
by_gender	male	locationaa	DDC_p.Arg218Gly	1
by_gender	male	locationaa	DDHD2_p.Gln425Glu	1
by_gender	male	locationaa	DDHD2_p.Met560Val	1
by_gender	male	locationaa	DDR2_p.Ile17Val	1
by_gender	male	locationaa	DDX31_p.Ala175Thr	1
by_gender	male	locationaa	DDX46_p.Val581Ile	1
by_gender	male	locationaa	DDX4_p.Ser97Ter	1
by_gender	male	locationaa	DDX59_p.Lys554Glu	1
by_gender	male	locationaa	DDX60_p.Pro454Arg	1
by_gender	male	locationaa	DEF8_p.Arg237Leu	1
by_gender	male	locationaa	DEFB119_p.Leu12Pro	1
by_gender	male	locationaa	DEFB126_p.Ser98Leu	1
by_gender	male	locationaa	DEFB136_p.Ala52Val	1
by_gender	male	locationaa	DEK_p.Lys330AsnfsTer13	1
by_gender	male	locationaa	DENND4B_p.Gly74Val	1
by_gender	male	locationaa	DENND5A_p.Ile1035Thr	1
by_gender	male	locationaa	DEPDC7_p.Ser240Pro	1
by_gender	male	locationaa	DGAT2_p.Phe262Val	1
by_gender	male	locationaa	DGKB_p.Val409Met	1
by_gender	male	locationaa	DGKH_p.Ala668Asp	1
by_gender	male	locationaa	DGKI_p.His915Tyr	1
by_gender	male	locationaa	DGKQ_p.Ile869Thr	1
by_gender	male	locationaa	DHRS4_p.Gly108Val	1
by_gender	male	locationaa	DHTKD1_p.Arg559Gly	1
by_gender	male	locationaa	DHX15_p.Arg36Gln	1
by_gender	male	locationaa	DHX33_p.Arg186Trp	1
by_gender	male	locationaa	DHX35_p.Leu570Val	1
by_gender	male	locationaa	DHX36_p.Leu184Val	1
by_gender	male	locationaa	DHX36_p.Met464Ile	1
by_gender	male	locationaa	DHX37_p.Asp962Asn	1
by_gender	male	locationaa	DHX38_p.Lys273Ter	1
by_gender	male	locationaa	DHX8_p.Arg250Trp	1
by_gender	male	locationaa	DIAPH1_p.Leu1035Val	1
by_gender	male	locationaa	DIAPH2_p.Leu336Arg	1
by_gender	male	locationaa	DICER1_p.Cys359Tyr	1
by_gender	male	locationaa	DICER1_p.Lys959Ile	1
by_gender	male	locationaa	DIDO1_p.Ala2049Val	1
by_gender	male	locationaa	DIO3_p.Arg260His	1
by_gender	male	locationaa	DIO3_p.Gly166Ser	1
by_gender	male	locationaa	DIRAS3_p.Arg18Gln	1
by_gender	male	locationaa	DISC1_p.Ala281Thr	1
by_gender	male	locationaa	DISC1_p.Ser216Leu	1
by_gender	male	locationaa	DISP1_p.Val375Ile	1
by_gender	male	locationaa	DISP2_p.Asp1350Glu	1
by_gender	male	locationaa	DISP3_p.Cys73Trp	1
by_gender	male	locationaa	DISP3_p.Val1249Met	1
by_gender	male	locationaa	DIXDC1_p.Gly304Arg	1
by_gender	male	locationaa	DKC1_p.Ile133Val	1
by_gender	male	locationaa	DKC1_p.Leu349Ile	1
by_gender	male	locationaa	DLEC1_p.Asp254Tyr	1
by_gender	male	locationaa	DLG4_p.Pro394Ala	1
by_gender	male	locationaa	DLGAP2_p.Pro940Leu	2
by_gender	male	locationaa	DLGAP4_p.Arg42His	1
by_gender	male	locationaa	DLGAP5_p.Ala734Thr	1
by_gender	male	locationaa	DLL4_p.Asn335Ile	1
by_gender	male	locationaa	DMAP1_p.Asp67His	1
by_gender	male	locationaa	DMBT1_p.Arg2470His	1
by_gender	male	locationaa	DMD_p.Arg1016Gln	1
by_gender	male	locationaa	DMRT2_p.Asp308Gly	1
by_gender	male	locationaa	DMXL1_p.Asp2022Ala	1
by_gender	male	locationaa	DNAAF2_p.Ala295Val	1
by_gender	male	locationaa	DNAAF3_p.Val238Ile	1
by_gender	male	locationaa	DNAAF5_p.Arg344Cys	1
by_gender	male	locationaa	DNAAF5_p.His562Asp	1
by_gender	male	locationaa	DNAH10_p.Ala3381Thr	1
by_gender	male	locationaa	DNAH10_p.Asp2386Tyr	1
by_gender	male	locationaa	DNAH10_p.Thr1703Met	1
by_gender	male	locationaa	DNAH11_p.Arg1045Gln	1
by_gender	male	locationaa	DNAH11_p.Ser2312Tyr	1
by_gender	male	locationaa	DNAH1_p.Thr1422Met	1
by_gender	male	locationaa	DNAH2_p.Glu3044dup	1
by_gender	male	locationaa	DNAH3_p.Ala1319Val	1
by_gender	male	locationaa	DNAH3_p.Arg1075Cys	1
by_gender	male	locationaa	DNAH5_p.Ser2431Phe	1
by_gender	male	locationaa	DNAH6_p.Pro581Leu	1
by_gender	male	locationaa	DNAH7_p.Arg2251His	1
by_gender	male	locationaa	DNAH8_p.Pro545Gln	1
by_gender	male	locationaa	DNAH9_p.Gly2156Ser	1
by_gender	male	locationaa	DNAI4_p.Asp284Tyr	1
by_gender	male	locationaa	DNAJB11_p.Glu227Lys	1
by_gender	male	locationaa	DNAJB14_p.Lys164Arg	1
by_gender	male	locationaa	DNAJC13_p.Ala1151Gly	1
by_gender	male	locationaa	DND1_p.Ala20Val	1
by_gender	male	locationaa	DNER_p.Gly449Arg	1
by_gender	male	locationaa	DNHD1_p.Ser4694Asn	1
by_gender	male	locationaa	DNM1L_p.Glu110del	1
by_gender	male	locationaa	DNMBP_p.Ser135Tyr	1
by_gender	male	locationaa	DNMT3A_p.Arg604Gln	1
by_gender	male	locationaa	DNMT3A_p.Cys517Ser	1
by_gender	male	locationaa	DNMT3A_p.Pro804Ser	1
by_gender	male	locationaa	DNMT3B_p.Val625Met	1
by_gender	male	locationaa	DNPEP_p.Leu483Val	1
by_gender	male	locationaa	DOCK10_p.Arg1879Cys	1
by_gender	male	locationaa	DOCK1_p.Thr1462Ile	1
by_gender	male	locationaa	DOCK2_p.Arg928Gln	1
by_gender	male	locationaa	DOCK3_p.Arg1183His	1
by_gender	male	locationaa	DOCK3_p.Arg1764Ter	1
by_gender	male	locationaa	DOCK3_p.Gly1880Ser	1
by_gender	male	locationaa	DOCK4_p.Val770Met	1
by_gender	male	locationaa	DOP1A_p.Lys1389Arg	1
by_gender	male	locationaa	DOP1B_p.Arg878Cys	1
by_gender	male	locationaa	DPEP2_p.Ser283Leu	1
by_gender	male	locationaa	DPP10_p.Thr330Asn	1
by_gender	male	locationaa	DPP6_p.Tyr501Cys	1
by_gender	male	locationaa	DPYD_p.Ile104Met	1
by_gender	male	locationaa	DRC7_p.Arg834Cys	1
by_gender	male	locationaa	DRD1_p.Glu132Asp	1
by_gender	male	locationaa	DRD2_p.Val381Met	1
by_gender	male	locationaa	DSC1_p.Ile283SerfsTer38	1
by_gender	male	locationaa	DSCAML1_p.Ala1617Val	1
by_gender	male	locationaa	DSCAML1_p.Arg1080Trp	1
by_gender	male	locationaa	DSCAML1_p.Gly82Asp	1
by_gender	male	locationaa	DSCAM_p.Arg508Gln	1
by_gender	male	locationaa	DSCAM_p.Leu354Ile	1
by_gender	male	locationaa	DSCAM_p.Thr1941Met	1
by_gender	male	locationaa	DSEL_p.Gln534His	1
by_gender	male	locationaa	DSEL_p.Gln534Leu	1
by_gender	male	locationaa	DSG2_p.Leu499Arg	1
by_gender	male	locationaa	DSPP_p.Asp236Val	1
by_gender	male	locationaa	DSP_p.Ser610Cys	1
by_gender	male	locationaa	DST_p.Cys2073Tyr	1
by_gender	male	locationaa	DST_p.Gln5556Ter	1
by_gender	male	locationaa	DST_p.Ser2948Leu	1
by_gender	male	locationaa	DST_p.Ser2948Thr	1
by_gender	male	locationaa	DST_p.Thr7335Met	1
by_gender	male	locationaa	DTX2_p.Arg213Cys	1
by_gender	male	locationaa	DTYMK_p.Asp62Asn	1
by_gender	male	locationaa	DUOXA2_p.Leu313Val	1
by_gender	male	locationaa	DUS3L_p.Phe235Leu	1
by_gender	male	locationaa	DYM_p.Ile486Phe	1
by_gender	male	locationaa	DYNC1I1_p.Val452Asp	1
by_gender	male	locationaa	DYNC2H1_p.His3783Asn	1
by_gender	male	locationaa	DYRK1A_p.Lys397Asn	1
by_gender	male	locationaa	DYRK3_p.Glu497Lys	1
by_gender	male	locationaa	DYSF_p.Arg1859His	1
by_gender	male	locationaa	DYSF_p.Ser205Arg	1
by_gender	male	locationaa	E2F8_p.Arg183Ter	1
by_gender	male	locationaa	EBF3_p.Ser506Leu	1
by_gender	male	locationaa	ECD_p.Tyr269His	1
by_gender	male	locationaa	ECM1_p.Arg350Cys	1
by_gender	male	locationaa	ECT2_p.Lys70Gln	1
by_gender	male	locationaa	EDA2R_p.Arg95His	1
by_gender	male	locationaa	EDAR_p.Ala272Val	1
by_gender	male	locationaa	EED_p.Ser156Thr	1
by_gender	male	locationaa	EEF2_p.Tyr457Ter	1
by_gender	male	locationaa	EFCAB6_p.Glu898Lys	1
by_gender	male	locationaa	EFEMP2_p.Thr60Asn	1
by_gender	male	locationaa	EFTUD2_p.Val541Ala	1
by_gender	male	locationaa	EGFLAM_p.Lys187Met	1
by_gender	male	locationaa	EGF_p.Ala346Gly	1
by_gender	male	locationaa	EGF_p.Val880Met	1
by_gender	male	locationaa	EIF3A_p.Pro515Leu	1
by_gender	male	locationaa	EIF4E1B_p.Ala195Val	1
by_gender	male	locationaa	EIF4ENIF1_p.Arg776His	1
by_gender	male	locationaa	EIF4ENIF1_p.Ser5Ter	1
by_gender	male	locationaa	EIF5_p.Glu199Asp	1
by_gender	male	locationaa	ELAVL2_p.Asn314Lys	1
by_gender	male	locationaa	ELF3_p.Trp75Ter	1
by_gender	male	locationaa	ELF4_p.Phe136SerfsTer4	1
by_gender	male	locationaa	ELK1_p.Gln18Ter	1
by_gender	male	locationaa	ELK1_p.Pro201Leu	1
by_gender	male	locationaa	ELMO1_p.Arg66Cys	1
by_gender	male	locationaa	ELMO3_p.Glu446Asp	1
by_gender	male	locationaa	ELMO3_p.Phe696_Glu703delinsTer	1
by_gender	male	locationaa	ELMOD3_p.Lys279Gln	1
by_gender	male	locationaa	ELOVL2_p.Met266Ile	1
by_gender	male	locationaa	ELP4_p.Val80Ile	1
by_gender	male	locationaa	EML1_p.Glu362Gln	1
by_gender	male	locationaa	EML4_p.Asp320Tyr	1
by_gender	male	locationaa	EML4_p.Ile650Lys	1
by_gender	male	locationaa	EMP3_p.Ala119Gly	1
by_gender	male	locationaa	EMSY_p.Val1217Ile	1
by_gender	male	locationaa	ENAM_p.Arg373Ser	1
by_gender	male	locationaa	ENC1_p.Asp308Val	1
by_gender	male	locationaa	ENC1_p.Ile568Val	1
by_gender	male	locationaa	ENGASE_p.Pro589Leu	1
by_gender	male	locationaa	ENOX1_p.Pro150Ser	1
by_gender	male	locationaa	ENPP4_p.Met291Leu	1
by_gender	male	locationaa	ENTPD4_p.Gly308Val	1
by_gender	male	locationaa	EOMES_p.Glu478Ter	1
by_gender	male	locationaa	EP300_p.Arg695His	1
by_gender	male	locationaa	EP300_p.Thr1864Ser	1
by_gender	male	locationaa	EP400_p.Leu550Ser	1
by_gender	male	locationaa	EPB41L3_p.Arg485Gln	1
by_gender	male	locationaa	EPB41L3_p.Arg806Ter	1
by_gender	male	locationaa	EPB42_p.Thr375Met	1
by_gender	male	locationaa	EPC1_p.Leu651Phe	1
by_gender	male	locationaa	EPC2_p.His732Arg	1
by_gender	male	locationaa	EPHA10_p.Ala119Val	1
by_gender	male	locationaa	EPHA4_p.Lys641Asn	1
by_gender	male	locationaa	EPHA4_p.Ser732Pro	1
by_gender	male	locationaa	EPHA7_p.Arg703Lys	1
by_gender	male	locationaa	EPHA7_p.Arg877His	1
by_gender	male	locationaa	EPHB2_p.Ala935Thr	1
by_gender	male	locationaa	EPHB3_p.Arg813Gln	1
by_gender	male	locationaa	EPPK1_p.Val740Met	1
by_gender	male	locationaa	ERBB2_p.Val842Ile	1
by_gender	male	locationaa	ERBB4_p.Val299Glu	1
by_gender	male	locationaa	ERBIN_p.Arg18Gln	1
by_gender	male	locationaa	ERC1_p.Ser687ProfsTer4	1
by_gender	male	locationaa	ERCC2_p.Thr269Met	1
by_gender	male	locationaa	ERCC4_p.Gln65Ter	1
by_gender	male	locationaa	ERCC6L2_p.Trp317Arg	1
by_gender	male	locationaa	ERI1_p.Met214Leu	1
by_gender	male	locationaa	ERICH6_p.Lys435Thr	1
by_gender	male	locationaa	ESAM_p.Arg293Gln	1
by_gender	male	locationaa	ESPL1_p.Asp1403Asn	1
by_gender	male	locationaa	ESPL1_p.Ser1940Asn	1
by_gender	male	locationaa	ESR2_p.Leu206Ile	1
by_gender	male	locationaa	ESRRA_p.Arg320Gln	1
by_gender	male	locationaa	ESRRB_p.Arg101His	1
by_gender	male	locationaa	ETNPPL_p.Ser302Phe	1
by_gender	male	locationaa	ETS1_p.Asp28Asn	1
by_gender	male	locationaa	ETV5_p.Pro276Ala	1
by_gender	male	locationaa	ETV6_p.Tyr346Cys	1
by_gender	male	locationaa	EVC_p.Thr459Met	1
by_gender	male	locationaa	EVPL_p.Val450Met	1
by_gender	male	locationaa	EXD1_p.Arg112Cys	1
by_gender	male	locationaa	EXOSC8_p.Glu12Gly	1
by_gender	male	locationaa	EXPH5_p.Gln1186ProfsTer5	1
by_gender	male	locationaa	EYS_p.Phe465Leu	1
by_gender	male	locationaa	F12_p.Pro314Leu	1
by_gender	male	locationaa	F5_p.Gln226His	1
by_gender	male	locationaa	F5_p.Pro1260Leu	1
by_gender	male	locationaa	FADS3_p.Val248Ile	1
by_gender	male	locationaa	FAM107A_p.Arg42Gln	1
by_gender	male	locationaa	FAM114A1_p.Ala408Val	1
by_gender	male	locationaa	FAM120C_p.Ala340Glu	1
by_gender	male	locationaa	FAM135B_p.Ala1343Glu	1
by_gender	male	locationaa	FAM135B_p.Asn19Lys	1
by_gender	male	locationaa	FAM135B_p.Glu544Ter	1
by_gender	male	locationaa	FAM135B_p.Thr118Met	1
by_gender	male	locationaa	FAM153B_p.Leu219Val	1
by_gender	male	locationaa	FAM180A_p.Arg165Cys	1
by_gender	male	locationaa	FAM180A_p.Gln144Glu	1
by_gender	male	locationaa	FAM184A_p.Glu947Lys	1
by_gender	male	locationaa	FAM217B_p.Arg324Ter	1
by_gender	male	locationaa	FAM234A_p.Thr359Ser	1
by_gender	male	locationaa	FAM47C_p.Ala88Thr	1
by_gender	male	locationaa	FAM71A_p.Arg140Cys	1
by_gender	male	locationaa	FAM71B_p.Arg30Gln	1
by_gender	male	locationaa	FAM83H_p.Gln991Ter	1
by_gender	male	locationaa	FANCC_p.Leu551Pro	1
by_gender	male	locationaa	FANCD2_p.Pro672Leu	1
by_gender	male	locationaa	FANCM_p.Asp1702Tyr	1
by_gender	male	locationaa	FANK1_p.Gln4Ter	1
by_gender	male	locationaa	FAR1_p.Leu446Phe	1
by_gender	male	locationaa	FARP2_p.Val10Asp	2
by_gender	male	locationaa	FARP2_p.Val333Asp	1
by_gender	male	locationaa	FARS2_p.Arg419Ser	1
by_gender	male	locationaa	FASN_p.Pro461Leu	1
by_gender	male	locationaa	FASTKD1_p.Ala397CysfsTer4	1
by_gender	male	locationaa	FASTKD1_p.Ile34Met	1
by_gender	male	locationaa	FASTKD5_p.Arg260Lys	1
by_gender	male	locationaa	FASTK_p.Arg187His	1
by_gender	male	locationaa	FASTK_p.Thr270Met	1
by_gender	male	locationaa	FAT1_p.Arg1627Gln	1
by_gender	male	locationaa	FAT2_p.Ala1078Thr	1
by_gender	male	locationaa	FAT2_p.Ala3231Thr	1
by_gender	male	locationaa	FAT2_p.Ala3345Val	1
by_gender	male	locationaa	FAT2_p.Ala3940Val	1
by_gender	male	locationaa	FAT3_p.Arg1487Lys	1
by_gender	male	locationaa	FAT3_p.Ser3988Leu	1
by_gender	male	locationaa	FAT3_p.Val2122Ile	1
by_gender	male	locationaa	FAT4_p.Asn1311LeufsTer16	1
by_gender	male	locationaa	FAT4_p.Pro3555Leu	1
by_gender	male	locationaa	FBLN2_p.Gly1003Glu	1
by_gender	male	locationaa	FBN1_p.Glu1073Lys	1
by_gender	male	locationaa	FBN1_p.Gly1394Ala	1
by_gender	male	locationaa	FBN2_p.Arg126His	1
by_gender	male	locationaa	FBN2_p.Asp360Asn	1
by_gender	male	locationaa	FBN3_p.Glu2054Lys	1
by_gender	male	locationaa	FBN3_p.Glu898Lys	1
by_gender	male	locationaa	FBN3_p.Gly1959_Phe1960insProHisGly	1
by_gender	male	locationaa	FBXL16_p.Gln411Lys	1
by_gender	male	locationaa	FBXL5_p.Ile426Thr	1
by_gender	male	locationaa	FBXO10_p.Gly826Ser	1
by_gender	male	locationaa	FBXO16_p.Val115Met	1
by_gender	male	locationaa	FBXO3_p.Glu447Lys	1
by_gender	male	locationaa	FBXW5_p.Val32Leu	1
by_gender	male	locationaa	FBXW7_p.Gly9Ser	1
by_gender	male	locationaa	FBXW7_p.Trp673Ter	1
by_gender	male	locationaa	FCER1G_p.Arg45Ter	1
by_gender	male	locationaa	FCN1_p.His21Asn	1
by_gender	male	locationaa	FCRLB_p.Phe246Leu	1
by_gender	male	locationaa	FDXACB1_p.Ser434Ile	1
by_gender	male	locationaa	FEM1B_p.Ser30Gly	1
by_gender	male	locationaa	FER1L5_p.Pro1632LeufsTer15	1
by_gender	male	locationaa	FGD4_p.Asn251Ser	1
by_gender	male	locationaa	FGF13_p.Asp211Asn	1
by_gender	male	locationaa	FGF6_p.Gly95Ser	1
by_gender	male	locationaa	FHIT_p.Val69Leu	1
by_gender	male	locationaa	FHOD1_p.Gly97Ser	1
by_gender	male	locationaa	FHOD3_p.Arg92Gln	1
by_gender	male	locationaa	FIBIN_p.Val97Met	1
by_gender	male	locationaa	FILIP1L_p.Gln439Ter	1
by_gender	male	locationaa	FLACC1_p.Arg20Gln	1
by_gender	male	locationaa	FLG_p.Arg3907His	1
by_gender	male	locationaa	FLG_p.Glu1728Asp	1
by_gender	male	locationaa	FLG_p.Glu189Val	1
by_gender	male	locationaa	FLNC_p.Asp2389ArgfsTer2	1
by_gender	male	locationaa	FLRT2_p.Ala503Thr	1
by_gender	male	locationaa	FLRT2_p.Ile22Asn	1
by_gender	male	locationaa	FLT1_p.Pro853Thr	1
by_gender	male	locationaa	FLT3_p.Asp362Asn	1
by_gender	male	locationaa	FLT4_p.Ala1158Val	1
by_gender	male	locationaa	FLT4_p.Arg475Trp	1
by_gender	male	locationaa	FLVCR1_p.Ser462TyrfsTer7	1
by_gender	male	locationaa	FMN2_p.Ile997Thr	1
by_gender	male	locationaa	FMNL3_p.Arg209His	1
by_gender	male	locationaa	FMNL3_p.Arg656Cys	2
by_gender	male	locationaa	FMO2_p.Leu384His	1
by_gender	male	locationaa	FN1_p.Asn416Ser	1
by_gender	male	locationaa	FN1_p.Thr405Ile	1
by_gender	male	locationaa	FNBP1_p.Ser517Asn	1
by_gender	male	locationaa	FNDC3B_p.Asp404His	1
by_gender	male	locationaa	FOSL2_p.Ser314Leu	1
by_gender	male	locationaa	FOXD3_p.Pro206Leu	1
by_gender	male	locationaa	FOXD4L4_p.Ala97Val	1
by_gender	male	locationaa	FOXF1_p.Met154Ile	1
by_gender	male	locationaa	FOXF1_p.Phe132Leu	1
by_gender	male	locationaa	FOXG1_p.Lys237Arg	1
by_gender	male	locationaa	FOXI1_p.Glu24Gln	1
by_gender	male	locationaa	FOXN4_p.Pro388Leu	1
by_gender	male	locationaa	FPGS_p.Thr546Ile	1
by_gender	male	locationaa	FPGT-TNNI3K_p.Arg177His	1
by_gender	male	locationaa	FPR1_p.Gly222Arg	1
by_gender	male	locationaa	FREM2_p.Arg376His	1
by_gender	male	locationaa	FRMPD3_p.Tyr1421His	1
by_gender	male	locationaa	FRYL_p.Arg119Ser	1
by_gender	male	locationaa	FRYL_p.Leu289Phe	1
by_gender	male	locationaa	FRY_p.Lys1447Asn	1
by_gender	male	locationaa	FSHR_p.Phe590Leu	1
by_gender	male	locationaa	FSHR_p.Pro355Gln	1
by_gender	male	locationaa	FSTL4_p.Leu442Pro	1
by_gender	male	locationaa	FSTL5_p.Phe107Tyr	1
by_gender	male	locationaa	FSTL5_p.Phe689Ile	1
by_gender	male	locationaa	FTSJ3_p.Glu219Lys	1
by_gender	male	locationaa	FURIN_p.Arg70Gln	1
by_gender	male	locationaa	FUT9_p.Asp306Asn	1
by_gender	male	locationaa	FUZ_p.Cys151Arg	1
by_gender	male	locationaa	FXR1_p.Arg509Gln	1
by_gender	male	locationaa	FYB1_p.Ile624Asn	1
by_gender	male	locationaa	FZD3_p.Trp311Cys	1
by_gender	male	locationaa	GABBR1_p.Ala726Thr	1
by_gender	male	locationaa	GABRA6_p.Arg84Cys	1
by_gender	male	locationaa	GABRB1_p.Met163Leu	1
by_gender	male	locationaa	GABRB1_p.Phe123Leu	1
by_gender	male	locationaa	GABRD_p.Val312Ile	1
by_gender	male	locationaa	GABRG2_p.Arg363Gln	1
by_gender	male	locationaa	GABRG3_p.Arg446Trp	1
by_gender	male	locationaa	GAD1_p.Val138Leu	1
by_gender	male	locationaa	GAD2_p.Glu576Lys	1
by_gender	male	locationaa	GALNT10_p.Phe449Ser	1
by_gender	male	locationaa	GALNT14_p.Arg176Trp	1
by_gender	male	locationaa	GALNT16_p.Lys144Ter	1
by_gender	male	locationaa	GALNT18_p.Trp452Cys	1
by_gender	male	locationaa	GALNT1_p.Arg551Gln	1
by_gender	male	locationaa	GALNT5_p.Leu783Val	1
by_gender	male	locationaa	GANAB_p.Ser381_Leu382del	1
by_gender	male	locationaa	GATA3_p.Ser230Arg	1
by_gender	male	locationaa	GATB_p.Asp209Asn	1
by_gender	male	locationaa	GBA2_p.Cys648Tyr	1
by_gender	male	locationaa	GBA3_p.Asp33Tyr	1
by_gender	male	locationaa	GBA3_p.Ile346Ser	1
by_gender	male	locationaa	GBA_p.Arg87Trp	1
by_gender	male	locationaa	GBA_p.Asn435Lys	1
by_gender	male	locationaa	GBX1_p.Arg264Cys	1
by_gender	male	locationaa	GCC2_p.Glu993Gly	1
by_gender	male	locationaa	GCM2_p.Gln7Ter	1
by_gender	male	locationaa	GCN1_p.Val2143Ile	1
by_gender	male	locationaa	GDE1_p.Ile134Asn	1
by_gender	male	locationaa	GDPGP1_p.Ser11Tyr	1
by_gender	male	locationaa	GEMIN2_p.Gly160Glu	1
by_gender	male	locationaa	GFER_p.Asp128Tyr	1
by_gender	male	locationaa	GFUS_p.Asp85Asn	1
by_gender	male	locationaa	GGCX_p.Arg453Cys	1
by_gender	male	locationaa	GJB4_p.Asp142Asn	1
by_gender	male	locationaa	GJC1_p.Thr130Met	1
by_gender	male	locationaa	GJC3_p.Asp278Glu	1
by_gender	male	locationaa	GK2_p.Ser236Cys	1
by_gender	male	locationaa	GLB1L2_p.Glu613Ala	1
by_gender	male	locationaa	GLB1_p.Val639Met	1
by_gender	male	locationaa	GLI2_p.Ser531Leu	1
by_gender	male	locationaa	GLI3_p.Arg1051Trp	1
by_gender	male	locationaa	GLI3_p.Thr615Ser	1
by_gender	male	locationaa	GLI3_p.Val514Met	1
by_gender	male	locationaa	GLIS3_p.Gly212Asp	1
by_gender	male	locationaa	GLMN_p.Leu96Phe	1
by_gender	male	locationaa	GLMN_p.Phe274Ser	1
by_gender	male	locationaa	GLRA1_p.Asp53Val	1
by_gender	male	locationaa	GLYATL1_p.Arg274His	1
by_gender	male	locationaa	GMDS_p.Asp86Asn	1
by_gender	male	locationaa	GMPPA_p.Asp364Tyr	1
by_gender	male	locationaa	GMPR_p.Val120Leu	1
by_gender	male	locationaa	GNA15_p.Asp325Asn	1
by_gender	male	locationaa	GNAS_p.Arg201Cys	4
by_gender	male	locationaa	GNAS_p.Arg201His	1
by_gender	male	locationaa	GNB3_p.Thr50Met	1
by_gender	male	locationaa	GNL3_p.Ala326Ser	1
by_gender	male	locationaa	GNL3_p.Ala326Val	1
by_gender	male	locationaa	GNPDA2_p.Thr36TyrfsTer15	1
by_gender	male	locationaa	GNS_p.Phe475Leu	1
by_gender	male	locationaa	GOT1_p.Gly126Val	1
by_gender	male	locationaa	GP2_p.Arg393Gln	1
by_gender	male	locationaa	GPAT3_p.Ile166Phe	1
by_gender	male	locationaa	GPATCH8_p.Arg969Gln	1
by_gender	male	locationaa	GPD2_p.Asp624Tyr	1
by_gender	male	locationaa	GPM6B_p.Cys22Tyr	1
by_gender	male	locationaa	GPR12_p.Val176Ile	1
by_gender	male	locationaa	GPR132_p.Ala14Thr	1
by_gender	male	locationaa	GPR151_p.Ser9Ala	1
by_gender	male	locationaa	GPR156_p.Gly60Arg	1
by_gender	male	locationaa	GPR15_p.Lys187Asn	1
by_gender	male	locationaa	GPR183_p.Phe187Ser	1
by_gender	male	locationaa	GPR21_p.Arg256Ter	1
by_gender	male	locationaa	GPR26_p.Pro163Leu	1
by_gender	male	locationaa	GPR39_p.Asn299Lys	1
by_gender	male	locationaa	GPR50_p.Val40Ile	1
by_gender	male	locationaa	GPRC6A_p.Gly787Ser	1
by_gender	male	locationaa	GPSM1_p.Arg37Cys	1
by_gender	male	locationaa	GPT2_p.Pro378Gln	1
by_gender	male	locationaa	GPX5_p.Leu13PhefsTer3	1
by_gender	male	locationaa	GPX5_p.Thr203Met	1
by_gender	male	locationaa	GRAMD1A_p.Arg10Trp	1
by_gender	male	locationaa	GRAMD1C_p.Leu140Phe	1
by_gender	male	locationaa	GREB1_p.Arg1254Cys	1
by_gender	male	locationaa	GREB1_p.Arg1553His	1
by_gender	male	locationaa	GREB1_p.Arg1915His	1
by_gender	male	locationaa	GRHL2_p.Arg504LeufsTer10	1
by_gender	male	locationaa	GRIA1_p.His227Gln	1
by_gender	male	locationaa	GRID1_p.Ser897Leu	1
by_gender	male	locationaa	GRIK2_p.Arg873Cys	1
by_gender	male	locationaa	GRIK2_p.Pro879Ser	1
by_gender	male	locationaa	GRIN2B_p.Ala1078Val	1
by_gender	male	locationaa	GRIN2B_p.Arg880His	1
by_gender	male	locationaa	GRIN2D_p.Gly523Ala	1
by_gender	male	locationaa	GRIN3B_p.Thr604Met	1
by_gender	male	locationaa	GRINA_p.Ile295Val	1
by_gender	male	locationaa	GRK7_p.Lys444Asn	1
by_gender	male	locationaa	GRM1_p.Arg305His	1
by_gender	male	locationaa	GRM1_p.Pro1025Ala	1
by_gender	male	locationaa	GRM8_p.Cys541Ser	1
by_gender	male	locationaa	GRM8_p.Lys530Thr	1
by_gender	male	locationaa	GRM8_p.Ser395Phe	1
by_gender	male	locationaa	GRM8_p.Thr528Met	1
by_gender	male	locationaa	GSDMD_p.Met466Leu	1
by_gender	male	locationaa	GTF3C1_p.Leu279Arg	1
by_gender	male	locationaa	GTF3C3_p.Asn739MetfsTer35	1
by_gender	male	locationaa	GTF3C4_p.Gln589Ter	1
by_gender	male	locationaa	GUCY2F_p.Thr853Met	1
by_gender	male	locationaa	GYS2_p.Arg558His	1
by_gender	male	locationaa	H1-4_p.Lys121Asn	1
by_gender	male	locationaa	H1-4_p.Lys122Ter	1
by_gender	male	locationaa	H1-5_p.Lys78del	1
by_gender	male	locationaa	H2AC6_p.Ala114Ser	1
by_gender	male	locationaa	H2BC4_p.Ser15Thr	1
by_gender	male	locationaa	HAGH_p.Pro170Leu	1
by_gender	male	locationaa	HAUS5_p.Pro72Arg	1
by_gender	male	locationaa	HAUS8_p.Met62Leu	1
by_gender	male	locationaa	HBE1_p.Ala85Thr	1
by_gender	male	locationaa	HBE1_p.Lys133Asn	1
by_gender	male	locationaa	HCK_p.Tyr377Cys	1
by_gender	male	locationaa	HCN1_p.Arg869Lys	1
by_gender	male	locationaa	HCN1_p.Val819Met	1
by_gender	male	locationaa	HCN4_p.Arg390Cys	1
by_gender	male	locationaa	HCN4_p.Cys755Ter	1
by_gender	male	locationaa	HDAC9_p.Arg42His	1
by_gender	male	locationaa	HDGFL2_p.Arg528His	1
by_gender	male	locationaa	HEATR5B_p.Asn1111LysfsTer9	1
by_gender	male	locationaa	HECTD2_p.Asp160Asn	1
by_gender	male	locationaa	HECW1_p.Arg40Ter	1
by_gender	male	locationaa	HECW2_p.Arg271His	2
by_gender	male	locationaa	HECW2_p.Pro1103Ser	1
by_gender	male	locationaa	HELQ_p.Asp112Gly	1
by_gender	male	locationaa	HELZ2_p.Met1406Leu	1
by_gender	male	locationaa	HEPACAM_p.Arg192Ile	1
by_gender	male	locationaa	HERC1_p.Gly922Arg	1
by_gender	male	locationaa	HERC2_p.Arg3668Gln	1
by_gender	male	locationaa	HERC2_p.Asp4275Asn	1
by_gender	male	locationaa	HERPUD1_p.Gly161Ser	1
by_gender	male	locationaa	HEXIM1_p.Phe5Leu	1
by_gender	male	locationaa	HIPK3_p.Leu772Phe	1
by_gender	male	locationaa	HIVEP1_p.Arg1265His	1
by_gender	male	locationaa	HIVEP1_p.Val325Ala	1
by_gender	male	locationaa	HIVEP3_p.Gly2283Glu	1
by_gender	male	locationaa	HJURP_p.Ser649Ile	1
by_gender	male	locationaa	HK3_p.Arg104His	1
by_gender	male	locationaa	HLCS_p.Arg457Cys	1
by_gender	male	locationaa	HM13_p.Ser97Cys	1
by_gender	male	locationaa	HMCES_p.Asp228His	1
by_gender	male	locationaa	HMCN1_p.Arg4909His	1
by_gender	male	locationaa	HMCN1_p.Asn2186Ile	1
by_gender	male	locationaa	HMCN1_p.Asn584Ser	1
by_gender	male	locationaa	HMCN1_p.Asp1266His	1
by_gender	male	locationaa	HMX2_p.Glu55AlafsTer114	1
by_gender	male	locationaa	HNF1B_p.Leu410Phe	1
by_gender	male	locationaa	HNRNPA1_p.Pro10Ser	1
by_gender	male	locationaa	HNRNPLL_p.Ala139Val	1
by_gender	male	locationaa	HOXA3_p.Arg266His	1
by_gender	male	locationaa	HOXA4_p.Arg257His	1
by_gender	male	locationaa	HOXA9_p.Arg248Ser	1
by_gender	male	locationaa	HOXB3_p.Val333Ile	1
by_gender	male	locationaa	HOXC11_p.Val110Ile	1
by_gender	male	locationaa	HOXC4_p.His143Arg	1
by_gender	male	locationaa	HOXD3_p.Ala349Thr	1
by_gender	male	locationaa	HPS1_p.Arg420His	1
by_gender	male	locationaa	HRC_p.Ala18Asp	1
by_gender	male	locationaa	HRH3_p.His442Tyr	1
by_gender	male	locationaa	HROB_p.Pro68Ser	1
by_gender	male	locationaa	HS3ST2_p.Asp363Glu	1
by_gender	male	locationaa	HS3ST3B1_p.Gly133Glu	1
by_gender	male	locationaa	HS3ST4_p.Ile308Val	1
by_gender	male	locationaa	HS3ST6_p.Arg143Ter	1
by_gender	male	locationaa	HSD17B13_p.Ser17Pro	1
by_gender	male	locationaa	HSD17B7_p.Phe179Cys	1
by_gender	male	locationaa	HSP90B1_p.Phe100SerfsTer2	1
by_gender	male	locationaa	HSPA12A_p.Asp91Asn	1
by_gender	male	locationaa	HSPA1B_p.Val59Ala	1
by_gender	male	locationaa	HSPA4_p.Arg629Lys	1
by_gender	male	locationaa	HSPA8_p.Leu73Pro	1
by_gender	male	locationaa	HTR2A_p.Arg297Trp	1
by_gender	male	locationaa	HTR2A_p.Val175Ile	1
by_gender	male	locationaa	HTR2C_p.Leu333Gln	1
by_gender	male	locationaa	HTR2C_p.Ser167Leu	1
by_gender	male	locationaa	HYAL4_p.Ser167Ter	1
by_gender	male	locationaa	HYDIN_p.Ala3540Thr	1
by_gender	male	locationaa	HYDIN_p.Ala672Glu	1
by_gender	male	locationaa	HYDIN_p.Ser4575Ile	1
by_gender	male	locationaa	IAPP_p.Leu60Val	1
by_gender	male	locationaa	IBSP_p.Gly71Ter	1
by_gender	male	locationaa	IDO1_p.Lys101Met	1
by_gender	male	locationaa	IFFO1_p.Arg506His	1
by_gender	male	locationaa	IFNGR1_p.Glu197Asp	1
by_gender	male	locationaa	IFT46_p.Gln273Arg	1
by_gender	male	locationaa	IFT46_p.Ile240Thr	1
by_gender	male	locationaa	IFT88_p.Arg456Gly	1
by_gender	male	locationaa	IGBP1P2_p.Asp77Asn	1
by_gender	male	locationaa	IGDCC4_p.Arg865Trp	1
by_gender	male	locationaa	IGF2BP2_p.Val559Ile	1
by_gender	male	locationaa	IGF2R_p.Asp1898Asn	1
by_gender	male	locationaa	IGF2R_p.Ser1489Arg	1
by_gender	male	locationaa	IGHA1_p.Ala50Thr	1
by_gender	male	locationaa	IGHG4_p.Thr140Met	1
by_gender	male	locationaa	IGHMBP2_p.Tyr145Ter	1
by_gender	male	locationaa	IGHM_p.Ala359Thr	1
by_gender	male	locationaa	IGHV1-58_p.Val71Ile	1
by_gender	male	locationaa	IGKV1D-42_p.Phe114Tyr	1
by_gender	male	locationaa	IGKV2D-28_p.Ala80Ser	1
by_gender	male	locationaa	IGLV2-11_p.Gly62Asp	1
by_gender	male	locationaa	IGSF10_p.Arg1927Gln	1
by_gender	male	locationaa	IGSF10_p.Asp2157Tyr	1
by_gender	male	locationaa	IGSF10_p.Pro2342Ala	1
by_gender	male	locationaa	IGSF22_p.Lys372Asn	1
by_gender	male	locationaa	IGSF22_p.Val509Leu	1
by_gender	male	locationaa	IGSF9B_p.Ser197Leu	1
by_gender	male	locationaa	IKBKB_p.Glu16Lys	1
by_gender	male	locationaa	IKBKB_p.Trp15Ter	1
by_gender	male	locationaa	IKZF2_p.Arg520Ter	1
by_gender	male	locationaa	IKZF2_p.Phe168Leu	1
by_gender	male	locationaa	IL18RAP_p.Ile491Val	1
by_gender	male	locationaa	IL1RN_p.Met35Leu	1
by_gender	male	locationaa	IL1RN_p.Pro75Leu	1
by_gender	male	locationaa	IL20RA_p.Val308Met	1
by_gender	male	locationaa	IL21_p.Arg34His	1
by_gender	male	locationaa	IL27_p.Arg45Lys	1
by_gender	male	locationaa	IL2RA_p.Ala34Thr	1
by_gender	male	locationaa	IL3RA_p.Val201Ile	1
by_gender	male	locationaa	IL4R_p.Asn98Lys	1
by_gender	male	locationaa	IMP3_p.Pro90Ala	1
by_gender	male	locationaa	IMPDH2_p.Arg355Gln	1
by_gender	male	locationaa	IMPG2_p.Trp1030Arg	1
by_gender	male	locationaa	INA_p.Ser415Leu	1
by_gender	male	locationaa	ING1_p.Asp158Gly	1
by_gender	male	locationaa	INHBA_p.Arg241Gln	1
by_gender	male	locationaa	INHBB_p.Arg158Cys	1
by_gender	male	locationaa	INPP5J_p.Gly541Ser	1
by_gender	male	locationaa	INSM1_p.Glu495Lys	1
by_gender	male	locationaa	INSR_p.Leu1376Trp	1
by_gender	male	locationaa	INTS11_p.Glu117Lys	1
by_gender	male	locationaa	INTS13_p.Glu225Asp	1
by_gender	male	locationaa	INTS14_p.Asp241Gly	1
by_gender	male	locationaa	INTS1_p.Arg1222His	1
by_gender	male	locationaa	INTS3_p.Thr211Met	1
by_gender	male	locationaa	IP6K2_p.Arg300His	1
by_gender	male	locationaa	IP6K3_p.Ser276Ter	1
by_gender	male	locationaa	IPO5_p.Val992Phe	1
by_gender	male	locationaa	IPO7_p.Asp826Asn	1
by_gender	male	locationaa	IQCD_p.Thr228Ile	1
by_gender	male	locationaa	IQCF2_p.Cys141Tyr	1
by_gender	male	locationaa	IQCJ_p.Gly104Arg	1
by_gender	male	locationaa	IQGAP1_p.Arg852Trp	1
by_gender	male	locationaa	IRF2_p.Lys64Asn	1
by_gender	male	locationaa	IRF7_p.Ala336Thr	1
by_gender	male	locationaa	IRF7_p.Val304Met	1
by_gender	male	locationaa	IRF8_p.Gly277Arg	1
by_gender	male	locationaa	IRS1_p.Arg857GlyfsTer86	2
by_gender	male	locationaa	IRS1_p.Arg857Trp	1
by_gender	male	locationaa	IRS1_p.Gly298Arg	1
by_gender	male	locationaa	IRS2_p.Gly1307Arg	1
by_gender	male	locationaa	IRS4_p.Lys608Ter	1
by_gender	male	locationaa	IRX6_p.Arg150Ter	1
by_gender	male	locationaa	ISLR2_p.Glu497Lys	1
by_gender	male	locationaa	ITFG1_p.His549Tyr	1
by_gender	male	locationaa	ITGA1_p.Ala1028Val	1
by_gender	male	locationaa	ITGA4_p.Glu296Gln	1
by_gender	male	locationaa	ITGA6_p.Trp172Arg	1
by_gender	male	locationaa	ITGA7_p.Arg957Gln	1
by_gender	male	locationaa	ITGAE_p.Gly313Cys	1
by_gender	male	locationaa	ITGAX_p.Val957Phe	1
by_gender	male	locationaa	ITGB6_p.Val725Ile	1
by_gender	male	locationaa	ITIH5_p.Arg575His	1
by_gender	male	locationaa	ITK_p.Met411Val	1
by_gender	male	locationaa	ITPR1_p.Arg938Trp	1
by_gender	male	locationaa	ITPR1_p.Gly1015Arg	1
by_gender	male	locationaa	ITPR2_p.Asp540AlafsTer36	1
by_gender	male	locationaa	ITPR2_p.Met785AsnfsTer4	1
by_gender	male	locationaa	IVL_p.Gln107Arg	1
by_gender	male	locationaa	IZUMO1_p.Arg96Cys	1
by_gender	male	locationaa	JADE2_p.Phe357LeufsTer34	1
by_gender	male	locationaa	JAKMIP1_p.Ala136Val	1
by_gender	male	locationaa	JAKMIP3_p.Arg536Cys	1
by_gender	male	locationaa	JMJD7-PLA2G4B_p.Arg1007Gln	1
by_gender	male	locationaa	JPH1_p.Arg167His	1
by_gender	male	locationaa	KALRN_p.Arg53Ter	1
by_gender	male	locationaa	KANSL1L_p.Leu930Ile	1
by_gender	male	locationaa	KANSL1_p.Gln957ProfsTer16	1
by_gender	male	locationaa	KANSL2_p.Asn74Ser	1
by_gender	male	locationaa	KAT6A_p.Asp391His	1
by_gender	male	locationaa	KAT6A_p.Glu1109Lys	1
by_gender	male	locationaa	KAT6B_p.Ser1520Thr	1
by_gender	male	locationaa	KATNB1_p.Glu384Lys	1
by_gender	male	locationaa	KATNIP_p.Glu152Lys	1
by_gender	male	locationaa	KATNIP_p.His64Arg	1
by_gender	male	locationaa	KBTBD12_p.His127Asn	1
by_gender	male	locationaa	KBTBD2_p.Leu340Ile	1
by_gender	male	locationaa	KCNA1_p.Ser452Tyr	2
by_gender	male	locationaa	KCNA4_p.Arg216His	1
by_gender	male	locationaa	KCNA4_p.Arg447Cys	1
by_gender	male	locationaa	KCNA4_p.Glu188Asp	1
by_gender	male	locationaa	KCNA4_p.Gly238Glu	1
by_gender	male	locationaa	KCNA5_p.Arg279Ser	1
by_gender	male	locationaa	KCNA5_p.Phe275Leu	1
by_gender	male	locationaa	KCNB2_p.Arg429His	1
by_gender	male	locationaa	KCNB2_p.Arg60Cys	1
by_gender	male	locationaa	KCNB2_p.Glu146ArgfsTer23	1
by_gender	male	locationaa	KCNB2_p.Thr59Met	1
by_gender	male	locationaa	KCNB2_p.Thr69Lys	1
by_gender	male	locationaa	KCNG3_p.Phe407Leu	1
by_gender	male	locationaa	KCNH1_p.Arg183His	1
by_gender	male	locationaa	KCNH3_p.Phe839Leu	1
by_gender	male	locationaa	KCNH4_p.Ala559Ser	1
by_gender	male	locationaa	KCNH4_p.Arg511His	1
by_gender	male	locationaa	KCNH5_p.Arg560Cys	1
by_gender	male	locationaa	KCNH5_p.Ser946Asn	1
by_gender	male	locationaa	KCNIP2_p.Arg174Trp	1
by_gender	male	locationaa	KCNJ12_p.Ser266Leu	1
by_gender	male	locationaa	KCNJ6_p.Gly68Ser	1
by_gender	male	locationaa	KCNK13_p.Glu252Ter	1
by_gender	male	locationaa	KCNK3_p.Val221Met	1
by_gender	male	locationaa	KCNN1_p.Arg367Trp	1
by_gender	male	locationaa	KCNN4_p.His80Asp	1
by_gender	male	locationaa	KCNQ1_p.Lys422SerfsTer10	1
by_gender	male	locationaa	KCNQ2_p.Arg547Trp	1
by_gender	male	locationaa	KCNQ2_p.Ser110CysfsTer22	1
by_gender	male	locationaa	KCNQ3_p.Arg477His	1
by_gender	male	locationaa	KCNQ5_p.Arg194Lys	1
by_gender	male	locationaa	KCTD19_p.Pro298Leu	1
by_gender	male	locationaa	KCTD8_p.Arg461Cys	1
by_gender	male	locationaa	KDM2B_p.Met1191Thr	1
by_gender	male	locationaa	KDM4C_p.Met319Val	1
by_gender	male	locationaa	KDM5A_p.Glu18Gln	1
by_gender	male	locationaa	KDM5B_p.Gly1212Cys	1
by_gender	male	locationaa	KDM6A_p.Ser238LeufsTer6	1
by_gender	male	locationaa	KEL_p.Lys184Gln	1
by_gender	male	locationaa	KHDRBS2_p.Leu50Phe	1
by_gender	male	locationaa	KHDRBS2_p.Phe158IlefsTer5	1
by_gender	male	locationaa	KHDRBS3_p.Arg212Gln	1
by_gender	male	locationaa	KHSRP_p.Ile338Thr	1
by_gender	male	locationaa	KIAA0100_p.Leu42Val	1
by_gender	male	locationaa	KIAA0232_p.Gly1166Val	1
by_gender	male	locationaa	KIAA0319_p.Trp372Ter	1
by_gender	male	locationaa	KIAA0586_p.Val666Leu	1
by_gender	male	locationaa	KIAA0895_p.Arg321His	1
by_gender	male	locationaa	KIAA0895_p.His357ThrfsTer2	1
by_gender	male	locationaa	KIAA1210_p.Lys1349Asn	1
by_gender	male	locationaa	KIAA1217_p.Leu991Pro	1
by_gender	male	locationaa	KIAA1549_p.Arg1406Gly	1
by_gender	male	locationaa	KIAA1755_p.Arg590Gln	1
by_gender	male	locationaa	KIAA1755_p.Arg663Gln	1
by_gender	male	locationaa	KIAA1755_p.Thr554Ala	1
by_gender	male	locationaa	KIDINS220_p.Val1040Leu	1
by_gender	male	locationaa	KIF17_p.Arg281Cys	1
by_gender	male	locationaa	KIF1A_p.Arg370His	1
by_gender	male	locationaa	KIF1A_p.Glu703_Leu706del	2
by_gender	male	locationaa	KIF1A_p.Tyr338Cys	1
by_gender	male	locationaa	KIF20A_p.Arg282Ter	1
by_gender	male	locationaa	KIF24_p.Glu1083Asp	1
by_gender	male	locationaa	KIF24_p.His1041Asp	1
by_gender	male	locationaa	KIF26A_p.Pro1214Leu	1
by_gender	male	locationaa	KIF26B_p.Met1435Lys	1
by_gender	male	locationaa	KIF27_p.Ile616Arg	1
by_gender	male	locationaa	KIF27_p.Lys780Ter	1
by_gender	male	locationaa	KIF4B_p.Arg156His	1
by_gender	male	locationaa	KIF4B_p.Asp766Ala	1
by_gender	male	locationaa	KIF9_p.Lys240Thr	1
by_gender	male	locationaa	KIFC1_p.Ser597Pro	1
by_gender	male	locationaa	KIFC3_p.Arg74Gln	1
by_gender	male	locationaa	KIFC3_p.Val364Ile	1
by_gender	male	locationaa	KIR3DL3_p.Pro209Thr	1
by_gender	male	locationaa	KLF4_p.Ser411Tyr	1
by_gender	male	locationaa	KLHDC8A_p.Asp57Asn	1
by_gender	male	locationaa	KLHL25_p.Glu477Lys	1
by_gender	male	locationaa	KLHL26_p.Val499Met	1
by_gender	male	locationaa	KLHL34_p.Arg276Gln	1
by_gender	male	locationaa	KLHL36_p.Arg528His	1
by_gender	male	locationaa	KLHL38_p.Tyr126ThrfsTer5	1
by_gender	male	locationaa	KLHL3_p.Met236Thr	1
by_gender	male	locationaa	KLHL40_p.Ala149Thr	1
by_gender	male	locationaa	KLHL40_p.Val352Ile	1
by_gender	male	locationaa	KLHL4_p.Arg465His	1
by_gender	male	locationaa	KLK15_p.Arg130Cys	1
by_gender	male	locationaa	KLK15_p.Glu150Gln	1
by_gender	male	locationaa	KLKB1_p.Leu336Phe	1
by_gender	male	locationaa	KLRC3_p.Arg178His	1
by_gender	male	locationaa	KLRC3_p.Arg205His	1
by_gender	male	locationaa	KMT2A_p.Arg442Gln	1
by_gender	male	locationaa	KMT2A_p.Leu2893Ile	1
by_gender	male	locationaa	KMT2A_p.Pro3056Leu	1
by_gender	male	locationaa	KMT2B_p.Thr1650Ala	1
by_gender	male	locationaa	KMT2C_p.Ser1182Ter	1
by_gender	male	locationaa	KMT2D_p.Ala2491GlyfsTer15	1
by_gender	male	locationaa	KMT2D_p.Ser4125Phe	1
by_gender	male	locationaa	KMT2E_p.Arg802LysfsTer8	1
by_gender	male	locationaa	KMT2E_p.Ser1021Leu	1
by_gender	male	locationaa	KNDC1_p.Val543Ile	1
by_gender	male	locationaa	KPNA4_p.Gly314Ala	1
by_gender	male	locationaa	KRAS_p.Gln61Arg	2
by_gender	male	locationaa	KRAS_p.Gln61His	3
by_gender	male	locationaa	KRAS_p.Gly12Arg	14
by_gender	male	locationaa	KRAS_p.Gly12Asp	30
by_gender	male	locationaa	KRAS_p.Gly12Cys	1
by_gender	male	locationaa	KRAS_p.Gly12Ser	1
by_gender	male	locationaa	KRAS_p.Gly12Val	18
by_gender	male	locationaa	KRBA1_p.Ter1031TrpextTer115	1
by_gender	male	locationaa	KRT26_p.Gln269Ter	1
by_gender	male	locationaa	KRT28_p.Ser411Cys	1
by_gender	male	locationaa	KRT37_p.Lys232Asn	1
by_gender	male	locationaa	KRT39_p.Cys462Arg	1
by_gender	male	locationaa	KRT6A_p.Arg326Cys	1
by_gender	male	locationaa	KRT6C_p.Arg160Gln	1
by_gender	male	locationaa	KRT76_p.Gly135ValfsTer24	1
by_gender	male	locationaa	KRT78_p.Arg21His	1
by_gender	male	locationaa	KRT83_p.Ala35Thr	1
by_gender	male	locationaa	KRTAP11-1_p.Leu53Pro	1
by_gender	male	locationaa	KRTAP12-3_p.Val56Met	1
by_gender	male	locationaa	KRTAP19-3_p.Arg33His	1
by_gender	male	locationaa	KRTAP24-1_p.Val188Ile	1
by_gender	male	locationaa	KRTAP4-2_p.Arg102His	1
by_gender	male	locationaa	KRTAP5-3_p.Gly68Ser	1
by_gender	male	locationaa	KRTAP9-3_p.Cys112Gly	1
by_gender	male	locationaa	KSR2_p.Arg363Cys	1
by_gender	male	locationaa	KSR2_p.Arg838Cys	1
by_gender	male	locationaa	L1CAM_p.Gln291Ter	1
by_gender	male	locationaa	L1CAM_p.Glu64Gln	2
by_gender	male	locationaa	L3HYPDH_p.Gly189Ser	1
by_gender	male	locationaa	L3MBTL2_p.Ile495Thr	1
by_gender	male	locationaa	L3MBTL4_p.Arg516Gln	1
by_gender	male	locationaa	LAMA1_p.Gly3020Ser	1
by_gender	male	locationaa	LAMA2_p.Gly2561Ser	1
by_gender	male	locationaa	LAMA4_p.Glu452Lys	1
by_gender	male	locationaa	LAMB3_p.Gly600Arg	1
by_gender	male	locationaa	LAMC1_p.Arg49Leu	1
by_gender	male	locationaa	LARGE2_p.Cys313Arg	1
by_gender	male	locationaa	LARS2_p.Gly456Asp	1
by_gender	male	locationaa	LATS1_p.Arg502Cys	1
by_gender	male	locationaa	LATS2_p.Gln542Lys	1
by_gender	male	locationaa	LCE2B_p.Pro58Leu	1
by_gender	male	locationaa	LCE2C_p.Ser46Tyr	1
by_gender	male	locationaa	LCMT2_p.Ala373Gly	1
by_gender	male	locationaa	LCP1_p.Arg591Gln	1
by_gender	male	locationaa	LCT_p.Glu894Lys	1
by_gender	male	locationaa	LCT_p.Ser823Asn	1
by_gender	male	locationaa	LDB1_p.Gly349Arg	1
by_gender	male	locationaa	LEPR_p.Thr1111Met	1
by_gender	male	locationaa	LGALS3BP_p.Ala248Val	1
by_gender	male	locationaa	LGR6_p.Arg341Trp	1
by_gender	male	locationaa	LHFPL2_p.Arg78Trp	1
by_gender	male	locationaa	LHX3_p.Arg161Cys	1
by_gender	male	locationaa	LHX5_p.Leu141Phe	1
by_gender	male	locationaa	LIAS_p.Leu53Val	1
by_gender	male	locationaa	LILRA2_p.Asp211Tyr	1
by_gender	male	locationaa	LILRB1_p.Pro322Thr	1
by_gender	male	locationaa	LIN28B_p.Ser67Arg	1
by_gender	male	locationaa	LIN54_p.Arg191Met	1
by_gender	male	locationaa	LINGO1_p.Ala502Thr	1
by_gender	male	locationaa	LINGO2_p.Val72Ile	1
by_gender	male	locationaa	LINS1_p.Asp204Gly	1
by_gender	male	locationaa	LMAN1L_p.Gly303Glu	1
by_gender	male	locationaa	LMAN1L_p.Pro454Thr	1
by_gender	male	locationaa	LMAN2L_p.Gly121Ala	1
by_gender	male	locationaa	LMF2_p.Arg704Gln	1
by_gender	male	locationaa	LMLN_p.Glu73GlyfsTer4	1
by_gender	male	locationaa	LMX1B_p.Arg217Gln	1
by_gender	male	locationaa	LNX2_p.His532Tyr	1
by_gender	male	locationaa	LONRF3_p.Gly507Ser	1
by_gender	male	locationaa	LOX_p.Cys340Tyr	1
by_gender	male	locationaa	LPIN3_p.Leu113SerfsTer15	1
by_gender	male	locationaa	LPXN_p.Ala215Thr	1
by_gender	male	locationaa	LRBA_p.Arg2789Ter	1
by_gender	male	locationaa	LRBA_p.Val1749Ala	1
by_gender	male	locationaa	LRCH1_p.Asp343Tyr	1
by_gender	male	locationaa	LRCH3_p.Glu387Ter	1
by_gender	male	locationaa	LRFN1_p.Val207Glu	1
by_gender	male	locationaa	LRFN5_p.Met197Ile	1
by_gender	male	locationaa	LRFN5_p.Val589Met	1
by_gender	male	locationaa	LRIG1_p.Ala642Thr	1
by_gender	male	locationaa	LRP1B_p.Arg2240Ter	1
by_gender	male	locationaa	LRP1B_p.Gly1808Arg	1
by_gender	male	locationaa	LRP1B_p.Tyr756Phe	1
by_gender	male	locationaa	LRP1_p.Asp2757Asn	1
by_gender	male	locationaa	LRP1_p.Ile2145Val	1
by_gender	male	locationaa	LRP2_p.Arg1581Gln	1
by_gender	male	locationaa	LRP6_p.Ile1105Thr	1
by_gender	male	locationaa	LRRC40_p.Leu285Val	1
by_gender	male	locationaa	LRRC42_p.Thr236Lys	1
by_gender	male	locationaa	LRRC45_p.Leu166Arg	1
by_gender	male	locationaa	LRRC4C_p.Arg175His	1
by_gender	male	locationaa	LRRC55_p.Arg217Cys	1
by_gender	male	locationaa	LRRC7_p.Arg110Ter	2
by_gender	male	locationaa	LRRC7_p.Pro1482Thr	2
by_gender	male	locationaa	LRRC8D_p.Glu289Lys	1
by_gender	male	locationaa	LRRCC1_p.Cys219Tyr	1
by_gender	male	locationaa	LRRIQ1_p.Asn277Lys	1
by_gender	male	locationaa	LRRIQ4_p.Glu448Lys	1
by_gender	male	locationaa	LRRK2_p.Arg1462Cys	1
by_gender	male	locationaa	LRRK2_p.Met1831del	1
by_gender	male	locationaa	LSM14A_p.Pro80Ser	1
by_gender	male	locationaa	LTB4R_p.Ser37Thr	1
by_gender	male	locationaa	LTB4R_p.Thr188Met	1
by_gender	male	locationaa	LTBP2_p.Arg1752Trp	1
by_gender	male	locationaa	LTN1_p.Thr479Ile	1
by_gender	male	locationaa	LUC7L3_p.Thr176Met	1
by_gender	male	locationaa	LUZP1_p.Tyr199Ter	1
by_gender	male	locationaa	LYZL4_p.Gln77His	1
by_gender	male	locationaa	MAGEA8_p.Val294Ile	1
by_gender	male	locationaa	MAGEB10_p.Gly109Val	1
by_gender	male	locationaa	MAGEB2_p.Met286Leu	1
by_gender	male	locationaa	MAGEB6B_p.Ser93Cys	1
by_gender	male	locationaa	MAGED2_p.Thr549Asn	1
by_gender	male	locationaa	MAGEE2_p.His258Arg	1
by_gender	male	locationaa	MAGEL2_p.Ala894Val	1
by_gender	male	locationaa	MAML1_p.Thr433Met	1
by_gender	male	locationaa	MAN2B1_p.Arg757Trp	1
by_gender	male	locationaa	MAN2B2_p.Gln321His	1
by_gender	male	locationaa	MAP10_p.Thr74AsnfsTer14	1
by_gender	male	locationaa	MAP1B_p.Arg1897Trp	1
by_gender	male	locationaa	MAP1B_p.Arg303Ter	1
by_gender	male	locationaa	MAP1B_p.Glu1968Lys	1
by_gender	male	locationaa	MAP1LC3A_p.Ser90CysfsTer57	1
by_gender	male	locationaa	MAP2K4_p.Arg134Trp	1
by_gender	male	locationaa	MAP2K7_p.Thr327Met	1
by_gender	male	locationaa	MAP2_p.Asp559His	1
by_gender	male	locationaa	MAP2_p.Pro705Leu	1
by_gender	male	locationaa	MAP3K19_p.Gln382Arg	1
by_gender	male	locationaa	MAP3K21_p.Arg575Ter	1
by_gender	male	locationaa	MAP3K21_p.Met302Ter	1
by_gender	male	locationaa	MAP3K21_p.Tyr724Ter	1
by_gender	male	locationaa	MAP3K5_p.Gly20Ala	1
by_gender	male	locationaa	MAP3K5_p.Thr1225GlufsTer10	1
by_gender	male	locationaa	MAP3K7CL_p.Pro147Leu	1
by_gender	male	locationaa	MAP4K1_p.Cys335Arg	1
by_gender	male	locationaa	MAP4K3_p.Asp374Tyr	1
by_gender	male	locationaa	MAP6_p.Pro613Leu	1
by_gender	male	locationaa	MAP7D1_p.Arg193Cys	1
by_gender	male	locationaa	MAP7D3_p.Ser346Leu	1
by_gender	male	locationaa	MAPK10_p.Ala380Ser	1
by_gender	male	locationaa	MAPK8IP3_p.Glu500Asp	1
by_gender	male	locationaa	MAPRE3_p.Arg174Trp	1
by_gender	male	locationaa	MAPT_p.Arg243Cys	1
by_gender	male	locationaa	MAPT_p.Arg243His	1
by_gender	male	locationaa	MARCHF5_p.Ile239Val	1
by_gender	male	locationaa	MARCHF8_p.Val163Ile	1
by_gender	male	locationaa	MARCO_p.Leu347Met	1
by_gender	male	locationaa	MARK2_p.Asn111Ser	1
by_gender	male	locationaa	MAST1_p.Gln418His	1
by_gender	male	locationaa	MAST4_p.Asp2564Tyr	1
by_gender	male	locationaa	MAST4_p.Lys2563Asn	1
by_gender	male	locationaa	MATN4_p.Arg501His	1
by_gender	male	locationaa	MAZ_p.Arg348Trp	1
by_gender	male	locationaa	MBD6_p.Leu304ProfsTer69	1
by_gender	male	locationaa	MBNL2_p.Arg192Gln	1
by_gender	male	locationaa	MBTD1_p.Gly427Glu	1
by_gender	male	locationaa	MC3R_p.Arg307Cys	1
by_gender	male	locationaa	MCEMP1_p.Ile154Val	1
by_gender	male	locationaa	MCF2L2_p.Lys419Ile	1
by_gender	male	locationaa	MCF2L_p.Arg87Gln	1
by_gender	male	locationaa	MCF2L_p.Thr902Met	1
by_gender	male	locationaa	MCHR2_p.Phe208SerfsTer5	1
by_gender	male	locationaa	MCM2_p.Arg284Cys	1
by_gender	male	locationaa	MCM3AP_p.His1590Tyr	1
by_gender	male	locationaa	MCM3_p.Cys158Arg	1
by_gender	male	locationaa	MCM6_p.Arg658Cys	1
by_gender	male	locationaa	MCPH1_p.Gly243Val	1
by_gender	male	locationaa	MDGA1_p.Arg51Trp	1
by_gender	male	locationaa	MDGA2_p.Arg845Lys	1
by_gender	male	locationaa	MDM1_p.Asp530Glu	1
by_gender	male	locationaa	MDM1_p.Pro59Leu	1
by_gender	male	locationaa	MDM2_p.His134Asp	1
by_gender	male	locationaa	MDN1_p.Arg2420Gln	1
by_gender	male	locationaa	ME3_p.Arg435His	1
by_gender	male	locationaa	MECOM_p.Asn445ArgfsTer14	1
by_gender	male	locationaa	MED12L_p.Gly625Glu	1
by_gender	male	locationaa	MED15_p.Phe634Ser	1
by_gender	male	locationaa	MED16_p.Trp823Ter	1
by_gender	male	locationaa	MED18_p.Pro91Ser	1
by_gender	male	locationaa	MED1_p.Pro1301Leu	1
by_gender	male	locationaa	MEF2C_p.Arg256Gln	1
by_gender	male	locationaa	MEF2D_p.Pro473Leu	1
by_gender	male	locationaa	MEFV_p.Glu656Lys	1
by_gender	male	locationaa	MEGF8_p.Arg1506Cys	1
by_gender	male	locationaa	MERTK_p.Thr846Ala	1
by_gender	male	locationaa	METAP1_p.Ser384Phe	1
by_gender	male	locationaa	METTL27_p.Ala179Gly	1
by_gender	male	locationaa	MEX3C_p.Gly460Glu	1
by_gender	male	locationaa	MFAP3L_p.Val46Met	1
by_gender	male	locationaa	MFHAS1_p.Pro289LeufsTer53	1
by_gender	male	locationaa	MFSD14B_p.Ser235Thr	1
by_gender	male	locationaa	MGAT3_p.Pro518Ser	1
by_gender	male	locationaa	MGAT5_p.Met27Val	1
by_gender	male	locationaa	MGA_p.Ala2956Gly	1
by_gender	male	locationaa	MIA2_p.Pro747Ala	1
by_gender	male	locationaa	MIA3_p.Arg1715Ter	1
by_gender	male	locationaa	MICAL2_p.Asp566Glu	1
by_gender	male	locationaa	MICU3_p.Arg412His	1
by_gender	male	locationaa	MISP_p.Arg366Trp	1
by_gender	male	locationaa	MKI67_p.Lys2240Asn	1
by_gender	male	locationaa	MKX_p.Arg156Trp	1
by_gender	male	locationaa	MKX_p.Thr303Met	1
by_gender	male	locationaa	MLF2_p.Arg204Trp	1
by_gender	male	locationaa	MLH3_p.Val1009Ala	1
by_gender	male	locationaa	MLLT11_p.Asn60Ser	1
by_gender	male	locationaa	MMAA_p.Ser183del	1
by_gender	male	locationaa	MMP16_p.Gln363Ter	1
by_gender	male	locationaa	MMP16_p.Gly102Ser	1
by_gender	male	locationaa	MMRN1_p.Asp792Asn	1
by_gender	male	locationaa	MMS19_p.Asp886MetfsTer2	1
by_gender	male	locationaa	MOCS1_p.Glu247Gln	1
by_gender	male	locationaa	MOGS_p.Arg678Gln	1
by_gender	male	locationaa	MOK_p.Ser16Thr	1
by_gender	male	locationaa	MORF4L2_p.Glu128Asp	1
by_gender	male	locationaa	MOS_p.Thr257Met	1
by_gender	male	locationaa	MPHOSPH8_p.Gln366Glu	1
by_gender	male	locationaa	MPP2_p.Arg554Cys	1
by_gender	male	locationaa	MPZL1_p.Ser36Leu	1
by_gender	male	locationaa	MRC1_p.Ala1119Val	1
by_gender	male	locationaa	MRGPRF_p.Pro42Leu	1
by_gender	male	locationaa	MROH2B_p.Val79Phe	1
by_gender	male	locationaa	MROH5_p.Thr1208Met	1
by_gender	male	locationaa	MROH6_p.Leu566Met	1
by_gender	male	locationaa	MROH7_p.Val828Ile	1
by_gender	male	locationaa	MRPL35_p.Thr61AsnfsTer4	1
by_gender	male	locationaa	MRPL48_p.Tyr109ProfsTer8	1
by_gender	male	locationaa	MRPS30_p.Val422TyrfsTer2	1
by_gender	male	locationaa	MRTFA_p.Val204Gly	1
by_gender	male	locationaa	MS4A1_p.Gln268Ter	1
by_gender	male	locationaa	MSC_p.Ala206Thr	1
by_gender	male	locationaa	MSRB3_p.Ser161Leu	1
by_gender	male	locationaa	MST1R_p.Cys536Arg	1
by_gender	male	locationaa	MTERF3_p.Arg226Trp	1
by_gender	male	locationaa	MTG2_p.Ala250Thr	1
by_gender	male	locationaa	MTG2_p.Gly137Glu	1
by_gender	male	locationaa	MTMR12_p.Glu740Lys	1
by_gender	male	locationaa	MTMR12_p.Leu183Gln	1
by_gender	male	locationaa	MTNR1B_p.Gln356Ter	1
by_gender	male	locationaa	MTOR_p.Arg886His	1
by_gender	male	locationaa	MTUS2_p.Val560Met	1
by_gender	male	locationaa	MUC16_p.Ala4482Val	1
by_gender	male	locationaa	MUC16_p.Ala5705Val	1
by_gender	male	locationaa	MUC16_p.Ala7507Val	1
by_gender	male	locationaa	MUC16_p.Arg1787GlnfsTer36	1
by_gender	male	locationaa	MUC16_p.Glu8107Ter	1
by_gender	male	locationaa	MUC16_p.Met10102Ile	1
by_gender	male	locationaa	MUC17_p.Pro1691LeufsTer2	1
by_gender	male	locationaa	MUC17_p.Thr1508Met	1
by_gender	male	locationaa	MUC17_p.Thr947Ser	1
by_gender	male	locationaa	MUC2_p.His121Leu	1
by_gender	male	locationaa	MUC2_p.Val312Met	1
by_gender	male	locationaa	MUC5AC_p.Gln249SerfsTer6	1
by_gender	male	locationaa	MUC5AC_p.Glu4699GlyfsTer90	1
by_gender	male	locationaa	MUC6_p.Gln905ThrfsTer189	1
by_gender	male	locationaa	MUC6_p.Ser2130del	1
by_gender	male	locationaa	MUS81_p.Ala245Thr	1
by_gender	male	locationaa	MUTYH_p.Glu458LysfsTer6	1
by_gender	male	locationaa	MVP_p.Gly246Val	1
by_gender	male	locationaa	MX2_p.Gln71His	1
by_gender	male	locationaa	MYBBP1A_p.Ala20Val	1
by_gender	male	locationaa	MYBPH_p.Gly424Asp	1
by_gender	male	locationaa	MYEOV_p.Val90Met	1
by_gender	male	locationaa	MYH10_p.Gly1303Cys	1
by_gender	male	locationaa	MYH11_p.Val720Ile	1
by_gender	male	locationaa	MYH13_p.Thr1793Met	1
by_gender	male	locationaa	MYH14_p.Arg1944Trp	1
by_gender	male	locationaa	MYH15_p.Arg810Ter	1
by_gender	male	locationaa	MYH15_p.Gln1124Pro	1
by_gender	male	locationaa	MYH15_p.Lys1784Asn	1
by_gender	male	locationaa	MYH4_p.Leu836Pro	1
by_gender	male	locationaa	MYH4_p.Met303Ile	1
by_gender	male	locationaa	MYH6_p.Arg1151Gln	1
by_gender	male	locationaa	MYH7B_p.Gln1329AspfsTer60	1
by_gender	male	locationaa	MYH7_p.Arg442His	1
by_gender	male	locationaa	MYH7_p.Leu1622Val	1
by_gender	male	locationaa	MYH7_p.Thr937Ala	1
by_gender	male	locationaa	MYL9_p.Met130Val	1
by_gender	male	locationaa	MYLK_p.Ala1029Thr	1
by_gender	male	locationaa	MYO10_p.Tyr1527ThrfsTer26	1
by_gender	male	locationaa	MYO15A_p.Arg482Gln	1
by_gender	male	locationaa	MYO15A_p.Pro1198Ser	1
by_gender	male	locationaa	MYO16_p.Arg1293Gln	1
by_gender	male	locationaa	MYO16_p.Phe842SerfsTer17	1
by_gender	male	locationaa	MYO18B_p.Thr870Ile	1
by_gender	male	locationaa	MYO18B_p.Val309Leu	1
by_gender	male	locationaa	MYO1F_p.Arg691Gln	1
by_gender	male	locationaa	MYO3A_p.Glu61Asp	1
by_gender	male	locationaa	MYO3B_p.Gly436Arg	1
by_gender	male	locationaa	MYO5C_p.Arg842Ter	1
by_gender	male	locationaa	MYO7B_p.Arg302Cys	1
by_gender	male	locationaa	MYO9A_p.Val185Ile	1
by_gender	male	locationaa	MYO9B_p.Asp1426His	1
by_gender	male	locationaa	MYO9B_p.Gly1602Ser	1
by_gender	male	locationaa	MYOM1_p.Leu1414ArgfsTer14	1
by_gender	male	locationaa	MYOM2_p.Ser1392Leu	1
by_gender	male	locationaa	MYOM2_p.Val670Met	1
by_gender	male	locationaa	MYOT_p.Arg230Lys	1
by_gender	male	locationaa	MYOT_p.Val313Asp	1
by_gender	male	locationaa	MYRF_p.Arg983ProfsTer15	1
by_gender	male	locationaa	MYRF_p.Arg985His	1
by_gender	male	locationaa	MYT1L_p.Asp37Asn	1
by_gender	male	locationaa	NAA16_p.Ser360Arg	1
by_gender	male	locationaa	NAA25_p.Lys39Glu	1
by_gender	male	locationaa	NAA60_p.Leu161Phe	1
by_gender	male	locationaa	NAALAD2_p.Arg281Gln	1
by_gender	male	locationaa	NAB2_p.Pro217Leu	1
by_gender	male	locationaa	NAB2_p.Pro217Ser	1
by_gender	male	locationaa	NACA_p.Arg71Trp	1
by_gender	male	locationaa	NACC2_p.Glu22Gly	1
by_gender	male	locationaa	NADSYN1_p.Arg430Trp	1
by_gender	male	locationaa	NAGPA_p.Gly371Ter	1
by_gender	male	locationaa	NAIP_p.Leu38Pro	1
by_gender	male	locationaa	NALCN_p.Arg1181Ter	1
by_gender	male	locationaa	NARS2_p.Ile329Leu	1
by_gender	male	locationaa	NBPF11_p.Thr510Ala	1
by_gender	male	locationaa	NCAM1_p.Ala298Val	1
by_gender	male	locationaa	NCAM1_p.Thr572Asn	1
by_gender	male	locationaa	NCAPD3_p.Asn1196Asp	1
by_gender	male	locationaa	NCAPD3_p.Ser1139Ile	1
by_gender	male	locationaa	NCAPG_p.Glu771Gln	1
by_gender	male	locationaa	NCAPH_p.Arg67Gln	1
by_gender	male	locationaa	NCAPH_p.Asp360Tyr	1
by_gender	male	locationaa	NCBP2L_p.Arg27Cys	1
by_gender	male	locationaa	NCF4_p.Arg318His	1
by_gender	male	locationaa	NCKAP5L_p.Ile190Phe	1
by_gender	male	locationaa	NCKAP5_p.Ile1004Val	1
by_gender	male	locationaa	NCOA2_p.Leu147Pro	1
by_gender	male	locationaa	NCOA2_p.Lys354ThrfsTer13	1
by_gender	male	locationaa	NDUFA4_p.Ala9Thr	1
by_gender	male	locationaa	NEBL_p.Arg845Cys	1
by_gender	male	locationaa	NECAB1_p.Gln160Ter	1
by_gender	male	locationaa	NECTIN3_p.Arg432Gln	1
by_gender	male	locationaa	NEFL_p.Arg212Cys	1
by_gender	male	locationaa	NEK10_p.Glu682Gly	1
by_gender	male	locationaa	NEK4_p.Met628Val	1
by_gender	male	locationaa	NEK9_p.Glu127Ala	1
by_gender	male	locationaa	NELFA_p.Thr463Met	1
by_gender	male	locationaa	NELFCD_p.Ala252Val	1
by_gender	male	locationaa	NELL2_p.Asp643Glu	1
by_gender	male	locationaa	NELL2_p.Thr273Ser	1
by_gender	male	locationaa	NES_p.Ser1409Tyr	1
by_gender	male	locationaa	NEU4_p.Arg180His	1
by_gender	male	locationaa	NEURL4_p.Arg738Leu	1
by_gender	male	locationaa	NF1_p.Met992Ile	1
by_gender	male	locationaa	NFAM1_p.Glu262Lys	1
by_gender	male	locationaa	NFATC2_p.Ser56Phe	1
by_gender	male	locationaa	NFE2L2_p.Ile28Thr	1
by_gender	male	locationaa	NFKBIA_p.Glu72Gln	1
by_gender	male	locationaa	NFKBIZ_p.Gln541Lys	1
by_gender	male	locationaa	NFS1_p.Arg432His	1
by_gender	male	locationaa	NHLH1_p.Val130Met	1
by_gender	male	locationaa	NHS_p.Glu1211Gln	1
by_gender	male	locationaa	NIBAN1_p.Arg492Gln	1
by_gender	male	locationaa	NIBAN1_p.Leu676His	1
by_gender	male	locationaa	NIBAN3_p.Ala594Ser	1
by_gender	male	locationaa	NIPA2_p.Arg172His	1
by_gender	male	locationaa	NIPBL_p.Ile585Val	1
by_gender	male	locationaa	NKD1_p.Thr269Met	1
by_gender	male	locationaa	NLGN1_p.Ser663Asn	1
by_gender	male	locationaa	NLGN3_p.Arg613Gln	1
by_gender	male	locationaa	NLK_p.Gly336Arg	1
by_gender	male	locationaa	NLRC5_p.Asp650Asn	1
by_gender	male	locationaa	NLRP10_p.Leu347Ile	1
by_gender	male	locationaa	NLRP12_p.His228Arg	1
by_gender	male	locationaa	NLRP13_p.Asp288Val	1
by_gender	male	locationaa	NLRP13_p.Trp335Leu	1
by_gender	male	locationaa	NLRP3_p.Val289Met	1
by_gender	male	locationaa	NLRP4_p.Lys268Glu	1
by_gender	male	locationaa	NLRP5_p.Lys850Gln	1
by_gender	male	locationaa	NLRP8_p.Arg585Lys	1
by_gender	male	locationaa	NLRP8_p.Arg787Trp	1
by_gender	male	locationaa	NMS_p.Arg58His	1
by_gender	male	locationaa	NOBOX_p.Arg302His	1
by_gender	male	locationaa	NOC4L_p.Arg344Cys	1
by_gender	male	locationaa	NOD2_p.Arg439Cys	1
by_gender	male	locationaa	NOL4L_p.Gly112Ser	1
by_gender	male	locationaa	NOL4_p.Ser114Leu	1
by_gender	male	locationaa	NOL4_p.Ser368Thr	1
by_gender	male	locationaa	NOL8_p.Glu469Lys	1
by_gender	male	locationaa	NOS1_p.Arg304His	1
by_gender	male	locationaa	NOS1_p.Arg672His	1
by_gender	male	locationaa	NOS3_p.Glu527Lys	1
by_gender	male	locationaa	NOTCH1_p.Val453Ile	1
by_gender	male	locationaa	NOTCH3_p.Pro2311Leu	1
by_gender	male	locationaa	NOTUM_p.Arg244His	1
by_gender	male	locationaa	NPAP1_p.Ala561Thr	1
by_gender	male	locationaa	NPAP1_p.Glu264Lys	1
by_gender	male	locationaa	NPAP1_p.Gly1017Asp	1
by_gender	male	locationaa	NPAS3_p.Glu651Val	1
by_gender	male	locationaa	NPAS4_p.Lys165Asn	1
by_gender	male	locationaa	NPAT_p.Val968Ile	1
by_gender	male	locationaa	NPFFR1_p.Arg72Trp	1
by_gender	male	locationaa	NPHP3_p.Arg1028His	1
by_gender	male	locationaa	NPHP3_p.Arg724Cys	1
by_gender	male	locationaa	NPHS2_p.Pro144Thr	1
by_gender	male	locationaa	NPRL2_p.Ser289GlufsTer19	1
by_gender	male	locationaa	NPY1R_p.Thr280Ile	1
by_gender	male	locationaa	NPY5R_p.Pro331Thr	1
by_gender	male	locationaa	NR6A1_p.Arg58Ter	1
by_gender	male	locationaa	NRBP1_p.Arg63His	1
by_gender	male	locationaa	NRK_p.Arg901Trp	1
by_gender	male	locationaa	NRK_p.Leu478Phe	1
by_gender	male	locationaa	NRP2_p.Trp578Ter	1
by_gender	male	locationaa	NRXN2_p.Glu587Lys	1
by_gender	male	locationaa	NRXN2_p.Thr1508Met	1
by_gender	male	locationaa	NRXN3_p.Arg187Trp	1
by_gender	male	locationaa	NRXN3_p.Gly294Ser	1
by_gender	male	locationaa	NSUN5_p.Leu208His	1
by_gender	male	locationaa	NT5C1B_p.Pro180Thr	1
by_gender	male	locationaa	NTF3_p.Arg103Trp	1
by_gender	male	locationaa	NTF3_p.Arg138Gln	1
by_gender	male	locationaa	NTF3_p.Thr193Met	1
by_gender	male	locationaa	NTMT1_p.Ile42Asn	1
by_gender	male	locationaa	NTN5_p.Arg81Cys	1
by_gender	male	locationaa	NTNG1_p.Pro454Leu	1
by_gender	male	locationaa	NTNG1_p.Val271Ile	1
by_gender	male	locationaa	NTNG2_p.Arg324His	1
by_gender	male	locationaa	NTNG2_p.Arg381Ter	1
by_gender	male	locationaa	NUAK1_p.Ala653Val	1
by_gender	male	locationaa	NUAK2_p.Val477Met	1
by_gender	male	locationaa	NUDT6_p.Pro22Thr	1
by_gender	male	locationaa	NUDT9_p.Asn185Lys	1
by_gender	male	locationaa	NUF2_p.Arg371His	1
by_gender	male	locationaa	NUGGC_p.Gln66His	1
by_gender	male	locationaa	NUP153_p.Thr70Ala	1
by_gender	male	locationaa	NUP205_p.Ile1391Val	1
by_gender	male	locationaa	NUP210L_p.Ala622Thr	1
by_gender	male	locationaa	NUP50_p.Val408Ile	1
by_gender	male	locationaa	NUP54_p.Thr65Ser	1
by_gender	male	locationaa	NWD1_p.Pro1230Ser	1
by_gender	male	locationaa	NYAP2_p.Asp261Asn	1
by_gender	male	locationaa	NYAP2_p.Val440Ile	1
by_gender	male	locationaa	NYNRIN_p.Thr48ProfsTer77	1
by_gender	male	locationaa	OAS2_p.Val432Ile	1
by_gender	male	locationaa	OBSCN_p.Ala1075Ser	1
by_gender	male	locationaa	OBSCN_p.Ala2555Val	1
by_gender	male	locationaa	OBSCN_p.Arg2556Trp	1
by_gender	male	locationaa	OBSCN_p.Lys7516Arg	1
by_gender	male	locationaa	OBSL1_p.Arg1506His	1
by_gender	male	locationaa	OCA2_p.Ala233Glu	1
by_gender	male	locationaa	ODC1_p.Asp204Asn	1
by_gender	male	locationaa	ODF1_p.His50Asn	1
by_gender	male	locationaa	ODF2_p.Asp615Tyr	1
by_gender	male	locationaa	OFD1_p.Arg733Cys	1
by_gender	male	locationaa	OGT_p.Arg117His	1
by_gender	male	locationaa	OLFM1_p.Ala374Thr	1
by_gender	male	locationaa	OLFML2B_p.Arg579Cys	1
by_gender	male	locationaa	OLIG3_p.Arg91His	1
by_gender	male	locationaa	ONECUT2_p.Arg199Pro	1
by_gender	male	locationaa	OPA1_p.Glu762Gln	1
by_gender	male	locationaa	OPCML_p.Pro211Leu	1
by_gender	male	locationaa	OPRK1_p.Val65Leu	1
by_gender	male	locationaa	OPRL1_p.Trp175Arg	1
by_gender	male	locationaa	OR10G9_p.Val252Ile	1
by_gender	male	locationaa	OR10J1_p.Val205Leu	1
by_gender	male	locationaa	OR10K2_p.Gln196Ter	1
by_gender	male	locationaa	OR10X1_p.Lys311Ter	1
by_gender	male	locationaa	OR11H12_p.Ser82Tyr	1
by_gender	male	locationaa	OR11L1_p.Ala205Ser	1
by_gender	male	locationaa	OR13C2_p.Leu9Val	1
by_gender	male	locationaa	OR14A16_p.Ile271Met	1
by_gender	male	locationaa	OR14K1_p.Phe100Ser	1
by_gender	male	locationaa	OR1A1_p.Gly252Asp	1
by_gender	male	locationaa	OR1C1_p.Asp296Gly	1
by_gender	male	locationaa	OR1C1_p.Pro268Thr	1
by_gender	male	locationaa	OR1J2_p.Thr201Ala	1
by_gender	male	locationaa	OR2G3_p.Leu140His	1
by_gender	male	locationaa	OR2L13_p.Val50Gly	1
by_gender	male	locationaa	OR2L2_p.Arg265Ter	1
by_gender	male	locationaa	OR2M2_p.Thr269Met	1
by_gender	male	locationaa	OR2M4_p.Glu52Asp	1
by_gender	male	locationaa	OR2M4_p.Pro138Leu	1
by_gender	male	locationaa	OR2T1_p.Phe35Leu	1
by_gender	male	locationaa	OR2T3_p.Val81Met	1
by_gender	male	locationaa	OR2Y1_p.Arg172Ter	1
by_gender	male	locationaa	OR4A47_p.Asp189Glu	1
by_gender	male	locationaa	OR4A47_p.Pro181Thr	1
by_gender	male	locationaa	OR4B1_p.Val114Met	1
by_gender	male	locationaa	OR4C15_p.Leu290Ile	1
by_gender	male	locationaa	OR4C6_p.Met257Val	1
by_gender	male	locationaa	OR4C6_p.Val122Met	1
by_gender	male	locationaa	OR4D5_p.Phe106Leu	1
by_gender	male	locationaa	OR4E2_p.Arg233Cys	1
by_gender	male	locationaa	OR4F6_p.Val8Met	1
by_gender	male	locationaa	OR4M1_p.Met112Ile	1
by_gender	male	locationaa	OR4S1_p.Ile218Val	1
by_gender	male	locationaa	OR4S2_p.Ile133Leu	1
by_gender	male	locationaa	OR51A2_p.Ala144Thr	1
by_gender	male	locationaa	OR51A7_p.Ser119Tyr	1
by_gender	male	locationaa	OR51F2_p.Phe282Leu	1
by_gender	male	locationaa	OR51I2_p.Leu103Ile	1
by_gender	male	locationaa	OR52D1_p.Ser317Ter	1
by_gender	male	locationaa	OR52K2_p.Ala177Thr	1
by_gender	male	locationaa	OR5A1_p.Lys311Glu	1
by_gender	male	locationaa	OR5B17_p.Leu84Ile	1
by_gender	male	locationaa	OR5H1_p.Pro287Ser	1
by_gender	male	locationaa	OR5K3_p.Ile126Met	1
by_gender	male	locationaa	OR5L2_p.His159Asn	1
by_gender	male	locationaa	OR5M1_p.Arg193His	1
by_gender	male	locationaa	OR5M8_p.Arg20Trp	1
by_gender	male	locationaa	OR6C6_p.Arg62His	2
by_gender	male	locationaa	OR6K3_p.Gly186Glu	1
by_gender	male	locationaa	OR6Y1_p.Thr263Asn	1
by_gender	male	locationaa	OR8B12_p.Glu14Lys	1
by_gender	male	locationaa	OR8B12_p.Met208Ile	1
by_gender	male	locationaa	OR8B8_p.Thr279Asn	1
by_gender	male	locationaa	OR8G2P_p.Leu17Ile	1
by_gender	male	locationaa	OR8G5_p.Thr213Ile	1
by_gender	male	locationaa	OR8H2_p.Thr224Ala	1
by_gender	male	locationaa	OR8J3_p.Gln24Lys	1
by_gender	male	locationaa	OR9Q2_p.Glu269Lys	1
by_gender	male	locationaa	ORC3_p.Asn665Asp	1
by_gender	male	locationaa	OSBPL10_p.His512Tyr	1
by_gender	male	locationaa	OSBPL5_p.Trp234Ter	2
by_gender	male	locationaa	OSBPL6_p.Glu90Lys	1
by_gender	male	locationaa	OSBPL7_p.Pro503Leu	1
by_gender	male	locationaa	OSTF1_p.Val156Ile	1
by_gender	male	locationaa	OTOF_p.Arg1452Cys	2
by_gender	male	locationaa	OTOF_p.Arg723His	1
by_gender	male	locationaa	OTOGL_p.Asn1826Lys	1
by_gender	male	locationaa	OTUD6B_p.Tyr278del	1
by_gender	male	locationaa	OXCT2_p.Ala227Thr	1
by_gender	male	locationaa	OXNAD1_p.Met7Arg	1
by_gender	male	locationaa	OXR1_p.Arg198Gln	1
by_gender	male	locationaa	OXSM_p.Arg29Met	1
by_gender	male	locationaa	P2RY6_p.Ala281Val	1
by_gender	male	locationaa	P2RY8_p.Thr182Met	1
by_gender	male	locationaa	P4HA1_p.Asp139Tyr	1
by_gender	male	locationaa	P4HA1_p.Gly219Arg	1
by_gender	male	locationaa	PABPC5_p.Ile264Phe	1
by_gender	male	locationaa	PACRG_p.Arg162Ter	1
by_gender	male	locationaa	PACS2_p.Ser97del	1
by_gender	male	locationaa	PACSIN1_p.Lys321Thr	1
by_gender	male	locationaa	PAGE1_p.Leu7Val	1
by_gender	male	locationaa	PALD1_p.Tyr80Ter	1
by_gender	male	locationaa	PAMR1_p.Arg95Ter	1
by_gender	male	locationaa	PANX1_p.Ser171Leu	1
by_gender	male	locationaa	PAPLN_p.Pro1145Ala	1
by_gender	male	locationaa	PAPOLB_p.Asp521Asn	1
by_gender	male	locationaa	PAPPA2_p.Ile591Asn	1
by_gender	male	locationaa	PAPPA_p.Arg1251Trp	1
by_gender	male	locationaa	PAQR3_p.Thr196Lys	1
by_gender	male	locationaa	PAQR6_p.Arg171ValfsTer49	1
by_gender	male	locationaa	PAQR9_p.Asp305Tyr	1
by_gender	male	locationaa	PARD6A_p.Arg156Ter	1
by_gender	male	locationaa	PARP12_p.Asp200Val	1
by_gender	male	locationaa	PASK_p.Ser897Asn	1
by_gender	male	locationaa	PATJ_p.Ile1269Leu	1
by_gender	male	locationaa	PAWR_p.Ser264Leu	1
by_gender	male	locationaa	PAX9_p.His146Gln	1
by_gender	male	locationaa	PAXBP1_p.Arg645Cys	1
by_gender	male	locationaa	PBK_p.Lys18GlufsTer50	1
by_gender	male	locationaa	PBRM1_p.Arg540Thr	1
by_gender	male	locationaa	PBRM1_p.Leu1274Val	1
by_gender	male	locationaa	PCARE_p.Pro455Thr	1
by_gender	male	locationaa	PCBP3_p.Lys328Gln	1
by_gender	male	locationaa	PCDH11X_p.Ala11Val	1
by_gender	male	locationaa	PCDH11Y_p.Asp938His	1
by_gender	male	locationaa	PCDH12_p.Glu593Lys	1
by_gender	male	locationaa	PCDH12_p.Val495Asp	1
by_gender	male	locationaa	PCDH15_p.Arg577Trp	1
by_gender	male	locationaa	PCDH15_p.Asp470Asn	1
by_gender	male	locationaa	PCDH15_p.Gly737Cys	1
by_gender	male	locationaa	PCDH15_p.Ser1597Ile	1
by_gender	male	locationaa	PCDH15_p.Val1546Phe	1
by_gender	male	locationaa	PCDH17_p.Asp160Asn	1
by_gender	male	locationaa	PCDH18_p.Ile911Asn	1
by_gender	male	locationaa	PCDH9_p.Ala1225Val	1
by_gender	male	locationaa	PCDH9_p.Asn1218Tyr	1
by_gender	male	locationaa	PCDH9_p.Gly1121Ter	1
by_gender	male	locationaa	PCDHA11_p.Ala100Thr	1
by_gender	male	locationaa	PCDHA1_p.Ala540Val	1
by_gender	male	locationaa	PCDHA2_p.Asp598Gly	1
by_gender	male	locationaa	PCDHA2_p.Thr225Ala	1
by_gender	male	locationaa	PCDHA3_p.Arg65Trp	1
by_gender	male	locationaa	PCDHA7_p.Ala66Val	1
by_gender	male	locationaa	PCDHA7_p.Glu690Lys	1
by_gender	male	locationaa	PCDHA8_p.Glu526Lys	1
by_gender	male	locationaa	PCDHA9_p.Arg6Ter	1
by_gender	male	locationaa	PCDHB13_p.Ala361Val	1
by_gender	male	locationaa	PCDHB13_p.Val547Leu	1
by_gender	male	locationaa	PCDHB14_p.Gly22Val	1
by_gender	male	locationaa	PCDHB2_p.Arg726His	1
by_gender	male	locationaa	PCDHB2_p.Thr316Ile	1
by_gender	male	locationaa	PCDHB3_p.Arg530His	1
by_gender	male	locationaa	PCDHB3_p.Ser596Leu	1
by_gender	male	locationaa	PCDHB5_p.Ile156AsnfsTer6	1
by_gender	male	locationaa	PCDHB6_p.Arg788Gln	1
by_gender	male	locationaa	PCDHB7_p.Ala676Val	1
by_gender	male	locationaa	PCDHB7_p.Glu29Lys	1
by_gender	male	locationaa	PCDHB7_p.Val364Ile	1
by_gender	male	locationaa	PCDHB8_p.Glu242Lys	1
by_gender	male	locationaa	PCDHGA2_p.Ala559Val	1
by_gender	male	locationaa	PCDHGA2_p.Val626Met	1
by_gender	male	locationaa	PCDHGA5_p.Gly185Arg	1
by_gender	male	locationaa	PCDHGA6_p.Arg718Cys	1
by_gender	male	locationaa	PCDHGA6_p.Val743Met	1
by_gender	male	locationaa	PCDHGB1_p.Arg228Ter	1
by_gender	male	locationaa	PCDHGB1_p.Gly42Ser	1
by_gender	male	locationaa	PCDHGB4_p.Arg676Cys	1
by_gender	male	locationaa	PCDHGB7_p.Ala706Thr	1
by_gender	male	locationaa	PCDHGB7_p.Ser547Thr	1
by_gender	male	locationaa	PCDHGC5_p.Gly258Asp	1
by_gender	male	locationaa	PCNA_p.Leu12Phe	1
by_gender	male	locationaa	PCNX1_p.Ile1200Ser	1
by_gender	male	locationaa	PCOLCE_p.Pro310Ser	1
by_gender	male	locationaa	PCSK2_p.Pro480Leu	1
by_gender	male	locationaa	PCYT2_p.Glu75Lys	1
by_gender	male	locationaa	PDAP1_p.Arg150Gln	1
by_gender	male	locationaa	PDCD11_p.Glu20Gln	1
by_gender	male	locationaa	PDCD11_p.Thr839Met	1
by_gender	male	locationaa	PDCD2L_p.Ser268Pro	1
by_gender	male	locationaa	PDC_p.Pro187Ser	1
by_gender	male	locationaa	PDE10A_p.Leu201Ile	1
by_gender	male	locationaa	PDE10A_p.Thr441Met	1
by_gender	male	locationaa	PDE3A_p.Arg512Gln	1
by_gender	male	locationaa	PDE3A_p.Arg862His	1
by_gender	male	locationaa	PDE3A_p.Pro649His	2
by_gender	male	locationaa	PDE8B_p.Gly352Arg	1
by_gender	male	locationaa	PDGFC_p.Leu276Met	1
by_gender	male	locationaa	PDYN_p.Arg180His	1
by_gender	male	locationaa	PDZRN3_p.Asp526Gly	1
by_gender	male	locationaa	PDZRN3_p.Thr930Met	1
by_gender	male	locationaa	PDZRN4_p.Gln681Pro	1
by_gender	male	locationaa	PEAK1_p.Ile450Met	1
by_gender	male	locationaa	PEG10_p.Arg169His	1
by_gender	male	locationaa	PEG3_p.Asp208Asn	1
by_gender	male	locationaa	PER1_p.Ser622LysfsTer27	1
by_gender	male	locationaa	PES1_p.Gln376Lys	1
by_gender	male	locationaa	PEX16_p.Gly160Asp	1
by_gender	male	locationaa	PEX5L_p.Phe565Val	1
by_gender	male	locationaa	PFAS_p.Val953Met	1
by_gender	male	locationaa	PFKFB4_p.Tyr344Phe	2
by_gender	male	locationaa	PFKP_p.Arg755Trp	1
by_gender	male	locationaa	PGBD5_p.Arg152His	1
by_gender	male	locationaa	PGGT1B_p.Leu320Phe	1
by_gender	male	locationaa	PGM2_p.Pro602Gln	1
by_gender	male	locationaa	PHACTR1_p.Arg451Trp	1
by_gender	male	locationaa	PHACTR1_p.Arg465Gln	1
by_gender	male	locationaa	PHACTR3_p.Pro411Ser	1
by_gender	male	locationaa	PHB_p.Gly216Asp	1
by_gender	male	locationaa	PHEX_p.Val343Ile	1
by_gender	male	locationaa	PHF24_p.Arg225Cys	1
by_gender	male	locationaa	PHF3_p.Met1037Ile	1
by_gender	male	locationaa	PHIP_p.Ser1522Phe	1
by_gender	male	locationaa	PHKB_p.Asp584Asn	1
by_gender	male	locationaa	PHLDB2_p.His1131Tyr	1
by_gender	male	locationaa	PHLPP1_p.Leu788Arg	1
by_gender	male	locationaa	PHOSPHO1_p.Gly156Val	1
by_gender	male	locationaa	PHYKPL_p.Ala168Pro	1
by_gender	male	locationaa	PI4KB_p.Arg274His	1
by_gender	male	locationaa	PIAS4_p.Gly381Arg	1
by_gender	male	locationaa	PIF1_p.Arg145Cys	1
by_gender	male	locationaa	PIGO_p.Asp509His	1
by_gender	male	locationaa	PIGO_p.Val90Glu	1
by_gender	male	locationaa	PIK3CA_p.Arg979Gly	1
by_gender	male	locationaa	PIK3CA_p.Asp1017Asn	1
by_gender	male	locationaa	PIK3CA_p.Pro539Arg	1
by_gender	male	locationaa	PIK3CG_p.Pro193Leu	1
by_gender	male	locationaa	PIK3CG_p.Pro313Leu	1
by_gender	male	locationaa	PIKFYVE_p.Pro964Leu	1
by_gender	male	locationaa	PITPNM2_p.Ser420Tyr	1
by_gender	male	locationaa	PITRM1_p.Val863Leu	1
by_gender	male	locationaa	PIWIL1_p.Glu344Asp	1
by_gender	male	locationaa	PIWIL3_p.Glu313LysfsTer2	1
by_gender	male	locationaa	PKD1L2_p.Gly421Ala	1
by_gender	male	locationaa	PKD1_p.Ser2397Gly	1
by_gender	male	locationaa	PKD2_p.Arg742Gln	1
by_gender	male	locationaa	PKDCC_p.Pro305Ser	1
by_gender	male	locationaa	PKHD1_p.Arg2979Gln	1
by_gender	male	locationaa	PKHD1_p.Ser98Phe	1
by_gender	male	locationaa	PKN1_p.Asp825Asn	1
by_gender	male	locationaa	PKNOX2_p.Arg304His	1
by_gender	male	locationaa	PKP2_p.Tyr161Cys	1
by_gender	male	locationaa	PLAAT4_p.Arg18Cys	1
by_gender	male	locationaa	PLAAT5_p.Pro208Leu	1
by_gender	male	locationaa	PLB1_p.Asp1194Tyr	1
by_gender	male	locationaa	PLCE1_p.Asp1266Asn	1
by_gender	male	locationaa	PLCE1_p.Lys825Glu	1
by_gender	male	locationaa	PLCG2_p.Lys539Ter	1
by_gender	male	locationaa	PLD3_p.Arg424His	1
by_gender	male	locationaa	PLD5_p.Gln463Glu	1
by_gender	male	locationaa	PLD5_p.Val376Ile	1
by_gender	male	locationaa	PLEC_p.Ala4106Val	1
by_gender	male	locationaa	PLEKHA4_p.Arg225Trp	1
by_gender	male	locationaa	PLEKHA5_p.Glu456Lys	1
by_gender	male	locationaa	PLEKHA8_p.Cys295Gly	1
by_gender	male	locationaa	PLEKHG1_p.Glu1049ValfsTer31	1
by_gender	male	locationaa	PLEKHG2_p.Met343Ile	1
by_gender	male	locationaa	PLEKHH1_p.Val866Met	1
by_gender	male	locationaa	PLEKHH2_p.Gly730Val	2
by_gender	male	locationaa	PLEK_p.Leu314PhefsTer48	1
by_gender	male	locationaa	PLPP4_p.Ala189Thr	1
by_gender	male	locationaa	PLPPR5_p.Val200Leu	1
by_gender	male	locationaa	PLXDC2_p.Glu446Asp	1
by_gender	male	locationaa	PLXNA2_p.Arg125His	1
by_gender	male	locationaa	PLXNB1_p.Met587Ile	1
by_gender	male	locationaa	PLXNB1_p.Val1769Gly	1
by_gender	male	locationaa	PMEPA1_p.Gly222ArgfsTer42	1
by_gender	male	locationaa	PMEPA1_p.Ser209AlafsTer61	1
by_gender	male	locationaa	PMEPA1_p.Ser209GlnfsTer3	1
by_gender	male	locationaa	PNMA5_p.Arg288His	1
by_gender	male	locationaa	PNPLA7_p.Glu988Lys	1
by_gender	male	locationaa	PODN_p.Thr331Ser	1
by_gender	male	locationaa	POGLUT3_p.Arg205Gln	1
by_gender	male	locationaa	POLA1_p.Val1169Ala	1
by_gender	male	locationaa	POLE_p.Val877Leu	1
by_gender	male	locationaa	POLR1B_p.Pro572Ser	1
by_gender	male	locationaa	POLR2B_p.Arg405Lys	1
by_gender	male	locationaa	POLR2G_p.Leu170Pro	1
by_gender	male	locationaa	POM121L12_p.Ala291Ser	1
by_gender	male	locationaa	POM121L12_p.Arg146His	1
by_gender	male	locationaa	POM121L12_p.Pro238Leu	1
by_gender	male	locationaa	POMC_p.Ala109Val	1
by_gender	male	locationaa	POTEE_p.Arg816Cys	1
by_gender	male	locationaa	POTEE_p.Gln286Pro	1
by_gender	male	locationaa	POU4F3_p.Arg278Cys	1
by_gender	male	locationaa	PPARGC1B_p.Ser856Cys	1
by_gender	male	locationaa	PPFIA2_p.Thr155Met	1
by_gender	male	locationaa	PPIL1_p.Thr93Met	1
by_gender	male	locationaa	PPIL2_p.Glu458Ter	1
by_gender	male	locationaa	PPM1G_p.Arg220His	1
by_gender	male	locationaa	PPOX_p.Val316Leu	1
by_gender	male	locationaa	PPP1R16B_p.Arg371Trp	1
by_gender	male	locationaa	PPP1R1B_p.Arg32SerfsTer43	1
by_gender	male	locationaa	PPP1R3A_p.Leu807Ter	1
by_gender	male	locationaa	PPP1R3A_p.Val1032Leu	1
by_gender	male	locationaa	PPP1R9A_p.Thr716Asn	1
by_gender	male	locationaa	PPP1R9B_p.Asp795His	1
by_gender	male	locationaa	PPP2CA_p.Ser43Pro	1
by_gender	male	locationaa	PPP2R1A_p.Glu84Gln	1
by_gender	male	locationaa	PPP2R1B_p.Arg233Cys	1
by_gender	male	locationaa	PPP2R1B_p.Lys370Arg	1
by_gender	male	locationaa	PPP2R3A_p.Gly954Glu	1
by_gender	male	locationaa	PPP4R2_p.Met39Val	1
by_gender	male	locationaa	PRAM1_p.Ala162Val	1
by_gender	male	locationaa	PRAMEF17_p.Asn387His	1
by_gender	male	locationaa	PRAMEF19_p.Arg7Cys	1
by_gender	male	locationaa	PRAMEF19_p.Arg94His	1
by_gender	male	locationaa	PRAMEF4_p.Arg50Cys	1
by_gender	male	locationaa	PRB1_p.Arg91Gln	1
by_gender	male	locationaa	PRC1_p.Ser70IlefsTer17	1
by_gender	male	locationaa	PRDM13_p.Pro438Ser	1
by_gender	male	locationaa	PRDM16_p.Arg933SerfsTer39	1
by_gender	male	locationaa	PRDM5_p.Lys206Asn	1
by_gender	male	locationaa	PRELID3B_p.Asp37Val	1
by_gender	male	locationaa	PREX1_p.Ala222Thr	1
by_gender	male	locationaa	PREX1_p.Arg1509Ser	1
by_gender	male	locationaa	PREX2_p.Arg463Cys	1
by_gender	male	locationaa	PRG4_p.Tyr53Ser	1
by_gender	male	locationaa	PRICKLE1_p.Glu593Gly	1
by_gender	male	locationaa	PRICKLE2_p.Arg625Ter	1
by_gender	male	locationaa	PRIMA1_p.Pro67Leu	1
by_gender	male	locationaa	PRKACB_p.Tyr236Cys	1
by_gender	male	locationaa	PRKD1_p.Ile816SerfsTer7	1
by_gender	male	locationaa	PRL_p.Arg76Gln	1
by_gender	male	locationaa	PRL_p.Val52Ile	1
by_gender	male	locationaa	PRODH2_p.Glu265Val	1
by_gender	male	locationaa	PRODH2_p.Gly220Val	1
by_gender	male	locationaa	PROKR1_p.Glu385Lys	1
by_gender	male	locationaa	PROM2_p.Arg412Cys	1
by_gender	male	locationaa	PROP1_p.Arg55Ser	1
by_gender	male	locationaa	PROSER3_p.Val164Phe	1
by_gender	male	locationaa	PROZ_p.Thr368Met	1
by_gender	male	locationaa	PRPF8_p.Cys1594Arg	1
by_gender	male	locationaa	PRPS1L1_p.Ile107Val	1
by_gender	male	locationaa	PRR12_p.Thr888Met	1
by_gender	male	locationaa	PRR16_p.Ser235Arg	1
by_gender	male	locationaa	PRR22_p.Cys307Ser	1
by_gender	male	locationaa	PRR27_p.Ile44Thr	1
by_gender	male	locationaa	PRR5L_p.Val214Glu	2
by_gender	male	locationaa	PRRX2_p.Arg125His	1
by_gender	male	locationaa	PRSS1_p.Lys223del	1
by_gender	male	locationaa	PRSS23_p.Pro27Leu	1
by_gender	male	locationaa	PRSS35_p.Glu244Lys	1
by_gender	male	locationaa	PRSS38_p.Val118Ile	1
by_gender	male	locationaa	PRTFDC1_p.Gly78ValfsTer9	1
by_gender	male	locationaa	PRX_p.Arg897Gln	1
by_gender	male	locationaa	PSD_p.Ala459Thr	1
by_gender	male	locationaa	PSD_p.Ala978Val	1
by_gender	male	locationaa	PSD_p.Arg71His	1
by_gender	male	locationaa	PSG7_p.Arg289Cys	1
by_gender	male	locationaa	PSG7_p.Gly48ArgfsTer43	1
by_gender	male	locationaa	PSG7_p.Pro222Thr	1
by_gender	male	locationaa	PSG8_p.Arg320Cys	1
by_gender	male	locationaa	PSME4_p.His935Arg	1
by_gender	male	locationaa	PSME4_p.Phe1352Ile	1
by_gender	male	locationaa	PSMG3_p.Ala84Thr	1
by_gender	male	locationaa	PTCH1_p.Asp233Gly	1
by_gender	male	locationaa	PTCH2_p.Gly426Asp	1
by_gender	male	locationaa	PTCHD3_p.Arg243Trp	1
by_gender	male	locationaa	PTDSS1_p.Gln217Glu	1
by_gender	male	locationaa	PTDSS1_p.Tyr409Cys	1
by_gender	male	locationaa	PTDSS2_p.Asp114Asn	1
by_gender	male	locationaa	PTGES_p.Asp75Asn	1
by_gender	male	locationaa	PTGIS_p.Glu314Lys	1
by_gender	male	locationaa	PTHLH_p.Arg141Gln	1
by_gender	male	locationaa	PTP4A2_p.Leu34_Lys35insIle	1
by_gender	male	locationaa	PTPDC1_p.Glu42Gly	1
by_gender	male	locationaa	PTPN12_p.Met212Ile	1
by_gender	male	locationaa	PTPN12_p.Phe117Cys	1
by_gender	male	locationaa	PTPN13_p.Glu317Lys	1
by_gender	male	locationaa	PTPN13_p.Leu586Met	1
by_gender	male	locationaa	PTPN14_p.Arg572Trp	1
by_gender	male	locationaa	PTPN23_p.Ser1133Phe	1
by_gender	male	locationaa	PTPN5_p.Ala418Val	1
by_gender	male	locationaa	PTPRE_p.Arg125His	1
by_gender	male	locationaa	PTPRE_p.Gly633Val	1
by_gender	male	locationaa	PTPRE_p.Val528Leu	1
by_gender	male	locationaa	PTPRF_p.Leu272Pro	1
by_gender	male	locationaa	PTPRG_p.Val1335Ile	1
by_gender	male	locationaa	PTPRH_p.Gly527Cys	1
by_gender	male	locationaa	PTPRN2_p.Gly380Arg	1
by_gender	male	locationaa	PTPRS_p.Pro1271Leu	1
by_gender	male	locationaa	PTX4_p.Arg174Trp	1
by_gender	male	locationaa	PUM2_p.Pro219Ser	1
by_gender	male	locationaa	PUS3_p.Glu437AspfsTer2	1
by_gender	male	locationaa	PUSL1_p.Arg140Trp	1
by_gender	male	locationaa	PWP1_p.Gly211Glu	1
by_gender	male	locationaa	PXDNL_p.Ala857Val	1
by_gender	male	locationaa	PXDN_p.Thr438Met	1
by_gender	male	locationaa	PXK_p.Pro394Ala	1
by_gender	male	locationaa	PXT1_p.Arg99Ter	1
by_gender	male	locationaa	QARS1_p.Val651Phe	1
by_gender	male	locationaa	QPCT_p.Arg7Trp	1
by_gender	male	locationaa	QRICH2_p.Asp540Tyr	1
by_gender	male	locationaa	QRICH2_p.Gly1117Ala	1
by_gender	male	locationaa	RAB25_p.Ala88Thr	1
by_gender	male	locationaa	RAB3GAP2_p.Leu1217Val	1
by_gender	male	locationaa	RAB40B_p.Ala145Thr	1
by_gender	male	locationaa	RAB6B_p.Arg63Pro	1
by_gender	male	locationaa	RAD23B_p.Asn68ThrfsTer7	1
by_gender	male	locationaa	RAD51AP1_p.Lys300Asn	1
by_gender	male	locationaa	RAG1_p.Arg108Ter	2
by_gender	male	locationaa	RAG1_p.Arg776Trp	1
by_gender	male	locationaa	RALYL_p.Thr165Met	1
by_gender	male	locationaa	RANBP3_p.Glu7Gln	1
by_gender	male	locationaa	RANBP9_p.Arg343Trp	1
by_gender	male	locationaa	RAPGEF2_p.Arg667Ile	1
by_gender	male	locationaa	RARS2_p.Arg6Cys	1
by_gender	male	locationaa	RASAL3_p.Ala496Val	1
by_gender	male	locationaa	RASGEF1C_p.Phe255Cys	1
by_gender	male	locationaa	RASGRF2_p.Phe339Leu	1
by_gender	male	locationaa	RASSF2_p.Arg151Cys	1
by_gender	male	locationaa	RAVER1_p.His567Leu	1
by_gender	male	locationaa	RAX2_p.Ser56Arg	1
by_gender	male	locationaa	RBBP6_p.Ser720Ile	1
by_gender	male	locationaa	RBBP8_p.Gly391Arg	1
by_gender	male	locationaa	RBFOX1_p.Ala78Val	1
by_gender	male	locationaa	RBM15_p.Arg616Leu	1
by_gender	male	locationaa	RBM27_p.Gly981Glu	2
by_gender	male	locationaa	RBM45_p.Gln473Glu	1
by_gender	male	locationaa	RBM5_p.Lys200Glu	1
by_gender	male	locationaa	RBM6_p.Leu522Arg	1
by_gender	male	locationaa	RBMXL2_p.Asp267Asn	1
by_gender	male	locationaa	RBP3_p.Arg665Gln	1
by_gender	male	locationaa	RCAN3_p.Pro141Arg	1
by_gender	male	locationaa	RCC1L_p.Ala236Thr	1
by_gender	male	locationaa	RCOR2_p.Gln337Ter	1
by_gender	male	locationaa	RDH5_p.Pro283Gln	1
by_gender	male	locationaa	RECK_p.Arg69Ter	1
by_gender	male	locationaa	RECQL5_p.Pro844Ser	1
by_gender	male	locationaa	RELCH_p.Asp560Asn	1
by_gender	male	locationaa	RELN_p.Arg2285His	1
by_gender	male	locationaa	RELN_p.Asp1215Asn	1
by_gender	male	locationaa	RFPL1_p.Val186Met	1
by_gender	male	locationaa	RFTN2_p.Glu213Gly	1
by_gender	male	locationaa	RFX3_p.Asp393Gly	1
by_gender	male	locationaa	RGMA_p.Val294Ile	1
by_gender	male	locationaa	RGPD2_p.Asp1425Asn	1
by_gender	male	locationaa	RGS22_p.Thr649Asn	1
by_gender	male	locationaa	RGS2_p.Thr60Ile	1
by_gender	male	locationaa	RHBDF1_p.Arg799Trp	1
by_gender	male	locationaa	RHOBTB2_p.His220Asp	1
by_gender	male	locationaa	RICTOR_p.Gly892Ser	1
by_gender	male	locationaa	RIMBP3_p.Gly1413Glu	1
by_gender	male	locationaa	RIMS1_p.Gly1413Ser	1
by_gender	male	locationaa	RIMS2_p.Arg1104Gln	1
by_gender	male	locationaa	RIMS2_p.Arg118His	1
by_gender	male	locationaa	RIMS2_p.Lys1517Thr	1
by_gender	male	locationaa	RIMS2_p.Ser1313Phe	1
by_gender	male	locationaa	RIMS2_p.Val1375Met	1
by_gender	male	locationaa	RIMS4_p.Arg251Trp	1
by_gender	male	locationaa	RIN2_p.Leu724Met	1
by_gender	male	locationaa	RIN2_p.Ser341Gly	1
by_gender	male	locationaa	RING1_p.Tyr399Cys	1
by_gender	male	locationaa	RINT1_p.Arg609His	1
by_gender	male	locationaa	RIOX1_p.Asp343Val	1
by_gender	male	locationaa	RIPOR1_p.His614Asp	1
by_gender	male	locationaa	RMDN3_p.Ser154Tyr	1
by_gender	male	locationaa	RMND5B_p.Arg308Gln	1
by_gender	male	locationaa	RND1_p.Ile123Phe	1
by_gender	male	locationaa	RNF114_p.Val107Met	1
by_gender	male	locationaa	RNF135_p.Gln356MetfsTer24	1
by_gender	male	locationaa	RNF165_p.Val235Ile	1
by_gender	male	locationaa	RNF180_p.Arg187Ter	1
by_gender	male	locationaa	RNF213_p.Arg3386His	1
by_gender	male	locationaa	RNF213_p.Arg4338His	1
by_gender	male	locationaa	RNF213_p.Gly3906Arg	1
by_gender	male	locationaa	RNF213_p.Gly4508Ser	1
by_gender	male	locationaa	RNF38_p.Ile502Val	1
by_gender	male	locationaa	RNF38_p.Pro18Ala	1
by_gender	male	locationaa	RNF40_p.Asn473Ser	1
by_gender	male	locationaa	RNF43_p.Ala11LeufsTer27	1
by_gender	male	locationaa	RNF43_p.Arg145Ter	1
by_gender	male	locationaa	RNF43_p.Asp300Gly	1
by_gender	male	locationaa	RNF43_p.Gln22Ter	1
by_gender	male	locationaa	RNF43_p.Leu61GlnfsTer13	1
by_gender	male	locationaa	RNF43_p.Pro154Leu	1
by_gender	male	locationaa	ROBO1_p.Ser1357Tyr	1
by_gender	male	locationaa	ROBO2_p.Arg1295Gln	1
by_gender	male	locationaa	ROBO2_p.Asp918Glu	1
by_gender	male	locationaa	ROBO3_p.Arg290Cys	1
by_gender	male	locationaa	ROBO3_p.Arg292His	1
by_gender	male	locationaa	ROCK1_p.Arg833Lys	1
by_gender	male	locationaa	ROCK1_p.Ile383PhefsTer13	1
by_gender	male	locationaa	ROCK1_p.Leu149Phe	1
by_gender	male	locationaa	RORB_p.Ala371Thr	1
by_gender	male	locationaa	RORC_p.Ala93Val	1
by_gender	male	locationaa	RP1L1_p.Arg474Thr	1
by_gender	male	locationaa	RP1L1_p.Val313Ile	1
by_gender	male	locationaa	RP1_p.Ala908Gly	1
by_gender	male	locationaa	RP1_p.Asn1032Ser	1
by_gender	male	locationaa	RP1_p.Gly44Arg	1
by_gender	male	locationaa	RPL10L_p.Asp44Tyr	1
by_gender	male	locationaa	RPL14_p.Ala180Thr	1
by_gender	male	locationaa	RPL15_p.Arg114GlufsTer10	1
by_gender	male	locationaa	RPP40_p.Arg5Pro	1
by_gender	male	locationaa	RPS6KA2_p.Ile498Leu	1
by_gender	male	locationaa	RPS6KA6_p.Thr448Asn	1
by_gender	male	locationaa	RPTOR_p.Asp1117Glu	1
by_gender	male	locationaa	RREB1_p.Ala380Thr	1
by_gender	male	locationaa	RREB1_p.Asp746GlufsTer167	1
by_gender	male	locationaa	RREB1_p.Cys321HisfsTer3	1
by_gender	male	locationaa	RREB1_p.Glu955Lys	1
by_gender	male	locationaa	RRM1_p.Arg293Cys	1
by_gender	male	locationaa	RRP8_p.Leu303Ile	1
by_gender	male	locationaa	RSBN1L_p.Pro374Ser	1
by_gender	male	locationaa	RSPO4_p.Cys190Tyr	1
by_gender	male	locationaa	RSRC2_p.Arg211Lys	1
by_gender	male	locationaa	RSU1_p.Val194Ile	1
by_gender	male	locationaa	RTKN2_p.Lys93Glu	1
by_gender	male	locationaa	RTKN2_p.Thr522Lys	1
by_gender	male	locationaa	RTN1_p.Leu161Ter	1
by_gender	male	locationaa	RTN4RL1_p.Gly72Ser	1
by_gender	male	locationaa	RTN4_p.Phe776Cys	1
by_gender	male	locationaa	RXRA_p.Ser427Phe	1
by_gender	male	locationaa	RYBP_p.Asp162Asn	1
by_gender	male	locationaa	RYR1_p.Ala1743Thr	1
by_gender	male	locationaa	RYR1_p.Arg1072Cys	1
by_gender	male	locationaa	RYR1_p.Arg1100His	1
by_gender	male	locationaa	RYR1_p.Arg2676Trp	1
by_gender	male	locationaa	RYR1_p.Arg4893Gln	1
by_gender	male	locationaa	RYR1_p.Val1414Met	1
by_gender	male	locationaa	RYR1_p.Val1680Met	1
by_gender	male	locationaa	RYR2_p.Arg296Gln	1
by_gender	male	locationaa	RYR2_p.Leu565Pro	1
by_gender	male	locationaa	RYR3_p.Arg1744Trp	1
by_gender	male	locationaa	RYR3_p.Met3972Thr	1
by_gender	male	locationaa	S100A3_p.Glu88Asp	1
by_gender	male	locationaa	S1PR1_p.Phe158Val	1
by_gender	male	locationaa	SAC3D1_p.Glu347Asp	1
by_gender	male	locationaa	SAFB_p.Asp540Asn	1
by_gender	male	locationaa	SAMD15_p.Arg574Gln	1
by_gender	male	locationaa	SAMD7_p.Ile18Thr	1
by_gender	male	locationaa	SAMM50_p.Tyr361Cys	1
by_gender	male	locationaa	SARDH_p.Gly894Arg	1
by_gender	male	locationaa	SBF2_p.Gly1199Glu	1
by_gender	male	locationaa	SBNO2_p.Ala462Thr	1
by_gender	male	locationaa	SCAF11_p.Ser221Asn	1
by_gender	male	locationaa	SCAF1_p.Pro329Leu	1
by_gender	male	locationaa	SCG2_p.Leu137Phe	1
by_gender	male	locationaa	SCN11A_p.Arg763Cys	1
by_gender	male	locationaa	SCN1A_p.Ala591Thr	1
by_gender	male	locationaa	SCN3A_p.Asp1374Tyr	1
by_gender	male	locationaa	SCN5A_p.Ala1932Val	1
by_gender	male	locationaa	SCN5A_p.Ala993Thr	1
by_gender	male	locationaa	SCN5A_p.Arg689Cys	1
by_gender	male	locationaa	SCN7A_p.Ser378LysfsTer21	1
by_gender	male	locationaa	SCN8A_p.Trp733Ter	1
by_gender	male	locationaa	SCN8A_p.Val1462Phe	1
by_gender	male	locationaa	SCN9A_p.Arg597Ter	1
by_gender	male	locationaa	SCN9A_p.Val923Met	1
by_gender	male	locationaa	SCRIB_p.Ala743Val	1
by_gender	male	locationaa	SCRIB_p.Arg62Cys	1
by_gender	male	locationaa	SCRIB_p.Gly579Arg	1
by_gender	male	locationaa	SCUBE1_p.Arg350His	1
by_gender	male	locationaa	SDCBP_p.Val72Ala	1
by_gender	male	locationaa	SDCCAG8_p.Gln491Lys	1
by_gender	male	locationaa	SDK1_p.Glu323CysfsTer46	1
by_gender	male	locationaa	SDK2_p.Val1830Met	1
by_gender	male	locationaa	SDR39U1_p.Asp130PhefsTer6	1
by_gender	male	locationaa	SDR9C7_p.Arg220Ter	1
by_gender	male	locationaa	SEC24C_p.Arg1090Trp	1
by_gender	male	locationaa	SEC31B_p.Arg417His	1
by_gender	male	locationaa	SEC31B_p.Pro958Ser	1
by_gender	male	locationaa	SEC61B_p.Ser83TyrfsTer57	1
by_gender	male	locationaa	SEL1L2_p.Ala480Thr	1
by_gender	male	locationaa	SEMA3A_p.His58Arg	1
by_gender	male	locationaa	SEMA4G_p.Ala692Thr	1
by_gender	male	locationaa	SEMA5A_p.Ala326Thr	1
by_gender	male	locationaa	SEMA5B_p.Arg637Gln	1
by_gender	male	locationaa	SEMA6D_p.Asp629Asn	1
by_gender	male	locationaa	SEPTIN4_p.Pro412His	1
by_gender	male	locationaa	SEPTIN7_p.Arg243His	1
by_gender	male	locationaa	SERINC1_p.Asn236Asp	1
by_gender	male	locationaa	SERPINA3_p.Val45Met	1
by_gender	male	locationaa	SERPINA6_p.Met72Ile	1
by_gender	male	locationaa	SERPINA7_p.Pro383Ser	1
by_gender	male	locationaa	SERPINB7_p.Leu102Arg	1
by_gender	male	locationaa	SERPINI1_p.Asp305Tyr	1
by_gender	male	locationaa	SESN1_p.Ile437LysfsTer8	1
by_gender	male	locationaa	SESTD1_p.Leu179Phe	1
by_gender	male	locationaa	SETD2_p.Arg1879His	1
by_gender	male	locationaa	SETD5_p.Ser760Ter	1
by_gender	male	locationaa	SEZ6L_p.Phe732Leu	1
by_gender	male	locationaa	SEZ6L_p.Ser746Leu	1
by_gender	male	locationaa	SF3B1_p.Asn763Ser	1
by_gender	male	locationaa	SF3B1_p.Gly740Glu	1
by_gender	male	locationaa	SF3B1_p.Lys843Arg	1
by_gender	male	locationaa	SFXN4_p.Ser290Cys	1
by_gender	male	locationaa	SGCD_p.Arg10Trp	1
by_gender	male	locationaa	SGCG_p.Ala173Thr	1
by_gender	male	locationaa	SGIP1_p.Leu185Ile	1
by_gender	male	locationaa	SGIP1_p.Pro373Leu	1
by_gender	male	locationaa	SGSM1_p.Asn755Ser	1
by_gender	male	locationaa	SGSM1_p.Thr854Met	1
by_gender	male	locationaa	SH2D3C_p.Arg444His	1
by_gender	male	locationaa	SH3TC2_p.Leu95His	1
by_gender	male	locationaa	SHANK1_p.Arg851Gln	1
by_gender	male	locationaa	SHARPIN_p.Glu188Asp	1
by_gender	male	locationaa	SHC4_p.Gly54Ser	1
by_gender	male	locationaa	SHKBP1_p.Arg357His	1
by_gender	male	locationaa	SHROOM2_p.Ala1406Val	1
by_gender	male	locationaa	SIAH2_p.Gln243Glu	1
by_gender	male	locationaa	SIGIRR_p.Asp327del	1
by_gender	male	locationaa	SIGLEC1_p.Ile1134Val	1
by_gender	male	locationaa	SIGLEC5_p.Thr181Met	1
by_gender	male	locationaa	SIGLEC8_p.Arg125Trp	1
by_gender	male	locationaa	SIGLECL1_p.Leu2Ile	1
by_gender	male	locationaa	SIK3_p.Arg942Trp	1
by_gender	male	locationaa	SIN3A_p.Val1222Met	1
by_gender	male	locationaa	SIRPB1_p.Asp325Tyr	1
by_gender	male	locationaa	SI_p.Val109Ile	1
by_gender	male	locationaa	SKOR1_p.Met459Leu	1
by_gender	male	locationaa	SKP2_p.Thr250Ala	1
by_gender	male	locationaa	SLAIN2_p.Pro199Arg	1
by_gender	male	locationaa	SLC10A6_p.Ser375Leu	1
by_gender	male	locationaa	SLC11A1_p.Gly172Val	1
by_gender	male	locationaa	SLC11A1_p.Trp171Cys	1
by_gender	male	locationaa	SLC12A2_p.Ala734Gly	1
by_gender	male	locationaa	SLC12A2_p.Arg776His	1
by_gender	male	locationaa	SLC12A3_p.Asp716Gly	1
by_gender	male	locationaa	SLC12A7_p.Ala673Ser	1
by_gender	male	locationaa	SLC12A9_p.Val606Met	1
by_gender	male	locationaa	SLC15A1_p.Asn562Ser	1
by_gender	male	locationaa	SLC16A10_p.Glu166Asp	1
by_gender	male	locationaa	SLC16A10_p.Gly123Trp	1
by_gender	male	locationaa	SLC16A3_p.Arg84Cys	1
by_gender	male	locationaa	SLC17A6_p.Tyr195Ter	1
by_gender	male	locationaa	SLC18A2_p.Met480Ile	1
by_gender	male	locationaa	SLC19A1_p.Ala200Thr	1
by_gender	male	locationaa	SLC1A3_p.Glu39Lys	1
by_gender	male	locationaa	SLC22A11_p.Arg86Cys	1
by_gender	male	locationaa	SLC24A2_p.Arg240Ter	1
by_gender	male	locationaa	SLC25A13_p.Arg355Gln	1
by_gender	male	locationaa	SLC25A36_p.Arg145Gln	1
by_gender	male	locationaa	SLC25A36_p.Asp171Asn	1
by_gender	male	locationaa	SLC26A1_p.Thr117Ser	1
by_gender	male	locationaa	SLC27A3_p.Arg89His	1
by_gender	male	locationaa	SLC2A10_p.Val250Met	1
by_gender	male	locationaa	SLC2A13_p.Ser88Phe	1
by_gender	male	locationaa	SLC30A1_p.Asn127Ile	1
by_gender	male	locationaa	SLC30A8_p.Arg131Trp	1
by_gender	male	locationaa	SLC3A1_p.Gln63ProfsTer73	1
by_gender	male	locationaa	SLC3A2_p.Lys145Asn	1
by_gender	male	locationaa	SLC41A3_p.Val321Ile	1
by_gender	male	locationaa	SLC45A4_p.Glu292Lys	1
by_gender	male	locationaa	SLC45A4_p.His199Arg	1
by_gender	male	locationaa	SLC49A3_p.Ile260Met	1
by_gender	male	locationaa	SLC6A15_p.Asp672Asn	1
by_gender	male	locationaa	SLC6A17_p.Cys501Tyr	1
by_gender	male	locationaa	SLC6A2_p.Gly90Ser	1
by_gender	male	locationaa	SLC6A3_p.Pro194LeufsTer66	1
by_gender	male	locationaa	SLC6A4_p.Ala468Ser	1
by_gender	male	locationaa	SLC7A7_p.Asn365Ile	1
by_gender	male	locationaa	SLC8A2_p.Leu769ProfsTer49	1
by_gender	male	locationaa	SLC8A2_p.Ser102Leu	1
by_gender	male	locationaa	SLC8A3_p.Arg127Gln	1
by_gender	male	locationaa	SLC8A3_p.Cys54Ter	1
by_gender	male	locationaa	SLC9A3R2_p.Ala186Thr	1
by_gender	male	locationaa	SLC9A3_p.Glu646Lys	1
by_gender	male	locationaa	SLC9A9_p.Val493Met	2
by_gender	male	locationaa	SLC9C2_p.Arg398Gln	1
by_gender	male	locationaa	SLCO3A1_p.Pro556Ser	1
by_gender	male	locationaa	SLCO4C1_p.Arg623Ter	1
by_gender	male	locationaa	SLCO5A1_p.Val479Ile	1
by_gender	male	locationaa	SLF2_p.Pro44Ser	1
by_gender	male	locationaa	SLIT1_p.Gly727AlafsTer65	1
by_gender	male	locationaa	SLIT2_p.Arg477His	1
by_gender	male	locationaa	SLIT3_p.Val262Met	1
by_gender	male	locationaa	SLITRK3_p.Asp62Asn	1
by_gender	male	locationaa	SLTM_p.Glu931Lys	1
by_gender	male	locationaa	SMAD2_p.Ser464Ter	1
by_gender	male	locationaa	SMAD3_p.Ter426LeuextTer6	1
by_gender	male	locationaa	SMAD4_p.Ala118Val	1
by_gender	male	locationaa	SMAD4_p.Arg361Cys	1
by_gender	male	locationaa	SMAD4_p.Arg361His	1
by_gender	male	locationaa	SMAD4_p.Asp351Ala	1
by_gender	male	locationaa	SMAD4_p.Asp355Gly	1
by_gender	male	locationaa	SMAD4_p.Cys443Ter	1
by_gender	male	locationaa	SMAD4_p.Gln289Ter	1
by_gender	male	locationaa	SMAD4_p.Gly352Ter	1
by_gender	male	locationaa	SMAD4_p.Gly352Val	1
by_gender	male	locationaa	SMAD4_p.Leu529ThrfsTer7	1
by_gender	male	locationaa	SMAD4_p.Pro342LeufsTer42	1
by_gender	male	locationaa	SMAD4_p.Pro522LeufsTer4	1
by_gender	male	locationaa	SMAD4_p.Ser138IlefsTer5	1
by_gender	male	locationaa	SMAD4_p.Ser178Ter	1
by_gender	male	locationaa	SMAD4_p.Ser227ValfsTer14	1
by_gender	male	locationaa	SMAD4_p.Trp509Gly	1
by_gender	male	locationaa	SMAD4_p.Trp509Ter	1
by_gender	male	locationaa	SMAD4_p.Tyr412LeufsTer17	1
by_gender	male	locationaa	SMAD4_p.Tyr513Ter	1
by_gender	male	locationaa	SMARCA1_p.Asp643Asn	1
by_gender	male	locationaa	SMARCE1_p.Arg105Gln	1
by_gender	male	locationaa	SMARCE1_p.Arg297His	1
by_gender	male	locationaa	SMC2_p.Arg571Cys	1
by_gender	male	locationaa	SMCHD1_p.Glu850Lys	1
by_gender	male	locationaa	SMG9_p.Arg37Gln	1
by_gender	male	locationaa	SNAP47_p.Ala157Thr	1
by_gender	male	locationaa	SNAP47_p.Ala157Val	1
by_gender	male	locationaa	SNPH_p.Arg26Trp	1
by_gender	male	locationaa	SNRPE_p.Leu25Ile	1
by_gender	male	locationaa	SNTG1_p.Trp432Cys	1
by_gender	male	locationaa	SNX24_p.Met28Ile	1
by_gender	male	locationaa	SNX27_p.Ile121Thr	1
by_gender	male	locationaa	SNX2_p.Val489Ile	1
by_gender	male	locationaa	SNX6_p.Ile168Val	1
by_gender	male	locationaa	SNX7_p.Lys369Arg	1
by_gender	male	locationaa	SOCS5_p.Leu484Pro	1
by_gender	male	locationaa	SON_p.Ala184Ser	1
by_gender	male	locationaa	SON_p.Pro1196Leu	1
by_gender	male	locationaa	SORCS1_p.Thr647Ile	1
by_gender	male	locationaa	SORCS1_p.Thr804Met	1
by_gender	male	locationaa	SORCS2_p.Arg320Trp	1
by_gender	male	locationaa	SORCS2_p.Val349Met	1
by_gender	male	locationaa	SORCS3_p.Leu573Ile	1
by_gender	male	locationaa	SORT1_p.Thr375Ala	1
by_gender	male	locationaa	SOX10_p.Pro430Leu	1
by_gender	male	locationaa	SOX14_p.Arg41His	1
by_gender	male	locationaa	SOX17_p.Gly280Cys	1
by_gender	male	locationaa	SOX5_p.Pro434Ala	1
by_gender	male	locationaa	SOX8_p.Arg412His	1
by_gender	male	locationaa	SP100_p.Ser855LysfsTer11	1
by_gender	male	locationaa	SP140_p.Arg401Cys	1
by_gender	male	locationaa	SPACA7_p.Glu94Lys	1
by_gender	male	locationaa	SPAG16_p.Asn164Thr	1
by_gender	male	locationaa	SPAG17_p.Glu1678Gly	1
by_gender	male	locationaa	SPANXD_p.Asn78Lys	1
by_gender	male	locationaa	SPART_p.Val567Ala	1
by_gender	male	locationaa	SPATA16_p.Lys395Asn	1
by_gender	male	locationaa	SPATA18_p.Arg526Gln	1
by_gender	male	locationaa	SPATA1_p.Leu298Pro	1
by_gender	male	locationaa	SPATA20_p.Val670Met	1
by_gender	male	locationaa	SPATA31D1_p.Met902Leu	1
by_gender	male	locationaa	SPATC1L_p.Ala193Val	1
by_gender	male	locationaa	SPDYE1_p.Leu162Pro	1
by_gender	male	locationaa	SPECC1L_p.Val164Ile	1
by_gender	male	locationaa	SPEF2_p.Asn528ThrfsTer16	1
by_gender	male	locationaa	SPEF2_p.Pro1285Thr	1
by_gender	male	locationaa	SPEN_p.Ala1733LeufsTer15	1
by_gender	male	locationaa	SPG11_p.Ser1420Cys	1
by_gender	male	locationaa	SPG7_p.Asp452Asn	1
by_gender	male	locationaa	SPHKAP_p.Pro1617Thr	1
by_gender	male	locationaa	SPINK2_p.Pro83Ser	1
by_gender	male	locationaa	SPINK5_p.Ile1002Thr	1
by_gender	male	locationaa	SPOCK1_p.Arg336Gln	1
by_gender	male	locationaa	SPSB4_p.Arg251His	1
by_gender	male	locationaa	SPTA1_p.Arg1223Gln	1
by_gender	male	locationaa	SPTA1_p.Arg1224Gln	1
by_gender	male	locationaa	SPTBN1_p.Leu572Arg	1
by_gender	male	locationaa	SPTBN5_p.Ser954Gly	1
by_gender	male	locationaa	SPTB_p.Ala343Thr	1
by_gender	male	locationaa	SPZ1_p.Asp391Tyr	1
by_gender	male	locationaa	SQSTM1_p.Lys238Asn	1
by_gender	male	locationaa	SRFBP1_p.Arg409Lys	1
by_gender	male	locationaa	SRFBP1_p.Thr326Lys	1
by_gender	male	locationaa	SRGAP3_p.Arg758Trp	1
by_gender	male	locationaa	SRMS_p.Arg345His	1
by_gender	male	locationaa	SRP72_p.Ala13Gly	1
by_gender	male	locationaa	SRP9_p.Asp44Val	1
by_gender	male	locationaa	SRPK1_p.Glu552Lys	1
by_gender	male	locationaa	SRPK3_p.Thr536_Phe541delinsIle	1
by_gender	male	locationaa	SRPX2_p.Arg430Cys	1
by_gender	male	locationaa	SRRM4_p.Leu229His	1
by_gender	male	locationaa	SSH3_p.Asn360ThrfsTer64	1
by_gender	male	locationaa	SST_p.Glu64Lys	1
by_gender	male	locationaa	SSUH2_p.Arg176Trp	1
by_gender	male	locationaa	SSX2IP_p.Gly319Arg	1
by_gender	male	locationaa	ST6GAL2_p.Arg342Cys	1
by_gender	male	locationaa	ST6GALNAC3_p.Tyr62His	1
by_gender	male	locationaa	ST6GALNAC5_p.Glu331Gly	1
by_gender	male	locationaa	ST8SIA5_p.Ala94Ser	1
by_gender	male	locationaa	STAB1_p.Gly1532Arg	1
by_gender	male	locationaa	STAC_p.Gly278Glu	1
by_gender	male	locationaa	STAT1_p.Arg494Gln	1
by_gender	male	locationaa	STAU2_p.Ala313Val	1
by_gender	male	locationaa	STC2_p.Gly278Asp	1
by_gender	male	locationaa	STEAP4_p.Lys163Met	1
by_gender	male	locationaa	STIL_p.Ile390Val	1
by_gender	male	locationaa	STK11_p.Tyr60Ter	1
by_gender	male	locationaa	STK31_p.Ile373Met	1
by_gender	male	locationaa	STOX2_p.Arg308Gln	1
by_gender	male	locationaa	STOX2_p.Glu510Lys	1
by_gender	male	locationaa	STPG3_p.His124ProfsTer35	1
by_gender	male	locationaa	STRAP_p.Gln45Ter	1
by_gender	male	locationaa	STRIP2_p.Met314Ile	1
by_gender	male	locationaa	STS_p.Gly339Glu	1
by_gender	male	locationaa	STS_p.Val481Met	1
by_gender	male	locationaa	STX11_p.Arg64Trp	1
by_gender	male	locationaa	STXBP1_p.Pro500Arg	1
by_gender	male	locationaa	STXBP5_p.Gln42Ter	1
by_gender	male	locationaa	SUGT1_p.Asp322His	1
by_gender	male	locationaa	SUN1_p.Asp540Asn	1
by_gender	male	locationaa	SUPT20HL1_p.Gly653Arg	1
by_gender	male	locationaa	SUPT20HL1_p.Val318Ile	1
by_gender	male	locationaa	SURF4_p.Phe219Ile	1
by_gender	male	locationaa	SV2A_p.Gly304Ser	1
by_gender	male	locationaa	SVEP1_p.Trp3169Cys	1
by_gender	male	locationaa	SVIL_p.Pro363Leu	1
by_gender	male	locationaa	SYCP1_p.Arg204Trp	1
by_gender	male	locationaa	SYNE1_p.Ile7374Met	1
by_gender	male	locationaa	SYNE2_p.Arg1262Ser	1
by_gender	male	locationaa	SYNE2_p.Glu6407Lys	1
by_gender	male	locationaa	SYNPO2L_p.Arg610Gly	1
by_gender	male	locationaa	SYT3_p.Leu162Val	1
by_gender	male	locationaa	SYT4_p.Thr146Ser	1
by_gender	male	locationaa	SZT2_p.Ile751Val	1
by_gender	male	locationaa	TAF1_p.Glu1465del	1
by_gender	male	locationaa	TAF4_p.Gln531GlyfsTer68	1
by_gender	male	locationaa	TAF4_p.Val576Ala	1
by_gender	male	locationaa	TAFA2_p.Ala81Asp	1
by_gender	male	locationaa	TAGLN2_p.Arg196Cys	1
by_gender	male	locationaa	TANC1_p.Thr1784Ile	1
by_gender	male	locationaa	TANGO6_p.Cys286Phe	1
by_gender	male	locationaa	TAP1_p.Val202Ile	1
by_gender	male	locationaa	TARS1_p.Ser195Pro	1
by_gender	male	locationaa	TARS3_p.Pro256Leu	1
by_gender	male	locationaa	TAS2R4_p.Ile41Val	1
by_gender	male	locationaa	TAS2R8_p.Trp132Ter	1
by_gender	male	locationaa	TASOR2_p.Lys1935Arg	1
by_gender	male	locationaa	TASOR_p.Ser1078Arg	1
by_gender	male	locationaa	TASP1_p.Gly261Arg	1
by_gender	male	locationaa	TBC1D10A_p.Thr35Ile	1
by_gender	male	locationaa	TBC1D16_p.Ser263ValfsTer85	1
by_gender	male	locationaa	TBC1D1_p.Gln377His	1
by_gender	male	locationaa	TBC1D2B_p.Leu718Gln	1
by_gender	male	locationaa	TBC1D32_p.Pro812His	1
by_gender	male	locationaa	TBC1D9_p.Arg59Trp	1
by_gender	male	locationaa	TBC1D9_p.Gly1195Val	1
by_gender	male	locationaa	TBCCD1_p.Ser152Phe	1
by_gender	male	locationaa	TBL3_p.Arg102Cys	1
by_gender	male	locationaa	TBX20_p.Arg287Gln	1
by_gender	male	locationaa	TBX22_p.Lys269Glu	1
by_gender	male	locationaa	TBX5_p.Glu69Lys	1
by_gender	male	locationaa	TBX5_p.His147Asn	1
by_gender	male	locationaa	TCF20_p.Glu1851Gly	1
by_gender	male	locationaa	TCF4_p.Arg174Gln	1
by_gender	male	locationaa	TCF4_p.Glu518Lys	1
by_gender	male	locationaa	TCF4_p.Trp362Arg	1
by_gender	male	locationaa	TCF7L1_p.Arg287Gln	1
by_gender	male	locationaa	TCF7L1_p.Arg382Ter	1
by_gender	male	locationaa	TCF7_p.Ile302Phe	1
by_gender	male	locationaa	TCN2_p.Pro213Ser	1
by_gender	male	locationaa	TCP1_p.Ser268Leu	1
by_gender	male	locationaa	TCTE1_p.Arg454Cys	1
by_gender	male	locationaa	TDG_p.Val242Phe	1
by_gender	male	locationaa	TDP2_p.Phe199_Pro200del	1
by_gender	male	locationaa	TDRP_p.Gly128ValfsTer40	1
by_gender	male	locationaa	TECPR1_p.His769Asn	1
by_gender	male	locationaa	TECTA_p.Arg1477His	1
by_gender	male	locationaa	TEK_p.Glu91Ter	1
by_gender	male	locationaa	TENM2_p.Ala1131Val	1
by_gender	male	locationaa	TENM3_p.Arg2228His	1
by_gender	male	locationaa	TENM3_p.Arg433Gln	1
by_gender	male	locationaa	TENM3_p.Gly1743Ser	1
by_gender	male	locationaa	TENM4_p.Pro1082Leu	1
by_gender	male	locationaa	TEX14_p.Glu1089Gln	1
by_gender	male	locationaa	TEX19_p.Trp147Arg	2
by_gender	male	locationaa	TEX2_p.Leu407Val	1
by_gender	male	locationaa	TFAP2C_p.Pro380ArgfsTer57	2
by_gender	male	locationaa	TGFBR1_p.Arg487Gln	1
by_gender	male	locationaa	TGFBR1_p.Ser57Phe	1
by_gender	male	locationaa	TGFBR2_p.Arg537Cys	1
by_gender	male	locationaa	TGFBR2_p.Asp524Tyr	1
by_gender	male	locationaa	TGFBR2_p.Glu456Ter	1
by_gender	male	locationaa	TGFBR2_p.Leu361ThrfsTer26	1
by_gender	male	locationaa	TGM4_p.Asn258Lys	1
by_gender	male	locationaa	TGS1_p.Ser275Phe	1
by_gender	male	locationaa	THADA_p.Cys1052Tyr	1
by_gender	male	locationaa	THAP12_p.Leu205Pro	1
by_gender	male	locationaa	THAP2_p.Glu144Val	1
by_gender	male	locationaa	THBS1_p.Pro315Leu	1
by_gender	male	locationaa	THBS4_p.Gly502Ser	1
by_gender	male	locationaa	THRAP3_p.Pro267Leu	1
by_gender	male	locationaa	THRAP3_p.Pro267Ser	1
by_gender	male	locationaa	THSD7B_p.Arg1270Gln	2
by_gender	male	locationaa	TIAM1_p.Arg1201Ser	1
by_gender	male	locationaa	TIAM1_p.Pro1467Leu	2
by_gender	male	locationaa	TIAM1_p.Trp697Leu	2
by_gender	male	locationaa	TIAM2_p.Gly88Asp	1
by_gender	male	locationaa	TICRR_p.Gln907Ter	1
by_gender	male	locationaa	TIE1_p.Val678Ile	1
by_gender	male	locationaa	TIGD2_p.Gln517ThrfsTer6	1
by_gender	male	locationaa	TIGD5_p.Pro586Leu	1
by_gender	male	locationaa	TIMELESS_p.Gly236Glu	1
by_gender	male	locationaa	TIMM44_p.Glu220Lys	1
by_gender	male	locationaa	TINF2_p.Pro438His	1
by_gender	male	locationaa	TJP1_p.Arg677Ter	1
by_gender	male	locationaa	TLL2_p.Pro637Leu	1
by_gender	male	locationaa	TLN2_p.Ser1323Phe	1
by_gender	male	locationaa	TLNRD1_p.Ala257Ser	1
by_gender	male	locationaa	TLR1_p.Gln241Ter	1
by_gender	male	locationaa	TLR6_p.Phe74Ser	1
by_gender	male	locationaa	TLR8_p.Arg902His	1
by_gender	male	locationaa	TMC5_p.Arg828Trp	1
by_gender	male	locationaa	TMC5_p.Gly707Asp	1
by_gender	male	locationaa	TMC7_p.Pro626Ser	1
by_gender	male	locationaa	TMCC2_p.Asn648Asp	1
by_gender	male	locationaa	TMEM108_p.Arg413Gln	1
by_gender	male	locationaa	TMEM108_p.Pro184Leu	1
by_gender	male	locationaa	TMEM116_p.Leu93Gln	1
by_gender	male	locationaa	TMEM117_p.Gln454His	1
by_gender	male	locationaa	TMEM131L_p.Gln1282His	1
by_gender	male	locationaa	TMEM131L_p.Thr1588Pro	1
by_gender	male	locationaa	TMEM132D_p.Arg142Trp	1
by_gender	male	locationaa	TMEM132D_p.Arg184Trp	1
by_gender	male	locationaa	TMEM151A_p.Val364Met	1
by_gender	male	locationaa	TMEM178A_p.Val209Met	1
by_gender	male	locationaa	TMEM18_p.Ser81Leu	1
by_gender	male	locationaa	TMEM198_p.Arg9Trp	1
by_gender	male	locationaa	TMEM198_p.Cys353Phe	1
by_gender	male	locationaa	TMEM199_p.Ser72Phe	1
by_gender	male	locationaa	TMEM200C_p.Arg19Cys	1
by_gender	male	locationaa	TMEM214_p.Glu438Gln	1
by_gender	male	locationaa	TMEM260_p.Arg381Ter	1
by_gender	male	locationaa	TMEM26_p.Leu301Ile	1
by_gender	male	locationaa	TMEM26_p.Phe288Val	1
by_gender	male	locationaa	TMEM30A_p.Asn355Asp	1
by_gender	male	locationaa	TMEM37_p.Leu174Ter	1
by_gender	male	locationaa	TMEM45B_p.Gly18Glu	1
by_gender	male	locationaa	TMEM52_p.Pro97Ser	1
by_gender	male	locationaa	TMEM87A_p.Arg544Gln	1
by_gender	male	locationaa	TMPRSS11D_p.Arg12Lys	1
by_gender	male	locationaa	TMPRSS11E_p.Lys163Glu	1
by_gender	male	locationaa	TMTC3_p.Val401Ile	1
by_gender	male	locationaa	TMX1_p.Met149Leu	1
by_gender	male	locationaa	TNC_p.Arg648Trp	1
by_gender	male	locationaa	TNFRSF10B_p.Leu325_Pro328delinsHis	1
by_gender	male	locationaa	TNFRSF11A_p.Asn524_Val525delinsLys	1
by_gender	male	locationaa	TNIK_p.Gly1202Ser	1
by_gender	male	locationaa	TNIK_p.Leu1327TyrfsTer24	1
by_gender	male	locationaa	TNKS1BP1_p.Ala1100Thr	1
by_gender	male	locationaa	TNNI3K_p.Glu662Lys	1
by_gender	male	locationaa	TNNI3_p.Thr181Pro	1
by_gender	male	locationaa	TNPO1_p.Trp805Ter	1
by_gender	male	locationaa	TNPO2_p.Ala116Thr	1
by_gender	male	locationaa	TNPO3_p.Ile104Asn	1
by_gender	male	locationaa	TNRC6B_p.Arg590Cys	1
by_gender	male	locationaa	TNR_p.Arg1353Trp	1
by_gender	male	locationaa	TNR_p.Glu930Lys	1
by_gender	male	locationaa	TNXB_p.Ala1916Thr	1
by_gender	male	locationaa	TNXB_p.Arg1446Trp	1
by_gender	male	locationaa	TNXB_p.Arg1664His	2
by_gender	male	locationaa	TNXB_p.Glu3182Gln	1
by_gender	male	locationaa	TNXB_p.Gly644Ser	1
by_gender	male	locationaa	TNXB_p.Pro2978ArgfsTer12	1
by_gender	male	locationaa	TOGARAM1_p.Ala118Val	1
by_gender	male	locationaa	TOMM22_p.Ser137Leu	1
by_gender	male	locationaa	TOMM40L_p.Arg142Trp	1
by_gender	male	locationaa	TOP2A_p.Asp1116Asn	1
by_gender	male	locationaa	TOP2A_p.Ile435Met	1
by_gender	male	locationaa	TOP2B_p.Ala1544Ser	1
by_gender	male	locationaa	TOP2B_p.Arg656His	1
by_gender	male	locationaa	TOR1AIP1_p.Ala576Thr	1
by_gender	male	locationaa	TOX2_p.Arg357Gln	1
by_gender	male	locationaa	TP53_p.Ala70Thr	1
by_gender	male	locationaa	TP53_p.Arg175His	3
by_gender	male	locationaa	TP53_p.Arg196Ter	1
by_gender	male	locationaa	TP53_p.Arg213Ter	1
by_gender	male	locationaa	TP53_p.Arg248Gln	3
by_gender	male	locationaa	TP53_p.Arg248Trp	3
by_gender	male	locationaa	TP53_p.Arg273Cys	2
by_gender	male	locationaa	TP53_p.Arg273His	2
by_gender	male	locationaa	TP53_p.Arg282Trp	1
by_gender	male	locationaa	TP53_p.Arg283Pro	1
by_gender	male	locationaa	TP53_p.Arg306Ter	1
by_gender	male	locationaa	TP53_p.Asn131Ile	1
by_gender	male	locationaa	TP53_p.Asp57LysfsTer67	1
by_gender	male	locationaa	TP53_p.Cys135Ter	1
by_gender	male	locationaa	TP53_p.Cys135Tyr	1
by_gender	male	locationaa	TP53_p.Cys242AlafsTer5	1
by_gender	male	locationaa	TP53_p.Cys242Ter	1
by_gender	male	locationaa	TP53_p.Gln38Ter	1
by_gender	male	locationaa	TP53_p.Glu286Ter	1
by_gender	male	locationaa	TP53_p.Glu294Ter	1
by_gender	male	locationaa	TP53_p.Glu62LysfsTer61	1
by_gender	male	locationaa	TP53_p.Gly199Ter	1
by_gender	male	locationaa	TP53_p.Gly245Ser	1
by_gender	male	locationaa	TP53_p.Gly266Val	1
by_gender	male	locationaa	TP53_p.Gly302ArgfsTer4	1
by_gender	male	locationaa	TP53_p.His179Arg	1
by_gender	male	locationaa	TP53_p.His179Tyr	1
by_gender	male	locationaa	TP53_p.Ile254Ser	1
by_gender	male	locationaa	TP53_p.Ile255Thr	1
by_gender	male	locationaa	TP53_p.Leu35CysfsTer9	1
by_gender	male	locationaa	TP53_p.Met246Arg	1
by_gender	male	locationaa	TP53_p.Pro151Arg	1
by_gender	male	locationaa	TP53_p.Pro151Thr	1
by_gender	male	locationaa	TP53_p.Pro152AlafsTer14	1
by_gender	male	locationaa	TP53_p.Pro250Leu	1
by_gender	male	locationaa	TP53_p.Pro27LeufsTer17	1
by_gender	male	locationaa	TP53_p.Ser166Ter	1
by_gender	male	locationaa	TP53_p.Ser241Phe	1
by_gender	male	locationaa	TP53_p.Ser241Tyr	1
by_gender	male	locationaa	TP53_p.Ser269IlefsTer2	1
by_gender	male	locationaa	TP53_p.Thr123AspfsTer26	1
by_gender	male	locationaa	TP53_p.Tyr126Asn	1
by_gender	male	locationaa	TP53_p.Tyr205Ser	1
by_gender	male	locationaa	TP53_p.Tyr220Cys	1
by_gender	male	locationaa	TP53_p.Tyr220Ter	1
by_gender	male	locationaa	TP53_p.Val197Met	1
by_gender	male	locationaa	TP53_p.Val272Ala	1
by_gender	male	locationaa	TP53_p.Val73ArgfsTer76	1
by_gender	male	locationaa	TPCN1_p.Val302Met	1
by_gender	male	locationaa	TPM1_p.Val165Leu	1
by_gender	male	locationaa	TPO_p.Arg602Cys	1
by_gender	male	locationaa	TPP2_p.Gln830His	1
by_gender	male	locationaa	TPSD1_p.Val53Leu	1
by_gender	male	locationaa	TPTE_p.Arg51Gln	1
by_gender	male	locationaa	TRAT1_p.Tyr110Ter	1
by_gender	male	locationaa	TRAV17_p.Phe108Val	1
by_gender	male	locationaa	TRAV38-2DV8_p.Ter117=	1
by_gender	male	locationaa	TRBV3-1_p.Arg82Cys	1
by_gender	male	locationaa	TRDJ3_p.Phe10Ile	1
by_gender	male	locationaa	TRDN_p.Lys83Asn	1
by_gender	male	locationaa	TREX1_p.Gln4Ter	1
by_gender	male	locationaa	TREX2_p.Thr104Met	1
by_gender	male	locationaa	TRGV5_p.Thr33Asn	1
by_gender	male	locationaa	TRIM33_p.Leu516Ile	1
by_gender	male	locationaa	TRIM37_p.His139Leu	1
by_gender	male	locationaa	TRIM38_p.Leu186Arg	1
by_gender	male	locationaa	TRIM42_p.Arg213His	1
by_gender	male	locationaa	TRIM42_p.Arg97Cys	1
by_gender	male	locationaa	TRIM42_p.Ser404Phe	1
by_gender	male	locationaa	TRIM58_p.Arg216Trp	1
by_gender	male	locationaa	TRIM67_p.Val467Ile	1
by_gender	male	locationaa	TRIML1_p.Glu252Gln	1
by_gender	male	locationaa	TRIOBP_p.Arg1930Gln	1
by_gender	male	locationaa	TRIOBP_p.Arg2277Trp	1
by_gender	male	locationaa	TRIP12_p.Ala1213Val	1
by_gender	male	locationaa	TRIP12_p.Asn68Thr	1
by_gender	male	locationaa	TRMT13_p.Ala285Val	1
by_gender	male	locationaa	TRMT1_p.Arg13Cys	1
by_gender	male	locationaa	TRPA1_p.Val146Met	1
by_gender	male	locationaa	TRPC3_p.Arg381His	1
by_gender	male	locationaa	TRPC4_p.Glu887Gln	1
by_gender	male	locationaa	TRPC6_p.Arg101His	1
by_gender	male	locationaa	TRPC6_p.Gly109Asp	1
by_gender	male	locationaa	TRPM1_p.Ser606Ile	1
by_gender	male	locationaa	TRPM2_p.Arg1336His	1
by_gender	male	locationaa	TRPM4_p.Ala402Val	1
by_gender	male	locationaa	TRPM4_p.Arg1064His	1
by_gender	male	locationaa	TRPM6_p.Arg1531His	1
by_gender	male	locationaa	TRPM6_p.Arg526His	1
by_gender	male	locationaa	TRPS1_p.Gln993Glu	1
by_gender	male	locationaa	TRPV3_p.Pro424Leu	1
by_gender	male	locationaa	TSHZ2_p.Arg755Cys	1
by_gender	male	locationaa	TSHZ2_p.Gly37Ser	1
by_gender	male	locationaa	TSHZ3_p.Thr706Met	1
by_gender	male	locationaa	TSHZ3_p.Val470Gly	1
by_gender	male	locationaa	TSNARE1_p.Glu49Ala	1
by_gender	male	locationaa	TSNAXIP1_p.Arg303Trp	1
by_gender	male	locationaa	TTC13_p.Ser775Leu	1
by_gender	male	locationaa	TTC19_p.Ala94Thr	1
by_gender	male	locationaa	TTI1_p.Ser322Arg	1
by_gender	male	locationaa	TTLL8_p.Ser359Pro	1
by_gender	male	locationaa	TTN_p.Ala7922Thr	1
by_gender	male	locationaa	TTN_p.Arg1752His	1
by_gender	male	locationaa	TTN_p.Arg23047Cys	1
by_gender	male	locationaa	TTN_p.Arg24690Gln	1
by_gender	male	locationaa	TTN_p.Arg7124Ter	1
by_gender	male	locationaa	TTN_p.Asp9605Asn	1
by_gender	male	locationaa	TTN_p.Glu34056_Ser34058del	1
by_gender	male	locationaa	TTN_p.Gly17130Val	1
by_gender	male	locationaa	TTN_p.Gly18517Ser	1
by_gender	male	locationaa	TTN_p.Gly2538Ser	1
by_gender	male	locationaa	TTN_p.Ile23217Asn	1
by_gender	male	locationaa	TTN_p.Pro10729Ser	1
by_gender	male	locationaa	TTN_p.Pro7761Gln	1
by_gender	male	locationaa	TTN_p.Ser16769Leu	1
by_gender	male	locationaa	TTN_p.Trp32959Ter	2
by_gender	male	locationaa	TTN_p.Tyr9247Ter	1
by_gender	male	locationaa	TTN_p.Val4032Met	1
by_gender	male	locationaa	TUBA1A_p.Arg105Ter	1
by_gender	male	locationaa	TUBA3C_p.Val288Met	1
by_gender	male	locationaa	TUBA8_p.Leu86Phe	1
by_gender	male	locationaa	TULP4_p.Gly759Arg	1
by_gender	male	locationaa	TUT4_p.Arg1040Ile	1
by_gender	male	locationaa	TWNK_p.Arg334Ter	1
by_gender	male	locationaa	TXK_p.Pro95Ser	1
by_gender	male	locationaa	TYRP1_p.Leu265Phe	1
by_gender	male	locationaa	TYR_p.Arg298Gln	1
by_gender	male	locationaa	TYSND1_p.Pro426Leu	1
by_gender	male	locationaa	UBA2_p.Val80Ile	1
by_gender	male	locationaa	UBA7_p.Leu974Gln	2
by_gender	male	locationaa	UBASH3B_p.Arg416His	1
by_gender	male	locationaa	UBASH3B_p.Gly294Ser	1
by_gender	male	locationaa	UBASH3B_p.Ile415Val	1
by_gender	male	locationaa	UBB_p.Leu73Val	1
by_gender	male	locationaa	UBC_p.Glu642AlafsTer9	1
by_gender	male	locationaa	UBE2Q1_p.Gln267His	1
by_gender	male	locationaa	UBN2_p.Pro269Ser	1
by_gender	male	locationaa	UBQLN2_p.Pro209Arg	1
by_gender	male	locationaa	UBQLN3_p.Gln502Lys	1
by_gender	male	locationaa	UBR2_p.Ser917Leu	1
by_gender	male	locationaa	UBR3_p.Ala1195Val	1
by_gender	male	locationaa	UBR4_p.Ser1634Pro	1
by_gender	male	locationaa	UFSP2_p.Asn208LysfsTer20	1
by_gender	male	locationaa	UGP2_p.Asn469Ser	1
by_gender	male	locationaa	UGP2_p.Phe446Ser	1
by_gender	male	locationaa	UGT1A4_p.Val154Phe	1
by_gender	male	locationaa	UGT3A2_p.Leu271Met	1
by_gender	male	locationaa	ULK1_p.Pro331Leu	1
by_gender	male	locationaa	UMODL1_p.Ser1049Arg	1
by_gender	male	locationaa	UNC13C_p.Asp2072Asn	1
by_gender	male	locationaa	UNC13C_p.Gln538His	1
by_gender	male	locationaa	UNC50_p.Pro3ThrfsTer45	1
by_gender	male	locationaa	UNC5D_p.Ala892Thr	1
by_gender	male	locationaa	UNC79_p.Ser209Phe	1
by_gender	male	locationaa	UNC80_p.Glu43Ter	1
by_gender	male	locationaa	URI1_p.Glu36Gln	1
by_gender	male	locationaa	USH2A_p.Arg464His	1
by_gender	male	locationaa	USH2A_p.Asn366Ser	1
by_gender	male	locationaa	USH2A_p.Asp525Asn	1
by_gender	male	locationaa	USP10_p.Pro356Leu	1
by_gender	male	locationaa	USP10_p.Val690Ile	1
by_gender	male	locationaa	USP34_p.Ser2625Phe	1
by_gender	male	locationaa	USP37_p.Asp141Tyr	1
by_gender	male	locationaa	USP39_p.Pro287Leu	1
by_gender	male	locationaa	USP44_p.Pro514Leu	1
by_gender	male	locationaa	USP5_p.Pro492Ser	1
by_gender	male	locationaa	UTRN_p.Lys454Gln	1
by_gender	male	locationaa	UVRAG_p.Val534Ile	1
by_gender	male	locationaa	UXS1_p.His389Tyr	1
by_gender	male	locationaa	VARS1_p.Thr841Met	1
by_gender	male	locationaa	VAV1_p.Arg332Ter	1
by_gender	male	locationaa	VCAN_p.Gly2340Glu	1
by_gender	male	locationaa	VCAN_p.Ser3371Leu	1
by_gender	male	locationaa	VCL_p.Lys476Glu	1
by_gender	male	locationaa	VDAC2_p.Thr113Ala	1
by_gender	male	locationaa	VLDLR_p.Cys367Tyr	1
by_gender	male	locationaa	VPS13A_p.Gly2442Asp	1
by_gender	male	locationaa	VPS13B_p.Gly3368Val	1
by_gender	male	locationaa	VPS13B_p.Leu577Val	1
by_gender	male	locationaa	VPS13D_p.Thr2094Met	2
by_gender	male	locationaa	VPS18_p.Trp614Ter	1
by_gender	male	locationaa	VPS25_p.Lys64Asn	1
by_gender	male	locationaa	VPS36_p.Lys78Asn	1
by_gender	male	locationaa	VSTM4_p.Arg52Thr	1
by_gender	male	locationaa	VTA1_p.Thr290Asn	1
by_gender	male	locationaa	VWA5A_p.Asp571ArgfsTer6	1
by_gender	male	locationaa	VWA7_p.Arg436Trp	1
by_gender	male	locationaa	VWA8_p.His1166Tyr	1
by_gender	male	locationaa	WAPL_p.Asp265Ala	1
by_gender	male	locationaa	WASF3_p.Arg461Trp	1
by_gender	male	locationaa	WASL_p.Ser58Leu	1
by_gender	male	locationaa	WDR17_p.Asn618Lys	1
by_gender	male	locationaa	WDR33_p.Arg1257Gln	1
by_gender	male	locationaa	WDR37_p.Arg271Ser	1
by_gender	male	locationaa	WDR3_p.Leu113Phe	1
by_gender	male	locationaa	WDR3_p.Leu349CysfsTer8	1
by_gender	male	locationaa	WDR47_p.Asp78Tyr	1
by_gender	male	locationaa	WDR48_p.Arg673His	1
by_gender	male	locationaa	WDR6_p.Asp240Asn	1
by_gender	male	locationaa	WDR82_p.Asp278Tyr	1
by_gender	male	locationaa	WDR89_p.Leu18Ile	1
by_gender	male	locationaa	WFIKKN2_p.Ala310ProfsTer18	1
by_gender	male	locationaa	WLS_p.Asp301Asn	1
by_gender	male	locationaa	WNK4_p.Arg670Cys	1
by_gender	male	locationaa	WNT3A_p.Arg250His	1
by_gender	male	locationaa	WNT3A_p.Asp158Asn	1
by_gender	male	locationaa	WNT7B_p.Arg102His	1
by_gender	male	locationaa	WRN_p.Arg196Cys	1
by_gender	male	locationaa	WWC3_p.Lys886Arg	1
by_gender	male	locationaa	XIRP2_p.Pro54Ala	1
by_gender	male	locationaa	XIRP2_p.Val517Ala	1
by_gender	male	locationaa	XKR4_p.Ser229Arg	1
by_gender	male	locationaa	XPO7_p.Arg605His	1
by_gender	male	locationaa	XXYLT1_p.Asn272Asp	1
by_gender	male	locationaa	XYLT1_p.Arg277Cys	1
by_gender	male	locationaa	YLPM1_p.Arg1573Gln	1
by_gender	male	locationaa	YWHAE_p.Ala11Val	1
by_gender	male	locationaa	ZAN_p.Gly2302Arg	1
by_gender	male	locationaa	ZAN_p.Leu878ThrfsTer13	1
by_gender	male	locationaa	ZAN_p.Pro1339Leu	1
by_gender	male	locationaa	ZAP70_p.Ala272Thr	1
by_gender	male	locationaa	ZBED4_p.Val825Met	1
by_gender	male	locationaa	ZBP1_p.Asn270His	1
by_gender	male	locationaa	ZBTB17_p.Gly620Trp	1
by_gender	male	locationaa	ZBTB38_p.Thr551AsnfsTer9	1
by_gender	male	locationaa	ZBTB47_p.Ala533Thr	1
by_gender	male	locationaa	ZBTB4_p.Pro123Ser	1
by_gender	male	locationaa	ZBTB7A_p.Asn455Lys	1
by_gender	male	locationaa	ZC2HC1C_p.Val163Gly	1
by_gender	male	locationaa	ZC3H11A_p.Gln128His	1
by_gender	male	locationaa	ZC3H12A_p.Ile229Val	1
by_gender	male	locationaa	ZC3H12A_p.Lys206Met	1
by_gender	male	locationaa	ZDBF2_p.Asp1839Asn	1
by_gender	male	locationaa	ZDHHC5_p.Asn465Ser	1
by_gender	male	locationaa	ZEB1_p.Leu169Ser	1
by_gender	male	locationaa	ZEB2_p.Ala612Val	1
by_gender	male	locationaa	ZEB2_p.Arg169Cys	1
by_gender	male	locationaa	ZFHX3_p.Gln1105Ter	1
by_gender	male	locationaa	ZFHX3_p.Pro2041Thr	1
by_gender	male	locationaa	ZFHX3_p.Pro2055Leu	1
by_gender	male	locationaa	ZFHX4_p.Lys1571Asn	1
by_gender	male	locationaa	ZFP42_p.Val227Ile	1
by_gender	male	locationaa	ZFP57_p.Arg223Cys	1
by_gender	male	locationaa	ZFP91_p.Arg291Ter	1
by_gender	male	locationaa	ZFPM2_p.Arg902Ter	1
by_gender	male	locationaa	ZFPM2_p.Asp39Glu	1
by_gender	male	locationaa	ZFYVE1_p.His358Tyr	1
by_gender	male	locationaa	ZHX1_p.Glu164Lys	1
by_gender	male	locationaa	ZHX3_p.Arg933Cys	1
by_gender	male	locationaa	ZIC1_p.Cys276Trp	1
by_gender	male	locationaa	ZIC5_p.Asp559Val	1
by_gender	male	locationaa	ZKSCAN2_p.Phe874Val	1
by_gender	male	locationaa	ZMAT4_p.Asp144His	1
by_gender	male	locationaa	ZMIZ2_p.Leu421Trp	1
by_gender	male	locationaa	ZMIZ2_p.Ser742Arg	1
by_gender	male	locationaa	ZMYM3_p.Gln185ThrfsTer8	1
by_gender	male	locationaa	ZMYND8_p.Asp1164Asn	1
by_gender	male	locationaa	ZMYND8_p.Val177Ile	1
by_gender	male	locationaa	ZNF114_p.Glu362Lys	1
by_gender	male	locationaa	ZNF114_p.Met265Leu	1
by_gender	male	locationaa	ZNF141_p.His329Arg	1
by_gender	male	locationaa	ZNF142_p.Arg1809Cys	1
by_gender	male	locationaa	ZNF157_p.Lys454Asn	1
by_gender	male	locationaa	ZNF180_p.Arg373Ile	1
by_gender	male	locationaa	ZNF182_p.Glu595Asp	1
by_gender	male	locationaa	ZNF184_p.Arg662Ter	1
by_gender	male	locationaa	ZNF202_p.Asp332His	1
by_gender	male	locationaa	ZNF212_p.His438Tyr	1
by_gender	male	locationaa	ZNF215_p.Asn115Ser	1
by_gender	male	locationaa	ZNF224_p.Trp551Ter	1
by_gender	male	locationaa	ZNF267_p.Glu248Gly	1
by_gender	male	locationaa	ZNF274_p.Asp135Tyr	1
by_gender	male	locationaa	ZNF276_p.Ala207Val	1
by_gender	male	locationaa	ZNF28_p.His209Gln	1
by_gender	male	locationaa	ZNF318_p.Ser1917Ile	1
by_gender	male	locationaa	ZNF341_p.Ser137Arg	1
by_gender	male	locationaa	ZNF345_p.Arg324Lys	1
by_gender	male	locationaa	ZNF365_p.Ser103Cys	1
by_gender	male	locationaa	ZNF382_p.Thr541Ile	1
by_gender	male	locationaa	ZNF385D_p.Ala346Thr	1
by_gender	male	locationaa	ZNF398_p.Arg129Gln	1
by_gender	male	locationaa	ZNF3_p.His200Arg	1
by_gender	male	locationaa	ZNF441_p.Lys422Glu	1
by_gender	male	locationaa	ZNF45_p.Arg632SerfsTer11	1
by_gender	male	locationaa	ZNF462_p.Arg1924Cys	1
by_gender	male	locationaa	ZNF468_p.His233IlefsTer3	1
by_gender	male	locationaa	ZNF470_p.Arg417Ile	1
by_gender	male	locationaa	ZNF471_p.Lys462Met	1
by_gender	male	locationaa	ZNF480_p.Ala39Val	1
by_gender	male	locationaa	ZNF496_p.Lys403Asn	1
by_gender	male	locationaa	ZNF496_p.Tyr246Cys	1
by_gender	male	locationaa	ZNF497_p.Arg482His	1
by_gender	male	locationaa	ZNF500_p.Gly262Ser	1
by_gender	male	locationaa	ZNF503_p.Val619_Pro620del	1
by_gender	male	locationaa	ZNF506_p.Lys292Arg	1
by_gender	male	locationaa	ZNF514_p.Leu219Ile	1
by_gender	male	locationaa	ZNF517_p.Arg222Gln	1
by_gender	male	locationaa	ZNF532_p.Asp25Asn	1
by_gender	male	locationaa	ZNF554_p.Gln303Ter	1
by_gender	male	locationaa	ZNF556_p.Ala168Thr	1
by_gender	male	locationaa	ZNF566_p.Tyr95MetfsTer3	1
by_gender	male	locationaa	ZNF569_p.Gly612Glu	1
by_gender	male	locationaa	ZNF577_p.Pro445GlnfsTer7	1
by_gender	male	locationaa	ZNF582_p.Gln27Pro	1
by_gender	male	locationaa	ZNF585B_p.His442Gln	1
by_gender	male	locationaa	ZNF585B_p.Ser762Asn	1
by_gender	male	locationaa	ZNF605_p.Glu621Gln	1
by_gender	male	locationaa	ZNF606_p.Ile150Met	1
by_gender	male	locationaa	ZNF611_p.Asn688Ter	1
by_gender	male	locationaa	ZNF613_p.Ser438Asn	1
by_gender	male	locationaa	ZNF615_p.Gln190Arg	1
by_gender	male	locationaa	ZNF638_p.Asn911Ser	1
by_gender	male	locationaa	ZNF648_p.Glu44Lys	1
by_gender	male	locationaa	ZNF658_p.Arg761Trp	1
by_gender	male	locationaa	ZNF671_p.Asp208Asn	1
by_gender	male	locationaa	ZNF675_p.Arg435Gln	1
by_gender	male	locationaa	ZNF676_p.Glu541Ter	1
by_gender	male	locationaa	ZNF681_p.Arg284Cys	1
by_gender	male	locationaa	ZNF681_p.Glu419Gln	1
by_gender	male	locationaa	ZNF688_p.Arg138Cys	1
by_gender	male	locationaa	ZNF692_p.Pro181Ser	1
by_gender	male	locationaa	ZNF700_p.Ser376Ter	1
by_gender	male	locationaa	ZNF700_p.Ser631Phe	1
by_gender	male	locationaa	ZNF709_p.Gly230Arg	1
by_gender	male	locationaa	ZNF70_p.Glu58Lys	1
by_gender	male	locationaa	ZNF721_p.Lys879Asn	1
by_gender	male	locationaa	ZNF746_p.Arg564Trp	1
by_gender	male	locationaa	ZNF750_p.Ala705Val	1
by_gender	male	locationaa	ZNF75A_p.Thr274Ala	1
by_gender	male	locationaa	ZNF772_p.Ser184Asn	1
by_gender	male	locationaa	ZNF773_p.Arg41Leu	1
by_gender	male	locationaa	ZNF777_p.Ala616Val	1
by_gender	male	locationaa	ZNF780A_p.Cys363Ter	1
by_gender	male	locationaa	ZNF780B_p.Gly581Arg	1
by_gender	male	locationaa	ZNF781_p.Leu294Phe	1
by_gender	male	locationaa	ZNF787_p.Arg83Trp	1
by_gender	male	locationaa	ZNF799_p.Ser259Tyr	1
by_gender	male	locationaa	ZNF804A_p.Ser765Leu	1
by_gender	male	locationaa	ZNF831_p.Ala458Val	1
by_gender	male	locationaa	ZNF835_p.Arg214His	1
by_gender	male	locationaa	ZNF99_p.His755Asn	1
by_gender	male	locationaa	ZNF99_p.Phe574Cys	1
by_gender	male	locationaa	ZNRF3_p.Gln411Ter	1
by_gender	male	locationaa	ZNRF4_p.Arg391Cys	1
by_gender	male	locationaa	ZPLD1_p.Ala373Thr	1
by_gender	male	locationaa	ZRANB3_p.Ala303Val	1
by_gender	male	locationaa	ZRANB3_p.Thr557Ala	1
by_gender	male	locationaa	ZSCAN16_p.Cys266Ter	1
by_gender	male	locationaa	ZSCAN21_p.Arg60Ter	1
by_gender	male	locationaa	ZSCAN2_p.Ala122Val	1
by_gender	male	locationaa	ZSWIM5_p.Gln830Lys	1
by_gender	male	polyphen	benign	92
by_gender	male	polyphen	possibly_damaging	93
by_gender	male	polyphen	probably_damaging	203
by_gender	male	polyphen	unknown	3
by_gender	male	sift	deleterious	141
by_gender	male	sift	deleterious_low_confidence	89
by_gender	male	sift	tolerated	116
by_gender	male	sift	tolerated_low_confidence	64
by_gender	male	variant_class	SNV	3215
by_gender	male	variant_class	deletion	159
by_gender	male	variant_class	indel	3
by_gender	male	variant_class	insertion	79
by_gender	male	variant_classification	3'Flank	8
by_gender	male	variant_classification	3'UTR	10
by_gender	male	variant_classification	5'Flank	7
by_gender	male	variant_classification	5'UTR	6
by_gender	male	variant_classification	Frame_Shift_Del	123
by_gender	male	variant_classification	Frame_Shift_Ins	69
by_gender	male	variant_classification	In_Frame_Del	23
by_gender	male	variant_classification	In_Frame_Ins	4
by_gender	male	variant_classification	Intron	30
by_gender	male	variant_classification	Missense_Mutation	2873
by_gender	male	variant_classification	Nonsense_Mutation	199
by_gender	male	variant_classification	Nonstop_Mutation	4
by_gender	male	variant_classification	RNA	28
by_gender	male	variant_classification	Silent	1
by_gender	male	variant_classification	Splice_Region	1
by_gender	male	variant_classification	Splice_Site	68
by_gender	male	variant_classification	Translation_Start_Site	2
